2015.70137     50.54       1.32
2015.70411     54.30       1.03
2015.70685     53.89       1.04
2015.70959     51.01       1.02
2015.71233     50.20       1.06
2015.71507     53.19       1.06
2015.71781     51.73       1.03
2015.72055     50.34       1.09
2015.72329     53.80       1.03
2015.72603     52.43       1.03
2015.72877     51.44       1.04
2015.73151     51.22       1.07
2015.73425     51.04       1.05
2015.73699     51.22       1.09
2015.73973     50.31       1.19
2015.74247     53.54       1.07
2015.74521     49.96       1.12
2015.74795     51.69       1.09
2015.75068     50.85       1.01
2015.75342     49.21       0.99
2015.75616     51.64       1.00
2015.75890     52.95       1.01
2015.76164     49.84       1.08
2015.76438     49.64       1.04
2015.76712     49.43       1.01
2015.76986     51.19       1.05
2015.77260     49.31       1.00
2015.77534     51.60       1.01
2015.77808     48.17       1.04
2015.78082     52.41       0.99
2015.78356     50.10       1.02
2015.78630     50.96       1.14
2015.78904     52.49       1.02
2015.79178     51.34       1.01
2015.79452     51.38       1.03
2015.79726     51.71       1.11
2015.80000     52.00       1.08
2015.80274     48.91       1.14
2015.80548     50.55       1.08
2015.80822     50.87       0.99
2015.81096     48.06       1.02
2015.81370     47.79       1.01
2015.81644     49.32       1.05
2015.81918     50.90       0.99
2015.82192     48.99       1.01
2015.82466     53.67       1.01
2015.82740     51.46       1.01
2015.83014     47.41       1.04
2015.83288     49.73       1.03
2015.83562     50.31       1.00
2015.83836     47.78       1.02
2015.84110     51.17       1.00
2015.84384     52.93       1.00
2015.84658     50.41       1.02
2015.84932     50.60       1.02
2015.85205     52.28       0.98
2015.85479     50.39       1.02
2015.85753     51.88       1.00
2015.86027     51.15       1.01
2015.86301     51.92       1.03
2015.86575     52.49       1.05
2015.86849     49.21       1.05
2015.87123     52.53       1.03
2015.87397     54.13       1.07
2015.87671     50.89       1.02
2015.87945     51.00       1.03
2015.88219     48.00       1.03
2015.88493     50.07       1.08
2015.88767     51.23       1.04
2015.89041     49.89       1.03
2015.89315     49.36       1.03
2015.89589     50.75       1.04
2015.89863     48.62       1.06
2015.90137     49.99       1.02
2015.90411     50.65       1.04
2015.90685     52.02       1.02
2015.90959     53.77       1.05
2015.91233     51.12       1.02
2015.91507     51.44       1.03
2015.91781     50.32       1.04
2015.92055     49.80       1.03
2015.92329     50.12       1.01
2015.92603     49.78       1.03
2015.92877     52.33       1.02
2015.93151     51.39       1.06
2015.93425     48.77       1.06
2015.93699     49.56       1.05
2015.93973     49.46       1.06
2015.94247     50.48       1.09
2015.94521     48.76       1.04
2015.94795     49.12       1.05
2015.95068     48.47       1.06
2015.95342     46.77       1.03
2015.95616     48.06       1.04
2015.95890     48.11       1.05
2015.96164     47.54       1.05
2015.96438     48.41       1.02
2015.96712     49.43       1.03
2015.96986     48.70       1.03
2015.97260     49.48       1.01
2015.97534     46.63       1.01
2015.97808     49.15       1.01
2015.98082     49.74       1.01
2015.98356     48.19       1.03
2015.98630     48.35       1.02
2015.98904     49.89       1.02
2015.99178     47.62       1.01
2015.99452     47.73       0.99
2015.99726     48.29       0.98
2016.00000     47.08       1.02
2016.00273     47.59       1.06
2016.00546     47.54       1.04
2016.00820     48.03       1.02
2016.01093     47.54       1.03
2016.01366     46.37       1.04
2016.01639     47.72       1.05
2016.01913     48.18       1.04
2016.02186     47.77       1.05
2016.02459     48.17       1.01
2016.02732     48.33       1.04
2016.03005     46.81       1.05
2016.03279     46.08       1.05
2016.03552     47.12       1.03
2016.03825     48.60       1.05
2016.04098     45.01       1.04
2016.04372     49.52       1.04
2016.04645     47.99       1.03
2016.04918     46.29       1.02
2016.05191     47.17       1.02
2016.05464     46.14       0.98
2016.05738     44.23       1.01
2016.06011     45.68       1.02
2016.06284     45.01       1.04
2016.06557     44.34       1.00
2016.06831     47.66       1.02
2016.07104     45.20       1.04
2016.07377     48.54       1.07
2016.07650     50.42       1.09
2016.07923     45.80       1.05
2016.08197     45.68       1.08
2016.08470     47.20       1.01
2016.08743     47.28       1.00
2016.09016     47.07       1.03
2016.09290     46.26       1.05
2016.09563     50.19       1.01
2016.09836     70.17       1.02
2016.10109     69.96       1.00
2016.10383     67.83       1.06
2016.10656     67.49       1.04
2016.10929     68.34       0.99
2016.11202     70.54       1.05
2016.11475     66.51       1.05
2016.11749     65.11       1.03
2016.12022     67.47       1.06
2016.12295     65.75       1.00
2016.12568     65.98       1.02
2016.12842     65.29       1.05
2016.13115     63.74       1.03
2016.13388     66.78       1.00
2016.13661     63.92       1.02
2016.13934     63.37       1.02
2016.14208     64.19       1.01
2016.14481     62.49       1.02
2016.14754     61.01       1.02
2016.15027     61.48       1.00
2016.15301     62.40       1.02
2016.15574     62.91       1.05
2016.15847     59.80       1.02
2016.16120     60.95       1.04
2016.16393     61.16       1.04
2016.16667     59.59       1.03
2016.16940     62.58       1.02
2016.17213     62.72       1.05
2016.17486     60.46       1.03
2016.17760     59.13       1.01
2016.18033     56.95       1.02
2016.18306     60.16       1.03
2016.18579     59.43       1.06
2016.18852     58.50       1.06
2016.19126     59.04       0.99
2016.19399     59.87       1.01
2016.19672     60.73       1.02
2016.19945     57.93       0.98
2016.20219     56.51       1.02
2016.20492     59.92       1.02
2016.20765     59.64       1.02
2016.21038     56.75       1.03
2016.21311     57.83       1.04
2016.21585     57.80       1.03
2016.21858     59.79       1.01
2016.22131     55.97       1.03
2016.22404     56.12       1.07
2016.22678     57.51       1.03
2016.22951     56.24       1.02
2016.23224     54.77       1.02
2016.23497     57.52       1.03
2016.23770     54.41       1.02
2016.24044     57.06       1.02
2016.24317     55.17       1.00
2016.24590     54.09       1.04
2016.24863     54.89       1.33
2016.25137     55.70       1.02
2016.25410     54.21       1.00
2016.25683     56.71       1.03
2016.25956     52.27       1.00
2016.26230     55.43       1.01
2016.26503     51.33       1.05
2016.26776     55.50       1.01
2016.27049     54.88       1.02
2016.27322     54.40       1.04
2016.27596     54.46       1.05
2016.27869     52.37       1.05
2016.28142     54.47       1.07
2016.28415     56.28       1.16
2016.28689     54.50       1.07
2016.28962     50.63       1.01
2016.29235     53.33       1.02
2016.29508     53.23       1.00
2016.29781     53.11       1.04
2016.30055     51.98       1.06
2016.30328     50.84       1.00
2016.30601     52.60       1.01
2016.30874     53.63       1.03
2016.31148     51.39       1.02
2016.31421     49.13       1.02
2016.31694     51.41       1.01
2016.31967     48.77       1.05
2016.32240     50.66       1.01
2016.32514     51.51       1.04
2016.32787     51.45       1.02
2016.33060     50.06       1.02
2016.33333     47.38       1.05
2016.33607     47.13       1.00
2016.33880     50.74       1.07
2016.34153     47.14       1.06
2016.34426     47.55       1.05
2016.34699     48.06       1.03
2016.34973     49.13       1.01
2016.35246     48.08       1.04
2016.35519     50.98       1.08
2016.35792     47.16       1.04
2016.36066     46.35       1.04
2016.36339     44.56       1.24
2016.36612     48.37       1.01
2016.36885     48.48       1.03
2016.37158     49.12       1.02
2016.37432     45.42       1.01
2016.37705     46.54       1.00
2016.37978     45.50       0.99
2016.38251     46.14       1.04
2016.38525     49.42       1.01
2016.38798     46.53       1.09
2016.39071     45.88       1.08
2016.39344     47.50       1.01
2016.39617     48.50       1.08
2016.39891     47.81       1.01
2016.40164     47.88       1.06
2016.40437     43.18       0.99
2016.40710     48.51       0.98
2016.40984     47.99       1.00
2016.41257     47.35       1.02
2016.41530     43.37       1.02
2016.41803     46.48       1.01
2016.42077     46.00       1.01
2016.42350     45.26       1.03
2016.42623     44.60       1.07
2016.42896     46.74       1.02
2016.43169     47.25       1.04
2016.43443     44.41       1.02
2016.43716     44.21       1.03
2016.43989     48.03       1.03
2016.44262     45.76       1.03
2016.44536     45.69       1.05
2016.44809     49.62       1.06
2016.45082     45.35       1.05
2016.45355     45.29       1.04
2016.45628     45.26       1.05
2016.45902     44.60       0.99
2016.46175     46.62       1.03
2016.46448     43.73       1.10
2016.46721     43.70       1.00
2016.46995     42.80       1.03
2016.47268     45.34       0.99
2016.47541     45.18       1.01
2016.47814     45.00       1.07
2016.48087     41.73       1.06
2016.48361     46.60       1.04
2016.48634     44.12       1.01
2016.48907     44.81       1.02
2016.49180     45.80       1.03
2016.49454     44.49       1.04
2016.49727     42.62       1.02
2016.50000     42.04       1.00
2016.50273     46.51       1.06
2016.50546     44.21       1.03
2016.50820     44.33       1.02
2016.51093     43.95       1.05
2016.51366     42.36       1.03
2016.51639     43.50       1.09
2016.51913     45.22       1.05
2016.52186     41.90       1.04
2016.52459     45.52       1.10
2016.52732     40.94       1.10
2016.53005     44.72       0.99
2016.53279     41.73       1.00
2016.53552     41.15       1.03
2016.53825     41.53       1.03
2016.54098     44.16       1.01
2016.54372     39.46       1.07
2016.54645     43.65       1.01
2016.54918     42.38       1.00
2016.55191     38.82       1.01
2016.55464     38.91       1.05
2016.55738     41.20       1.08
2016.56011     41.19       1.03
2016.56284     43.71       1.00
2016.56557     40.91       1.02
2016.56831     42.13       1.02
2016.57104     40.46       1.00
2016.57377     43.22       1.07
2016.57650     43.17       1.10
2016.57923     40.55       1.04
2016.58197     39.92       1.03
2016.58470     41.12       1.02
2016.58743     41.02       1.03
2016.59016     43.38       1.02
2016.59290     41.00       1.01
2016.59563     42.35       1.05
2016.59836     40.55       1.06
2016.60109     43.19       1.05
2016.60383     37.22       1.08
2016.60656     42.18       1.06
2016.60929     39.47       1.06
2016.61202     39.16       1.03
2016.61475     39.97       1.02
2016.61749     39.42       1.02
2016.62022     40.29       1.07
2016.62295     40.22       1.10
2016.62568     42.80       1.03
2016.62842     40.21       1.03
2016.63115     39.84       1.09
2016.63388     37.81       1.04
2016.63661     38.79       1.06
2016.63934     38.09       1.05
2016.64208     34.58       1.10
2016.64481     39.40       1.08
2016.64754     39.55       1.05
2016.65027     41.11       1.08
2016.65301     37.53       1.14
2016.65574     38.33       1.02
2016.65847     33.49       1.10
2016.66120     39.03       1.01
2016.66393     38.48       1.24
2016.66667     40.35       1.03
2016.66940     38.98       1.15
2016.67213     36.82       1.02
2016.67486     32.67       1.06
2016.67760     36.86       1.06
2016.68033     40.17       1.11
2016.68306     36.08       1.09
2016.68579     38.95       1.09
2016.68852     37.61       1.07
2016.69126     36.51       1.01
2016.69399     37.86       0.99
2016.69672     35.61       1.01
2016.69945     35.44       1.02
2016.70219     37.28       1.11
2016.70492     37.17       1.08
2016.70765     35.09       1.07
2016.71038     36.78       1.01
2016.71311     36.73       0.97
2016.71585     30.00       1.00
2016.71858     35.88       1.01
2016.72131     35.56       0.97
2016.72404     33.92       1.04
2016.72678     33.86       1.04
2016.72951     34.74       1.04
2016.73224     37.24       1.02
2016.73497     36.21       1.00
2016.73770     32.87       1.43
2016.74044     34.41       1.18
2016.74317     31.13       0.98
2016.74590     38.12       1.07
2016.74863     33.75       1.01
2016.75137     35.29       1.01
2016.75410     34.30       0.98
2016.75683     33.10       1.02
2016.75956     35.81       1.02
2016.76230     34.77       1.01
2016.76503     33.80       1.05
2016.76776     33.90       1.05
2016.77049     33.85       1.03
2016.77322     35.55       1.01
2016.77596     35.81       1.06
2016.77869     32.98       1.00
2016.78142     33.88       1.00
2016.78415     33.27       1.00
2016.78689     30.02       1.06
2016.78962     34.53       1.02
2016.79235     33.71       1.06
2016.79508     33.34       1.01
2016.79781     35.68       1.02
2016.80055     33.26       1.11
2016.80328     34.53       1.33
2016.80601     36.97       1.01
2016.80874     35.25       1.01
2016.81148     35.65       1.03
2016.81421     33.77       1.05
2016.81694     31.75       1.00
2016.81967     30.40       1.04
2016.82240     32.30       1.01
2016.82514     32.45       1.05
2016.82787     29.69       1.04
2016.83060     31.38       1.03
2016.83333     32.70       1.03
2016.83607     31.17       1.02
2016.83880     32.53       1.03
2016.84153     33.02       1.02
2016.84426     32.91       1.00
2016.84699     34.88       1.03
2016.84973     33.21       1.02
2016.85246     32.27       1.05
2016.85519     32.82       1.03
2016.85792     31.55       1.07
2016.86066     32.03       1.02
2016.86339     33.95       1.06
2016.86612     30.62       1.06
2016.86885     33.52       1.04
2016.87158     33.23       1.06
2016.87432     31.57       1.04
2016.87705     34.14       1.04
2016.87978     35.03       1.04
2016.88251     32.89       1.06
2016.88525     31.30       1.04
2016.88798     28.57       1.06
2016.89071     32.12       1.03
2016.89344     31.89       1.04
2016.89617     34.28       1.02
2016.89891     33.08       1.03
2016.90164     33.81       1.05
2016.90437     31.25       1.08
2016.90710     29.95       1.05
2016.90984     30.22       1.01
2016.91257     30.59       1.03
2016.91530     29.61       1.03
2016.91803     30.08       1.02
2016.92077     29.73       1.02
2016.92350     31.55       1.04
2016.92623     30.79       1.05
2016.92896     29.85       1.00
2016.93169     30.67       0.99
2016.93443     29.69       1.00
2016.93716     30.37       1.05
2016.93989     29.37       1.01
2016.94262     30.12       0.99
2016.94536     30.10       1.02
2016.94809     28.68       1.02
2016.95082     29.34       1.01
2016.95355     28.71       1.03
2016.95628     28.12       1.00
2016.95902     30.67       1.02
2016.96175     28.53       1.00
2016.96448     29.27       1.00
2016.96721     27.36       1.02
2016.96995     30.99       1.00
2016.97268     31.30       1.01
2016.97541     30.84       1.01
2016.97814     31.21       0.99
2016.98087     29.80       1.01
2016.98361     30.53       1.01
2016.98634     29.29       1.01
2016.98907     30.04       1.01
2016.99180     29.95       0.99
2016.99454     31.55       0.99
2016.99727     30.16       1.02
2017.00000     27.30       1.01
2017.00274     28.31       1.00
2017.00548     29.35       1.01
2017.00822     30.58       0.99
2017.01096     30.45       0.99
2017.01370     30.44       1.00
2017.01644     30.84       1.00
2017.01918     30.76       0.98
2017.02192     30.85       0.99
2017.02466     28.43       1.03
2017.02740     28.86       0.99
2017.03014     30.20       1.01
2017.03288     28.70       0.97
2017.03562     30.43       0.98
2017.03836     28.74       1.00
2017.04110     28.86       1.02
2017.04384     30.96       1.07
2017.04658     30.14       1.04
2017.04932     28.79       1.00
2017.05205     29.66       1.01
2017.05479     28.30       0.99
2017.05753     28.19       1.00
2017.06027     28.37       1.01
2017.06301     29.23       1.01
2017.06575     29.14       0.99
2017.06849     28.51       0.94
2017.07123     27.55       0.98
2017.07397     29.06       0.99
2017.07671     27.99       0.98
2017.07945     29.12       0.98
2017.08219     27.88       0.98
2017.08493     28.07       0.96
2017.08767     28.60       0.97
2017.09041     27.02       0.99
2017.09315     28.84       0.98
2017.09589     28.36       0.96
2017.09863     27.74       0.97
2017.10137     27.98       0.99
2017.10411     27.39       0.99
2017.10685     25.12       0.98
2017.10959     28.30       0.96
2017.11233     26.00       0.95
2017.11507     27.57       0.96
2017.11781     26.71       0.95
2017.12055     24.89       0.96
2017.12329     28.22       0.97
2017.12603     26.41       0.97
2017.12877     27.92       0.99
2017.13151     28.39       0.96
2017.13425     26.59       1.02
2017.13699     27.47       0.98
2017.13973     26.42       0.99
2017.14247     26.14       0.99
2017.14521     26.22       0.95
2017.14795     25.57       0.97
2017.15068     27.53       0.94
2017.15342     24.28       0.96
2017.15616     28.04       0.99
2017.15890     24.72       0.97
2017.16164     27.24       0.96
2017.16438     26.59       0.95
2017.16712     27.17       0.96
2017.16986     27.94       0.96
2017.17260     24.08       0.96
2017.17534     23.93       0.99
2017.17808     24.54       0.97
2017.18082     25.24       1.01
2017.18356     26.03       0.96
2017.18630     24.23       1.00
2017.18904     24.05       0.96
2017.19178     25.08       0.96
2017.19452     24.61       0.99
2017.19726     25.48       0.97
2017.20000     25.71       0.97
2017.20274     24.60       0.97
2017.20548     25.15       0.98
2017.20822     23.57       1.01
2017.21096     24.35       1.01
2017.21370     24.90       1.00
2017.21644     25.47       0.98
2017.21918     24.36       1.00
2017.22192     26.33       1.03
2017.22466     24.55       1.01
2017.22740     23.39       1.02
2017.23014     24.67       1.01
2017.23288     27.63       1.02
2017.23562     25.74       1.01
2017.23836     26.94       0.99
2017.24110     23.35       0.99
2017.24384     23.52       0.99
2017.24658     23.56       1.01
2017.24932     23.04       1.00
2017.25205     25.34       0.97
2017.25479     25.63       0.97
2017.25753     22.77       1.00
2017.26027     26.19       0.99
2017.26301     23.87       0.98
2017.26575     26.56       0.99
2017.26849     26.35       1.02
2017.27123     24.24       0.98
2017.27397     24.06       1.02
2017.27671     25.29       1.04
2017.27945     22.10       1.00
2017.28219     24.26       0.99
2017.28493     22.15       0.98
2017.28767     21.38       1.01
2017.29041     25.22       0.99
2017.29315     25.18       0.98
2017.29589     23.68       1.08
2017.29863     23.54       1.00
2017.30137     21.58       1.03
2017.30411     22.58       1.00
2017.30685     20.34       0.99
2017.30959     24.08       1.01
2017.31233     23.07       0.97
2017.31507     21.03       1.00
2017.31781     20.37       0.98
2017.32055     21.49       0.98
2017.32329     19.62       1.00
2017.32603     23.49       0.98
2017.32877     21.43       0.98
2017.33151     20.90       1.00
2017.33425     19.69       0.98
2017.33699     19.86       0.97
2017.33973     21.70       1.04
2017.34247     21.81       0.99
2017.34521     21.66       1.02
2017.34795     20.79       0.99
2017.35068     20.73       0.98
2017.35342     20.34       1.02
2017.35616     23.55       1.04
2017.35890     22.64       0.98
2017.36164     19.31       0.98
2017.36438     22.72       0.98
2017.36712     21.79       1.03
2017.36986     19.11       1.02
2017.37260     20.16       0.99
2017.37534     17.68       0.99
2017.37808     19.53       0.99
2017.38082     21.88       1.00
2017.38356     22.15       0.98
2017.38630     21.29       0.99
2017.38904     19.30       1.03
2017.39178     21.20       1.01
2017.39452     18.59       0.97
2017.39726     20.84       0.98
2017.40000     19.22       0.96
2017.40274     19.28       1.01
2017.40548     20.03       1.00
2017.40822     20.22       1.01
2017.41096     20.76       0.98
2017.41370     20.86       1.04
2017.41644     21.11       1.00
2017.41918     19.14       1.06
2017.42192     20.44       1.04
2017.42466     18.81       1.01
2017.42740     20.40       1.01
2017.43014     19.98       1.02
2017.43288     22.03       1.09
2017.43562     20.61       1.04
2017.43836     20.65       1.05
2017.44110     20.44       1.01
2017.44384     16.22       1.08
2017.44658     17.36       1.10
2017.44932     16.39       1.09
2017.45205     17.90       1.11
2017.45479     18.96       1.13
2017.45753     18.64       1.08
2017.46027     19.74       1.10
2017.46301     21.28       1.06
2017.46575     20.69       1.09
2017.46849     19.94       1.07
2017.47123     19.17       1.03
2017.47397     17.08       1.07
2017.47671     19.85       1.07
2017.47945     18.48       1.04
2017.48219     17.95       1.05
2017.48493     19.60       1.03
2017.48767     17.71       1.06
2017.49041     14.27       1.11
2017.49315     15.63       1.09
2017.49589     20.01       1.05
2017.49863     18.59       1.12
2017.50137     12.32       1.08
2017.50411     21.95       1.08
2017.50685     17.32       1.03
2017.50959     15.65       1.14
2017.51233     17.15       1.08
2017.51507     21.66       1.03
2017.51781     15.88       1.05
2017.52055     17.99       1.05
2017.52329     18.65       1.06
2017.52603     15.59       1.07
2017.52877     18.72       1.09
2017.53151     18.99       1.09
2017.53425     16.21       1.12
2017.53699     18.46       1.11
2017.53973     16.54       1.02
2017.54247     16.58       1.07
2017.54521     17.98       1.07
2017.54795     18.56       1.04
2017.55068     16.55       1.08
2017.55342     17.79       1.04
2017.55616     17.16       1.03
2017.55890     11.41       1.15
2017.56164     15.28       1.08
2017.56438     15.55       1.04
2017.56712     14.02       1.05
2017.56986     17.54       1.02
2017.57260     18.93       1.02
2017.57534     16.70       1.15
2017.57808     17.82       1.12
2017.58082     11.27       1.14
2017.58356     16.36       1.02
2017.58630     14.13       1.09
2017.58904     14.94       1.08
2017.59178     14.46       1.00
2017.59452     14.72       1.03
2017.59726     12.62       1.02
2017.60000     15.34       1.02
2017.60274     13.03       1.06
2017.60548     15.95       1.10
2017.60822     14.00       1.02
2017.61096     15.42       1.02
2017.61370     14.36       1.01
2017.61644     14.86       1.02
2017.61918     14.63       1.05
2017.62192     12.27       1.04
2017.62466     14.10       1.03
2017.62740     12.64       1.07
2017.63014     11.89       1.01
2017.63288     13.76       1.03
2017.63562     13.10       1.07
2017.63836     13.83       1.02
2017.64110     14.42       1.02
2017.64384     14.20       1.01
2017.64658     10.45       1.09
2017.64932     12.17       1.02
2017.65205     12.95       1.00
2017.65479      8.96       1.05
2017.65753     12.63       1.04
2017.66027     12.91       1.09
2017.66301     11.36       1.12
2017.66575     11.49       1.08
2017.66849      9.45       1.05
2017.67123     13.65       1.11
2017.67397      7.52       1.10
2017.67671     12.72       1.04
2017.67945     12.75       1.00
2017.68219     14.70       1.01
2017.68493     13.32       1.02
2017.68767     11.08       1.06
2017.69041     13.52       1.08
2017.69315      9.03       1.06
2017.69589     13.94       1.09
2017.69863     11.94       1.08
2017.70137     11.07       1.10
2017.70411      8.74       1.03
2017.70685     11.37       1.04
2017.70959     13.02       1.07
2017.71233     10.35       1.03
2017.71507     12.44       1.05
2017.71781      9.37       1.04
2017.72055     14.04       1.03
2017.72329      9.41       1.04
2017.72603     11.19       1.01
2017.72877     14.49       1.00
2017.73151     16.64       1.05
2017.73425     13.93       1.06
2017.73699     12.67       1.02
2017.73973      9.30       1.02
2017.74247     11.31       1.15
2017.74521     10.86       1.05
2017.74795     11.46       1.03
2017.75068     10.66       1.07
2017.75342     10.14       1.06
2017.75616     13.05       1.07
2017.75890     12.66       1.05
2017.76164      9.92       1.02
2017.76438      9.02       1.09
2017.76712     11.42       1.05
2017.76986      7.22       1.06
2017.77260      9.80       1.05
2017.77534     10.34       1.09
2017.77808      7.68       1.11
2017.78082      7.66       1.09
2017.78356      5.59       1.20
2017.78630      9.88       1.11
2017.78904      7.53       1.09
2017.79178      6.63       1.06
2017.79452     11.13       1.05
2017.79726      7.53       1.09
2017.80000      9.67       1.06
2017.80274      6.66       1.08
2017.80548     11.74       1.06
2017.80822      9.00       1.07
2017.81096      8.60       1.06
2017.81370      8.01       1.03
2017.81644      8.06       1.02
2017.81918      7.87       1.11
2017.82192     10.54       1.07
2017.82466      8.87       1.08
2017.82740      8.34       1.05
2017.83014      7.52       1.09
2017.83288      8.13       1.07
2017.83562      9.76       1.10
2017.83836      8.36       1.08
2017.84110      6.14       1.06
2017.84384      8.33       1.06
2017.84658      8.10       1.08
2017.84932      9.19       1.07
2017.85205      6.23       1.06
2017.85479      7.77       1.10
2017.85753      9.16       1.13
2017.86027      8.90       1.03
2017.86301      8.84       1.02
2017.86575      8.87       1.04
2017.86849      7.25       1.04
2017.87123      6.78       1.01
2017.87397      7.47       1.04
2017.87671      5.22       1.07
2017.87945      5.46       1.06
2017.88219      8.70       1.08
2017.88493      8.37       1.03
2017.88767      6.71       1.04
2017.89041      4.75       1.08
2017.89315      5.42       1.04
2017.89589      9.08       1.05
2017.89863      8.14       1.05
2017.90137      7.16       1.01
2017.90411      6.40       1.05
2017.90685      7.35       1.04
2017.90959      7.66       1.04
2017.91233      6.53       1.05
2017.91507      6.56       1.06
2017.91781      6.92       1.04
2017.92055      7.58       1.07
2017.92329      1.14       1.05
2017.92603      6.20       1.03
2017.92877      5.37       1.07
2017.93151      6.72       1.03
2017.93425      6.90       1.05
2017.93699      7.53       1.04
2017.93973      7.60       1.03
2017.94247      4.81       1.06
2017.94521      8.79       1.05
2017.94795      7.10       1.06
2017.95068      3.93       1.08
2017.95342      6.90       1.06
2017.95616      3.53       1.05
2017.95890      4.63       1.06
2017.96164      7.85       1.07
2017.96438      3.33       1.13
2017.96712      6.04       1.07
2017.96986      6.67       1.05
2017.97260      6.17       1.05
2017.97534      6.01       1.04
2017.97808      5.72       1.05
2017.98082      5.48       1.04
2017.98356      5.66       1.06
2017.98630      8.15       1.04
2017.98904      6.96       1.08
2017.99178      8.26       1.02
2017.99452      6.21       1.04
2017.99726      5.76       1.04
2018.00000      7.18       1.05
2018.00274      6.82       1.01
2018.00548      7.93       1.06
2018.00822      7.18       1.07
2018.01096      6.23       1.05
2018.01370      8.17       1.06
2018.01644      7.29       1.05
2018.01918      5.69       1.08
2018.02192      5.61       1.05
2018.02466      5.31       1.04
2018.02740      4.69       1.06
2018.03014      5.21       1.04
2018.03288      6.29       1.03
2018.03562      5.71       1.03
2018.03836      6.05       1.05
2018.04110      7.08       1.03
2018.04384      4.26       1.04
2018.04658      6.26       1.02
2018.04932      7.20       1.36
2018.05205      5.62       1.03
2018.05479      7.95       1.05
2018.05753      5.51       1.06
2018.06027      4.09       1.08
2018.06301      3.61       1.04
2018.06575      5.10       1.07
2018.06849      5.39       1.03
2018.07123      4.61       1.05
2018.07397      4.38       1.04
2018.07671      5.70       1.07
2018.07945      5.36       1.04
2018.08219      5.10       1.02
2018.08493      6.90       1.04
2018.08767      5.79       1.02
2018.09041      4.46       1.04
2018.09315      5.06       1.03
2018.09589      6.11       1.03
2018.09863      5.76       1.03
2018.10137      3.24       1.03
2018.10411      5.17       1.06
2018.10685      5.29       1.02
2018.10959      4.71       1.01
2018.11233      4.45       1.01
2018.11507      5.17       1.03
2018.11781      7.04       1.04
2018.12055      5.82       1.02
2018.12329      7.61       1.01
2018.12603      6.46       1.04
2018.12877      6.10       1.01
2018.13151      6.61       1.01
2018.13425      7.71       1.01
2018.13699      5.54       1.01
2018.13973      6.67       1.03
2018.14247      5.57       1.02
2018.14521      5.50       1.04
2018.14795      3.75       1.05
2018.15068      3.69       0.99
2018.15342      4.80       1.01
2018.15616      5.02       1.04
2018.15890      5.20       1.02
2018.16164      7.19       1.00
2018.16438      3.57       1.02
2018.16712      5.65       1.05
2018.16986      6.95       1.02
2018.17260      6.27       1.02
2018.17534      4.34       1.02
2018.17808      3.82       1.03
2018.18082      3.10       1.09
2018.18356      3.48       1.07
2018.18630      7.03       1.08
2018.18904      5.01       1.10
2018.19178      4.16       1.02
2018.19452      3.74       1.07
2018.19726      3.41       1.06
2018.20000      2.68       1.16
2018.20274      1.62       1.08
2018.20548      2.38       1.07
2018.20822      2.62       1.06
2018.21096      4.18       1.18
2018.21370      0.23       1.08
2018.21644      2.05       1.06
2018.21918      4.69       1.08
2018.22192      2.95       1.07
2018.22466      2.11       1.07
2018.22740      4.41       1.13
2018.23014      2.79       1.05
2018.23288      2.89       1.15
2018.23562      3.43       1.28
2018.23836      2.19       1.04
2018.24110      0.09       1.03
2018.24384      2.76       1.05
2018.24658      2.68       1.04
2018.24932      1.32       1.03
2018.25205      3.13       1.05
2018.25479      3.11       1.05
2018.25753      3.61       1.06
2018.26027      3.74       1.09
2018.26301      2.69       1.04
2018.26575      2.13       1.05
2018.26849      2.94       1.05
2018.27123      1.74       1.03
2018.27397      3.55       1.06
2018.27671      2.42       1.07
2018.27945     -1.22       1.16
2018.28219     -0.37       1.09
2018.28493      0.86       1.05
2018.28767     -0.05       1.03
2018.29041     -1.07       1.08
2018.29315     -0.03       1.10
2018.29589      0.89       1.09
2018.29863      0.15       1.07
2018.30137      2.40       1.05
2018.30411      0.85       1.06
2018.30685      3.02       1.06
2018.30959      0.79       1.04
2018.31233      0.61       1.01
2018.31507      1.39       1.66
2018.31781      0.63       1.04
2018.32055     -0.15       1.02
2018.32329     -0.48       1.01
2018.32603     -0.21       1.03
2018.32877     -0.04       1.05
2018.33151      0.08       1.02
2018.33425      2.06       1.04
2018.33699     -0.38       1.05
2018.33973     -2.65       1.01
2018.34247      1.00       1.01
2018.34521      1.48       1.06
2018.34795     -1.62       1.09
2018.35068      1.55       1.06
2018.35342     -0.80       1.03
2018.35616     -0.08       1.07
2018.35890     -0.16       1.02
2018.36164      2.64       1.04
2018.36438      0.10       1.02
2018.36712     -2.26       1.02
2018.36986     -0.25       1.05
2018.37260      3.06       1.05
2018.37534      1.23       1.05
2018.37808     -0.04       1.05
2018.38082     -1.86       1.08
2018.38356     -1.15       1.04
2018.38630     -1.32       1.04
2018.38904      0.79       1.06
2018.39178      2.55       1.08
2018.39452     -1.62       1.02
2018.39726      2.51       1.09
2018.40000     -2.15       1.07
2018.40274     -2.66       1.09
2018.40548     -2.66       1.06
2018.40822     -0.83       1.06
2018.41096     -0.64       1.07
2018.41370     -0.98       1.07
2018.41644     -2.08       1.04
2018.41918     -1.67       1.07
2018.42192      1.92       1.06
2018.42466      0.46       1.06
2018.42740     -0.78       1.08
2018.43014     -4.78       1.11
2018.43288     -1.39       1.05
2018.43562      0.21       1.07
2018.43836      3.02       1.15
2018.44110     -1.43       1.06
2018.44384     -0.29       1.08
2018.44658     -5.52       1.03
2018.44932     -2.26       1.15
2018.45205     -2.55       1.04
2018.45479     -5.19       1.07
2018.45753     -2.01       1.04
2018.46027     -1.28       1.13
2018.46301     -3.39       1.05
2018.46575      2.11       1.06
2018.46849     -1.88       1.06
2018.47123      0.52       1.07
2018.47397     -2.44       1.07
2018.47671     -1.71       1.03
2018.47945     -1.93       1.06
2018.48219     -1.26       1.06
2018.48493     -1.21       1.05
2018.48767     -1.37       1.03
2018.49041     -2.61       1.04
2018.49315    -10.20       1.09
2018.49589     -8.19       1.16
2018.49863     -0.26       1.11
2018.50137     -0.63       1.21
2018.50411     -0.92       1.13
2018.50685     -2.51       1.07
2018.50959     -4.10       1.04
2018.51233     -0.59       1.11
2018.51507     -0.70       1.10
2018.51781     -3.52       1.05
2018.52055     -2.91       1.38
2018.52329     -3.75       1.14
2018.52603     -3.75       1.09
2018.52877     -1.55       1.08
2018.53151     -1.05       1.04
2018.53425     -0.87       1.08
2018.53699     -3.31       1.40
2018.53973     -2.27       1.04
2018.54247     -6.16       1.03
2018.54521     -2.49       1.07
2018.54795     -2.65       1.12
2018.55068     -5.01       1.12
2018.55342     -3.72       1.11
2018.55616     -3.14       1.11
2018.55890     -2.90       1.08
2018.56164     -3.82       1.08
2018.56438     -3.11       1.09
2018.56712     -4.62       1.45
2018.56986     -0.77       1.12
2018.57260     -6.13       1.17
2018.57534     -2.79       1.10
2018.57808     -8.65       1.17
2018.58082     -6.73       1.16
2018.58356     -7.95       1.17
2018.58630     -6.64       1.10
2018.58904     -8.88       1.07
2018.59178     -7.40       1.06
2018.59452     -9.75       1.10
2018.59726     -5.79       1.11
2018.60000     -5.74       1.13
2018.60274     -8.12       1.15
2018.60548     -6.63       1.14
2018.60822     -7.65       1.11
2018.61096     -9.96       1.11
2018.61370     -8.28       1.08
2018.61644     -5.90       1.10
2018.61918     -5.79       1.18
2018.62192    -11.84       1.12
2018.62466     -5.93       1.09
2018.62740     -8.31       1.07
2018.63014     -6.96       1.07
2018.63288     -7.83       1.13
2018.63562     -6.21       1.08
2018.63836     -5.85       1.17
2018.64110     -7.04       1.24
2018.64384     -4.34       1.47
2018.64658     -8.12       1.07
2018.64932     -8.01       1.12
2018.65205     -5.16       1.12
2018.65479     -7.39       1.12
2018.65753     -7.30       1.11
2018.66027     -8.16       1.07
2018.66301     -7.39       1.06
2018.66575     -5.46       1.07
2018.66849     -7.72       1.09
2018.67123     -6.06       1.08
2018.67397    -10.79       1.05
2018.67671    -10.72       1.12
2018.67945     -7.27       1.17
2018.68219     -9.37       1.18
2018.68493     -7.03       1.09
2018.68767     -8.95       1.10
2018.69041    -12.04       1.10
2018.69315     -9.09       1.14
2018.69589     -6.91       1.10
2018.69863     -9.38       1.09
2018.70137     -8.68       1.17
2018.70411     -9.78       1.11
2018.70685     -9.24       1.16
2018.70959     -9.37       1.12
2018.71233     -9.89       1.10
2018.71507     -9.14       1.07
2018.71781    -11.31       1.11
2018.72055    -10.95       1.13
2018.72329    -10.54       1.10
2018.72603    -12.51       1.15
2018.72877    -11.66       1.08
2018.73151    -11.77       1.11
2018.73425    -13.61       1.11
2018.73699    -10.56       1.14
2018.73973    -11.34       1.12
2018.74247    -12.90       1.11
2018.74521    -11.70       1.08
2018.74795    -10.11       1.07
2018.75068    -12.49       1.10
2018.75342    -12.35       1.10
2018.75616    -13.01       1.10
2018.75890    -11.44       1.07
2018.76164    -10.09       1.04
2018.76438    -12.04       1.11
2018.76712    -10.86       1.08
2018.76986    -13.56       1.07
2018.77260    -12.87       1.08
2018.77534    -12.62       1.09
2018.77808    -14.14       1.13
2018.78082    -11.88       1.12
2018.78356    -13.14       1.11
2018.78630    -13.44       1.12
2018.78904    -13.89       1.10
2018.79178    -10.80       1.11
2018.79452    -10.74       1.10
2018.79726    -11.53       1.10
2018.80000    -13.17       1.09
2018.80274    -12.13       1.07
2018.80548    -13.39       1.08
2018.80822    -12.25       1.07
2018.81096     -9.33       1.09
2018.81370    -10.48       1.08
2018.81644    -12.52       1.08
2018.81918    -12.15       1.06
2018.82192    -11.73       1.08
2018.82466    -10.86       1.06
2018.82740    -11.32       1.10
2018.83014    -12.83       1.11
2018.83288    -13.23       1.12
2018.83562    -13.48       1.09
2018.83836    -12.90       1.12
2018.84110    -12.43       1.13
2018.84384    -10.89       1.12
2018.84658    -13.26       1.07
2018.84932    -11.21       1.10
2018.85205    -11.42       1.10
2018.85479    -12.36       1.06
2018.85753    -13.59       1.11
2018.86027    -14.23       1.10
2018.86301    -13.72       1.10
2018.86575    -14.25       1.13
2018.86849    -13.67       1.06
2018.87123    -12.49       1.08
2018.87397    -16.10       1.11
2018.87671    -14.84       1.13
2018.87945    -12.09       1.14
2018.88219    -12.63       1.12
2018.88493    -13.08       1.12
2018.88767    -13.53       1.12
2018.89041    -14.50       1.14
2018.89315    -15.54       1.16
2018.89589    -14.49       1.15
2018.89863    -12.09       1.15
2018.90137    -13.14       1.13
2018.90411    -14.49       1.15
2018.90685    -15.49       1.18
2018.90959    -13.49       1.13
2018.91233    -14.55       1.41
2018.91507    -11.90       1.17
2018.91781    -12.89       1.16
2018.92055    -16.28       1.15
2018.92329    -11.31       1.16
2018.92603    -15.20       1.17
2018.92877    -14.03       1.12
2018.93151    -13.51       1.12
2018.93425    -15.39       1.13
2018.93699    -15.24       1.17
2018.93973    -13.47       1.11
2018.94247    -15.29       1.13
2018.94521    -13.20       1.12
2018.95068    -15.15       1.14
2018.95342    -14.71       1.09
2018.95616    -12.73       1.15
2018.95890    -14.20       1.05
2018.96164    -13.91       1.11
2018.96438    -12.83       1.12
2018.96712    -12.67       1.10
2018.96986    -13.71       1.19
2018.97260    -13.78       1.14
2018.97534    -12.80       1.12
2018.97808    -13.70       1.11
2018.98082    -15.27       1.08
2018.98356    -13.14       1.17
2018.98630    -14.14       1.15
2018.98904    -16.20       1.15
2018.99178    -16.18       1.16
2018.99452    -14.33       1.13
2018.99726    -15.77       1.16
2019.00000    -14.46       1.11
2019.00274    -15.48       1.14
2019.00548    -15.50       1.13
2019.00822    -11.74       1.10
2019.01096    -14.05       1.11
2019.01370    -14.50       1.10
2019.01644    -14.59       1.11
2019.01918    -14.30       1.09
2019.02192    -15.29       1.13
2019.02466    -13.51       1.09
2019.02740    -17.49       1.14
2019.03014    -14.56       1.15
2019.03288    -14.44       1.10
2019.03562    -15.36       1.10
2019.03836    -15.32       1.10
2019.04110    -14.76       1.11
2019.04384    -14.44       1.12
2019.04658    -17.30       1.11
2019.04932    -15.36       1.12
2019.05205    -15.13       1.19
2019.05479    -14.42       1.17
2019.05753    -16.64       1.16
2019.06027    -15.23       1.12
2019.06301    -15.71       1.15
2019.06575    -15.83       1.12
2019.06849    -13.58       1.13
2019.07123    -15.57       1.10
2019.07397    -15.20       1.11
2019.07671    -13.58       1.12
2019.07945    -16.62       1.09
2019.08219    -13.97       1.18
2019.08493    -14.47       1.11
2019.08767    -13.12       1.09
2019.09041    -13.97       1.12
2019.09315    -12.51       1.11
2019.09589    -14.76       1.14
2019.09863    -14.51       1.09
2019.10137    -15.95       1.16
2019.10411    -13.63       1.14
2019.10685    -13.66       1.12
2019.10959    -13.33       1.12
2019.11233    -15.08       1.16
2019.11507    -13.23       1.20
2019.11781    -16.48       1.15
2019.12055    -15.43       1.19
2019.12329    -15.26       1.17
2019.12603    -16.32       1.14
2019.12877    -14.92       1.13
2019.13151    -13.89       1.11
2019.13425    -14.27       1.15
2019.13699    -15.55       1.15
2019.13973    -15.08       1.14
2019.14247    -16.08       1.11
2019.14521    -15.11       1.09
2019.14795    -15.48       1.16
2019.15068    -14.07       1.12
2019.15342    -14.53       1.13
2019.15616    -14.05       1.12
2019.15890    -14.19       1.12
2019.16164    -18.55       1.16
2019.16438    -19.11       1.11
2019.16712    -16.24       1.17
2019.16986    -15.26       1.12
2019.17260    -17.35       1.21
2019.17534    -17.56       1.12
2019.17808    -18.34       1.18
2019.18082    -17.25       1.17
2019.18356    -18.50       1.21
2019.18630    -19.45       1.16
2019.18904    -16.51       1.15
2019.19178    -18.44       1.13
2019.19452    -18.64       1.15
2019.19726    -17.11       1.14
2019.20000    -17.77       1.18
2019.20274    -17.98       1.32
2019.20548    -18.44       1.31
2019.20822    -15.88       1.15
2019.21096    -15.57       1.13
2019.21370    -17.23       1.11
2019.21644    -15.49       1.13
2019.21918    -20.18       1.13
2019.22192    -18.69       1.13
2019.22466    -17.87       1.11
2019.22740    -16.49       1.13
2019.23014    -17.48       1.09
2019.23288    -18.09       1.09
2019.23562    -17.87       1.10
2019.23836    -14.61       1.13
2019.24110    -18.07       1.13
2019.24384    -16.54       1.15
2019.24658    -19.00       1.11
2019.24932    -17.82       1.12
2019.25205    -20.39       1.11
2019.25479    -17.56       1.10
2019.25753    -19.59       1.12
2019.26027    -21.04       1.12
2019.26301    -18.47       1.14
2019.26575    -15.67       1.11
2019.26849    -19.89       1.16
2019.27123    -19.42       1.14
2019.27397    -16.93       1.15
2019.27671    -20.14       1.17
2019.27945    -18.81       1.11
2019.28219    -18.68       1.11
2019.28493    -18.89       1.10
2019.28767    -20.78       1.11
2019.29041    -19.72       1.10
2019.29315    -19.75       1.13
2019.29589    -22.49       1.20
2019.29863    -16.80       1.14
2019.30137    -21.21       1.13
2019.30411    -19.59       1.16
2019.30685    -18.42       1.09
2019.30959    -20.66       1.08
2019.31233    -20.46       1.19
2019.31507    -21.27       1.14
2019.31781    -20.29       1.16
2019.32055    -20.02       1.15
2019.32329    -17.79       1.13
2019.32603    -18.64       1.18
2019.32877    -17.69       1.16
2019.33151    -23.54       1.20
2019.33425    -20.03       1.23
2019.33699    -19.65       1.14
2019.33973    -19.66       1.13
2019.34247    -19.48       1.16
2019.34521    -20.71       1.19
2019.34795    -21.21       1.14
2019.35068    -21.20       1.10
2019.35342    -20.82       1.14
2019.35616    -20.45       1.19
2019.35890    -21.60       1.20
2019.36164    -20.46       1.14
2019.36438    -23.05       1.18
2019.36712    -21.25       1.12
2019.36986    -22.28       1.16
2019.37260    -21.10       1.15
2019.37534    -20.53       1.23
2019.37808    -20.86       1.17
2019.38082    -21.27       1.23
2019.38356    -21.10       1.13
2019.38630    -21.98       1.15
2019.38904    -18.54       1.14
2019.39178    -23.30       1.17
2019.39452    -27.44       1.20
2019.39726    -23.71       1.13
2019.40000    -20.34       1.12
2019.40274    -20.87       1.21
2019.40548    -21.32       1.15
2019.40822    -23.52       1.11
2019.41096    -22.65       1.15
2019.41370    -24.56       1.15
2019.41644    -22.92       1.17
2019.41918    -22.82       1.26
2019.42192    -25.05       1.16
2019.42466    -25.70       1.19
2019.42740    -21.75       1.22
2019.43014    -23.87       1.21
2019.43288    -20.88       1.18
2019.43562    -16.43       1.27
2019.43836    -23.96       1.25
2019.44110    -18.66       1.28
2019.44384    -21.89       1.20
2019.44658    -18.20       1.29
2019.44932    -22.87       1.56
2019.45205    -21.16       1.21
2019.45479    -25.97       1.25
2019.45753    -25.53       1.22
2019.46027    -25.02       1.17
2019.46301    -24.41       1.36
2019.46575    -22.71       1.42
2019.46849    -20.39       1.29
2019.47123    -24.04       1.27
2019.47397    -24.04       1.28
2019.47671    -23.02       1.27
2019.47945    -23.91       1.27
2019.48219    -17.37       1.23
2019.48493    -23.18       1.25
2019.48767    -19.43       1.29
2019.49041    -17.60       1.31
2019.49315    -21.74       1.21
2019.49589    -27.40       1.21
2019.49863    -23.11       1.31
2019.50137    -20.81       1.24
2019.50411    -25.81       1.28
2019.50685    -20.29       1.25
2019.50959    -22.85       1.28
2019.51233    -22.66       1.26
2019.51507    -20.16       1.31
2019.51781    -22.33       1.38
2019.52055    -19.09       1.53
2019.52329    -22.46       1.26
2019.52603    -24.46       1.25
2019.52877    -21.32       1.30
2019.53151    -20.22       1.25
2019.53425    -21.73       1.26
2019.53699    -20.80       1.26
2019.53973    -24.88       1.28
2019.54247    -18.12       1.40
2019.54521    -24.14       1.44
2019.54795    -19.99       1.27
2019.55068    -23.92       1.32
2019.55342    -22.85       1.23
2019.55616    -25.39       1.26
2019.55890    -23.78       1.27
2019.56164    -22.99       1.29
2019.56438    -27.82       1.26
2019.56712    -21.44       1.27
2019.56986    -24.58       1.27
2019.57260    -25.98       1.25
2019.57534    -26.78       1.24
2019.57808    -23.58       1.24
2019.58082    -24.25       1.26
2019.58356    -22.18       1.23
2019.58630    -25.35       1.23
2019.58904    -24.30       1.27
2019.59178    -24.78       1.30
2019.59452    -25.33       1.30
2019.59726    -23.78       1.35
2019.60000    -29.54       1.28
2019.60274    -27.84       1.21
2019.60548    -25.09       1.31
2019.60822    -24.93       1.31
2019.61096    -23.81       1.37
2019.61370    -20.00       1.37
2019.61644    -18.13       1.36
2019.61918    -21.53       1.44
2019.62192    -30.04       1.35
2019.62466    -27.44       1.22
2019.62740    -29.29       1.28
2019.63014    -26.15       1.27
2019.63288    -25.87       1.28
2019.63562    -24.56       1.23
2019.63836    -25.02       1.23
2019.64110    -24.15       1.70
2019.64384    -31.11       1.41
2019.64658    -25.60       1.25
2019.64932    -26.54       1.20
2019.65205    -28.06       1.23
2019.65479    -28.15       1.27
2019.65753    -28.42       1.34
2019.66027    -22.31       1.34
2019.66301    -28.69       1.29
2019.66575    -26.55       1.27
2019.66849    -27.28       1.25
2019.67123    -29.14       1.33
2019.67397    -31.88       1.29
2019.67671    -29.25       1.33
2019.67945    -29.00       1.34
2019.68219    -28.81       1.25
2019.68493    -29.61       1.26
2019.68767    -35.83       1.38
2019.69041    -24.42       1.33
2019.69315    -27.36       1.28
2019.69589    -27.77       1.22
2019.69863    -30.68       1.23
2019.70137    -25.11       1.37
2019.70411    -31.70       1.33
2019.70685    -28.34       1.24
2019.70959    -27.56       1.26
2019.71233    -31.82       1.25
2019.71507    -32.99       1.23
2019.71781    -30.87       1.33
2019.72055    -33.67       1.32
2019.72329    -31.18       1.26
2019.72603    -32.07       1.19
2019.72877    -32.35       1.29
2019.73151    -33.16       1.24
2019.73425    -35.88       1.21
2019.73699    -34.54       1.30
2019.73973    -32.04       1.37
2019.74247    -28.03       1.34
2019.74521    -31.26       1.32
2019.74795    -29.92       1.35
2019.75068    -29.69       1.37
2019.75342    -29.72       1.38
2019.75616    -27.68       1.41
2019.75890    -30.70       1.35
2019.76164    -30.26       1.34
2019.76438    -35.38       1.33
2019.76712    -34.42       1.32
2019.76986    -30.88       1.34
2019.77260    -32.79       1.28
2019.77534    -32.91       1.34
2019.77808    -32.03       1.36
2019.78082    -32.79       1.29
2019.78356    -36.14       1.30
2019.78630    -33.29       1.25
2019.78904    -34.53       1.28
2019.79178    -34.92       1.27
2019.79452    -34.26       1.31
2019.79726    -35.69       1.31
2019.80000    -34.71       1.31
2019.80274    -33.50       1.30
2019.80548    -33.83       1.27
2019.80822    -33.81       1.34
2019.81096    -34.68       1.37
2019.81370    -35.15       1.37
2019.81644    -31.64       1.30
2019.81918    -32.69       1.27
2019.82192    -32.96       1.27
2019.82466    -33.14       1.24
2019.82740    -34.83       1.32
2019.83014    -37.78       1.40
2019.83288    -32.03       1.40
2019.83562    -33.24       1.25
2019.83836    -34.52       1.28
2019.84110    -31.50       1.30
2019.84384    -32.31       1.37
2019.84658    -34.95       1.33
2019.84932    -34.90       1.34
2019.85205    -33.42       1.26
2019.85479    -35.01       1.26
2019.85753    -32.87       1.22
2019.86027    -32.75       1.26
2019.86301    -32.69       1.28
2019.86575    -31.60       1.28
2019.86849    -37.01       1.25
2019.87123    -34.95       1.25
2019.87397    -32.84       1.22
2019.87671    -33.24       1.37
2019.87945    -34.09       1.30
2019.88219    -36.02       1.31
2019.88493    -35.54       1.28
2019.88767    -35.40       1.33
2019.89041    -36.54       1.33
2019.89315    -34.67       1.27
2019.89589    -35.27       1.34
2019.89863    -34.67       1.32
2019.90137    -38.03       1.29
2019.90411    -37.70       1.31
2019.90685    -39.41       1.28
2019.90959    -35.27       1.26
2019.91233    -37.40       1.29
2019.91507    -36.29       1.30
2019.91781    -37.18       1.33
2019.92055    -35.65       1.29
2019.92329    -33.17       1.27
2019.92603    -38.75       1.36
2019.92877    -34.67       1.40
2019.93151    -38.59       1.31
2019.93425    -37.83       1.35
2019.93699    -35.05       1.25
2019.93973    -36.26       1.30
2019.94247    -32.41       1.35
2019.94521    -34.44       1.35
2019.94795    -34.94       1.35
2019.95068    -35.32       1.32
2019.95342    -35.05       1.26
2019.95616    -34.25       1.30
2019.95890    -34.57       1.28
2019.96164    -34.59       1.34
2019.96438    -33.84       1.38
2019.96712    -33.61       1.35
2019.96986    -31.83       1.27
2019.97260    -34.99       1.27
2019.97534    -33.61       1.30
2019.97808    -32.43       1.32
2019.98082    -35.77       1.31
2019.98356    -33.49       1.36
2019.98630    -35.78       1.30
2019.98904    -34.25       1.35
2019.99178    -31.02       1.33
2019.99452    -32.99       1.34
2019.99726    -33.72       1.30
2020.00000    -31.83       1.26
2020.00273    -34.15       1.24
2020.00546    -35.70       1.23
2020.00820    -35.88       1.26
2020.01093    -34.35       1.27
2020.01366    -35.50       1.27
2020.01639    -35.57       1.26
2020.01913    -36.28       1.25
2020.02186    -34.90       1.33
2020.02459    -34.41       1.26
2020.02732    -32.48       1.32
2020.03005    -32.00       1.31
2020.03279    -31.68       1.34
2020.03552    -34.32       1.25
2020.03825    -32.68       1.25
2020.04098    -34.02       1.27
2020.04372    -31.42       1.31
2020.04645    -34.27       1.30
2020.04918    -31.02       1.26
2020.05191    -31.52       1.23
2020.05464    -34.59       1.21
2020.05738    -34.17       1.21
2020.06011    -33.92       1.23
2020.06284    -35.31       1.26
2020.06557    -34.79       1.29
2020.06831    -31.28       1.28
2020.07104    -33.13       1.25
2020.07377    -36.92       1.29
2020.07650    -37.63       1.30
2020.07923    -33.52       1.30
2020.08197    -36.43       1.22
2020.08470    -36.25       1.24
2020.08743    -34.86       1.25
2020.09016    -35.64       1.25
2020.09290    -33.04       1.26
2020.09563    -35.45       1.27
2020.09836    -34.55       1.22
2020.10109    -36.29       1.27
2020.10383    -34.38       1.25
2020.10656    -32.88       1.25
2020.10929    -34.90       1.20
2020.11202    -32.47       1.22
2020.11475    -37.01       1.17
2020.11749    -33.27       1.23
2020.12022    -36.40       1.34
2020.12295    -37.29       1.30
2020.12568    -37.52       1.29
2020.12842    -35.86       1.34
2020.13115    -35.27       1.35
2020.13388    -36.19       1.34
2020.13661    -37.03       1.35
2020.13934    -35.91       1.33
2020.14208    -35.88       1.33
2020.14481    -35.96       1.36
2020.14754    -34.33       1.32
2020.15027    -34.10       1.29
2020.15301    -33.08       1.31
2020.15574    -34.58       1.32
2020.15847    -32.32       1.32
2020.16120    -32.58       1.34
2020.16393    -34.43       1.33
2020.16667    -33.85       1.34
2020.16940    -32.90       1.30
2020.17213    -35.65       1.35
2020.17486    -35.66       1.33
2020.17760    -34.14       1.30
2020.18033    -30.56       1.28
2020.18306    -33.96       1.32
2020.18579    -33.80       1.32
2020.18852    -33.37       1.32
2020.19126    -34.11       1.33
2020.19399    -33.91       1.29
2020.19672    -33.07       1.32
2020.19945    -35.04       1.31
2020.20219    -32.51       1.36
2020.20492    -37.15       1.30
2020.20765    -34.23       1.32
2020.21038    -31.44       1.30
2020.21311    -33.16       1.49
2020.21585    -32.15       1.33
2020.21858    -36.85       1.29
2020.22131    -34.28       1.31
2020.22404    -36.80       1.33
2020.22678    -36.09       1.31
2020.22951    -33.70       1.33
2020.23224    -33.42       1.32
2020.23497    -36.64       1.39
2020.23770    -35.43       1.37
2020.24044    -33.16       1.30
2020.24317    -36.16       1.33
2020.24590    -34.86       1.29
2020.24863    -34.77       1.32
2020.25137    -37.11       1.35
2020.25410    -36.99       1.35
2020.25683    -37.14       1.32
2020.25956    -37.30       1.32
2020.26230    -42.83       1.37
2020.26503    -41.67       1.21
2020.26776    -38.14       1.23
2020.27049    -39.75       1.22
2020.27322    -38.90       1.28
2020.27596    -39.63       1.27
2020.27869    -40.25       1.27
2020.28142    -40.30       1.27
2020.28415    -42.34       1.27
2020.28689    -39.47       1.24
2020.28962    -36.01       1.14
2020.29235    -38.51       1.17
2020.29508    -41.46       1.16
2020.29781    -38.67       1.17
2020.30055    -37.74       1.18
2020.30328    -39.36       1.22
2020.30601    -39.11       1.15
2020.30874    -37.53       1.23
2020.31148    -37.38       1.25
2020.31421    -36.75       1.22
2020.31694    -37.15       1.17
2020.31967    -37.27       1.19
2020.32240    -38.27       1.21
2020.32514    -35.66       1.18
2020.32787    -38.98       1.19
2020.33060    -37.54       1.20
2020.33333    -37.08       1.17
2020.33607    -37.56       1.18
2020.33880    -39.35       1.21
2020.34153    -38.31       1.25
2020.34426    -37.22       1.21
2020.34699    -36.81       1.19
2020.34973    -36.39       1.24
2020.35246    -38.36       1.24
2020.35519    -37.05       1.25
2020.35792    -38.44       1.21
2020.36066    -40.67       1.24
2020.36339    -38.23       1.21
2020.36612    -37.09       1.18
2020.36885    -40.61       1.21
2020.37158    -40.49       1.22
2020.37432    -37.91       1.19
2020.37705    -41.71       1.22
2020.37978    -38.06       1.23
2020.38251    -37.28       1.19
2020.38525    -43.36       1.25
2020.38798    -40.47       1.28
2020.39071    -41.26       1.20
2020.39344    -41.51       1.17
2020.39617    -39.09       1.19
2020.39891    -37.62       1.35
2020.40164    -42.10       1.26
2020.40437    -41.37       1.28
2020.40710    -40.27       1.22
2020.40984    -37.42       1.20
2020.41257    -40.82       1.21
2020.41530    -40.78       1.20
2020.41803    -41.85       1.29
2020.42077    -39.26       1.21
2020.42350    -38.92       1.30
2020.42623    -37.37       1.31
2020.42896    -42.52       1.30
2020.43169    -37.46       1.21
2020.43443    -39.33       1.29
2020.43716    -40.46       1.23
2020.43989    -40.24       1.24
2020.44262    -37.94       1.29
2020.44536    -38.64       1.23
2020.44809    -38.13       1.26
2020.45082    -39.33       1.23
2020.45355    -38.40       1.25
2020.45628    -38.70       1.25
2020.45902    -41.68       1.28
2020.46175    -39.54       1.21
2020.46448    -39.28       1.25
2020.46721    -37.81       1.24
2020.46995    -39.63       1.27
2020.47268    -40.80       1.28
2020.47541    -43.24       1.32
2020.47814    -40.96       1.32
2020.48087    -40.32       1.26
2020.48361    -39.07       1.25
2020.48634    -39.93       1.26
2020.48907    -38.11       1.33
2020.49180    -42.10       1.26
2020.49454    -41.12       1.36
2020.49727    -39.03       1.24
2020.50000    -37.42       1.35
2020.50273    -37.38       1.29
2020.50546    -39.78       1.28
2020.50820    -40.28       1.30
2020.51093    -44.09       1.32
2020.51366    -42.77       1.24
2020.51639    -38.41       1.34
2020.51913    -41.15       1.28
2020.52186    -39.55       1.30
2020.52459    -38.26       1.26
2020.52732    -40.38       1.23
2020.53005    -40.85       1.22
2020.53279    -43.45       1.27
2020.53552    -41.07       1.35
2020.53825    -40.71       1.34
2020.54098    -44.42       1.30
2020.54372    -42.64       1.24
2020.54645    -39.62       1.26
2020.54918    -43.05       1.35
2020.55191    -44.98       1.33
2020.55464    -45.95       1.37
2020.55738    -41.21       1.31
2020.56011    -41.61       1.33
2020.56284    -41.64       1.32
2020.56557    -41.19       1.32
2020.56831    -44.50       1.34
2020.57104    -43.89       1.32
2020.57377    -37.11       1.36
2020.57650    -42.98       1.36
2020.57923    -45.27       1.29
2020.58197    -43.36       1.33
2020.58470    -40.51       1.35
2020.58743    -39.04       1.34
2020.59016    -43.92       1.30
2020.59290    -42.89       1.40
2020.59563    -43.75       1.55
2020.59836    -37.12       1.63
2020.60109    -42.09       1.33
2020.60383    -40.95       1.29
2020.60656    -43.37       1.33
2020.60929    -40.29       1.34
2020.61202    -43.82       1.35
2020.61475    -45.83       1.60
2020.61749    -45.30       1.30
2020.62022    -39.97       1.34
2020.62295    -38.45       1.40
2020.62568    -40.68       1.36
2020.62842    -44.28       1.33
2020.63115    -44.84       1.36
2020.63388    -44.14       1.33
2020.63661    -47.00       1.33
2020.63934    -40.61       1.44
2020.64208    -44.19       1.33
2020.64481    -45.23       1.30
2020.64754    -47.05       1.44
2020.65027    -40.71       1.51
2020.65301    -44.91       1.43
2020.65574    -45.57       1.41
2020.65847    -45.21       1.32
2020.66120    -46.15       1.29
2020.66393    -47.89       1.43
2020.66667    -43.26       1.37
2020.66940    -43.54       1.30
2020.67213    -48.88       1.33
2020.67486    -39.92       1.71
2020.67760    -45.33       1.31
2020.68033    -44.27       1.30
2020.68306    -41.88       1.39
2020.68579    -45.60       1.31
2020.68852    -44.94       1.27
2020.69126    -50.23       1.32
2020.69399    -45.04       1.42
2020.69672    -46.85       1.35
2020.69945    -45.76       1.36
2020.70219    -46.77       1.35
2020.70492    -49.94       1.46
2020.70765    -42.10       1.49
2020.71038    -45.04       1.40
2020.71311    -43.29       1.45
2020.71585    -47.05       1.42
2020.71858    -42.84       1.37
2020.72131    -42.05       1.34
2020.72404    -43.74       1.32
2020.72678    -43.47       1.39
2020.72951    -46.07       1.36
2020.73224    -45.43       1.32
2020.73497    -45.93       1.37
2020.73770    -43.72       1.42
2020.74044    -47.20       1.36
2020.74317    -46.44       1.36
2020.74590    -48.50       1.34
2020.74863    -47.41       1.37
2020.75137    -49.73       1.44
2020.75410    -46.54       1.42
2020.75683    -50.55       1.37
2020.75956    -48.71       1.44
2020.76230    -50.47       1.44
2020.76503    -51.95       1.38
2020.76776    -50.62       1.41
2020.77049    -51.60       1.41
2020.77322    -48.95       1.40
2020.77596    -48.84       1.48
2020.77869    -50.55       1.46
2020.78142    -47.82       1.37
2020.78415    -47.51       1.40
2020.78689    -50.33       1.34
2020.78962    -50.05       1.37
2020.79235    -44.41       1.45
2020.79508    -47.35       1.43
2020.79781    -52.68       1.36
2020.80055    -50.50       1.39
2020.80328    -49.69       1.46
2020.80601    -51.88       1.50
2020.80874    -51.50       1.47
2020.81148    -47.84       1.39
2020.81421    -48.06       1.44
2020.81694    -50.73       1.42
2020.81967    -51.59       1.43
2020.82240    -48.06       1.40
2020.82514    -50.20       1.46
2020.82787    -50.51       1.48
2020.83060    -48.71       1.47
2020.83333    -49.36       1.48
2020.83607    -51.81       1.46
2020.83880    -48.13       1.41
2020.84153    -48.58       1.41
2020.84426    -50.17       1.48
2020.84699    -46.32       1.45
2020.84973    -45.46       1.44
2020.85246    -45.35       1.45
2020.85519    -50.66       1.38
2020.85792    -48.53       1.42
2020.86066    -48.42       1.42
2020.86339    -47.55       1.38
2020.86612    -48.71       1.43
2020.86885    -50.81       1.39
2020.87158    -49.65       1.33
2020.87432    -48.09       1.36
2020.87705    -47.90       1.37
2020.87978    -46.40       1.40
2020.88251    -47.34       1.34
2020.88525    -44.33       1.43
2020.88798    -47.45       1.40
2020.89071    -46.53       1.37
2020.89344    -46.67       1.38
2020.89617    -48.27       1.42
2020.89891    -47.30       1.36
2020.90164    -43.55       1.39
2020.90437    -49.37       1.35
2020.90710    -47.70       1.43
2020.90984    -51.73       1.40
2020.91257    -52.42       1.38
2020.91530    -50.37       1.37
2020.91803    -50.13       1.37
2020.92077    -50.04       1.44
2020.92350    -51.08       1.41
2020.92623    -52.20       1.37
2020.92896    -50.49       1.37
2020.93169    -50.65       1.40
2020.93443    -55.32       1.43
2020.94262    -50.74       1.56
2020.94536    -53.99       1.33
2020.94809    -51.72       1.37
2020.95082    -51.06       1.38
2020.95355    -50.91       1.38
2020.95628    -49.60       1.39
2020.95902    -51.41       1.36
2020.96175    -51.15       1.40
2020.96448    -50.17       1.37
2020.96721    -50.43       1.41
2020.96995    -50.76       1.39
2020.97268    -50.46       1.41
2020.97541    -48.27       1.44
2020.97814    -47.90       1.44
2020.98087    -49.47       1.42
2020.98361    -49.81       1.40
2020.98634    -48.86       1.40
2020.98907    -52.39       1.38
2020.99180    -48.57       1.41
2020.99727    -48.35       1.78
2021.00000    -48.95       1.37
2021.00274    -47.19       1.36
2021.00548    -46.75       1.37
2021.00822    -47.88       1.31
2021.01096    -45.71       1.27
2021.01370    -48.60       1.34
2021.01644    -45.68       1.41
2021.01918    -49.48       1.40
2021.02192    -47.69       1.34
2021.02466    -48.08       1.33
2021.02740    -46.81       1.35
2021.03014    -48.52       1.33
2021.03288    -49.70       1.33
2021.03562    -49.46       1.33
2021.03836    -45.91       1.25
2021.04110    -48.00       1.29
2021.04384    -47.88       1.35
2021.04658    -47.81       1.31
2021.04932    -47.77       1.30
2021.05205    -49.70       1.35
2021.05479    -52.74       1.36
2021.05753    -49.91       1.69
2021.06027    -51.18       1.32
2021.06301    -48.13       1.30
2021.06575    -48.14       1.33
2021.06849    -47.87       1.29
2021.07123    -51.88       1.33
2021.07397    -53.12       1.37
2021.07671    -52.01       1.28
2021.07945    -53.09       1.34
2021.08219    -47.63       1.28
2021.08493    -48.33       1.34
2021.08767    -49.36       1.39
2021.09041    -51.23       1.24
2021.09315    -50.77       1.32
2021.09589    -49.37       1.26
2021.09863    -49.74       1.30
2021.10137    -49.68       1.30
2021.10411    -48.04       1.30
2021.10685    -48.53       1.27
2021.10959    -48.16       1.33
2021.11233    -46.33       1.34
2021.11507    -47.15       1.27
2021.11781    -47.63       1.28
2021.12055    -47.31       1.25
2021.12329    -47.84       1.29
2021.12603    -49.19       1.30
2021.12877    -47.01       1.27
2021.13151    -47.27       1.33
2021.13425    -49.41       1.33
2021.13699    -48.51       1.28
2021.13973    -48.78       1.27
2021.14247    -46.60       1.28
