2015.70137    -42.15       5.43
2015.70411    -47.54       4.32
2015.70685    -48.84       4.65
2015.70959    -35.20       4.41
2015.71233    -39.70       4.48
2015.71507    -46.72       4.39
2015.71781    -46.64       4.30
2015.72055    -48.53       4.82
2015.72329    -36.79       4.44
2015.72603    -43.79       4.39
2015.72877    -40.52       4.38
2015.73151    -39.32       4.58
2015.73425    -57.54       4.61
2015.73699    -45.36       4.64
2015.73973    -46.14       5.01
2015.74247    -52.08       4.57
2015.74521    -53.30       5.02
2015.74795    -43.96       4.53
2015.75068    -49.62       4.45
2015.75342    -48.62       4.27
2015.75616    -43.27       4.45
2015.75890    -49.25       4.49
2015.76164    -40.10       4.85
2015.76438    -46.34       4.43
2015.76712    -39.55       4.55
2015.76986    -46.63       4.59
2015.77260    -50.59       4.63
2015.77534    -50.90       4.50
2015.77808    -58.41       4.39
2015.78082    -54.88       4.28
2015.78356    -47.99       4.55
2015.78630    -49.71       5.10
2015.78904    -39.14       4.38
2015.79178    -51.33       4.32
2015.79452    -52.50       4.36
2015.79726    -38.86       4.55
2015.80000    -31.76       4.84
2015.80274    -43.63       4.76
2015.80548    -33.62       4.75
2015.80822    -41.92       4.44
2015.81096    -49.57       4.81
2015.81370    -49.63       4.34
2015.81644    -50.76       4.55
2015.81918    -42.61       4.41
2015.82192    -48.92       4.40
2015.82466    -53.04       4.38
2015.82740    -58.32       4.38
2015.83014    -51.85       4.64
2015.83288    -58.75       4.58
2015.83562    -53.37       4.51
2015.83836    -52.40       4.39
2015.84110    -48.38       4.41
2015.84384    -45.31       4.34
2015.84658    -50.13       4.36
2015.84932    -43.35       4.52
2015.85205    -44.16       4.38
2015.85479    -44.00       4.41
2015.85753    -46.40       4.37
2015.86027    -49.55       4.31
2015.86301    -42.71       4.34
2015.86575    -44.95       4.50
2015.86849    -42.31       4.51
2015.87123    -43.19       4.55
2015.87397    -47.83       4.33
2015.87671    -48.68       4.42
2015.87945    -46.97       4.30
2015.88219    -44.56       4.42
2015.88493    -48.82       4.34
2015.88767    -52.84       4.35
2015.89041    -46.98       4.27
2015.89315    -52.18       4.37
2015.89589    -49.32       4.35
2015.89863    -42.96       4.34
2015.90137    -48.89       4.22
2015.90411    -48.96       4.58
2015.90685    -56.35       4.36
2015.90959    -50.56       4.43
2015.91233    -54.02       4.30
2015.91507    -52.99       4.50
2015.91781    -46.40       4.47
2015.92055    -50.81       4.54
2015.92329    -45.85       4.51
2015.92603    -48.41       4.36
2015.92877    -48.31       4.27
2015.93151    -50.72       4.61
2015.93425    -51.25       4.45
2015.93699    -48.28       4.63
2015.93973    -50.38       4.59
2015.94247    -50.36       4.65
2015.94521    -45.84       4.44
2015.94795    -48.04       4.41
2015.95068    -48.55       4.38
2015.95342    -52.17       4.39
2015.95616    -64.28       4.44
2015.95890    -57.11       4.46
2015.96164    -48.76       4.50
2015.96438    -50.80       4.45
2015.96712    -58.37       4.43
2015.96986    -51.29       4.43
2015.97260    -59.91       4.33
2015.97534    -46.68       4.39
2015.97808    -47.25       4.42
2015.98082    -50.11       4.36
2015.98356    -52.23       4.55
2015.98630    -55.32       4.65
2015.98904    -58.37       4.47
2015.99178    -49.37       4.36
2015.99452    -48.41       4.31
2015.99726    -50.38       4.40
2016.00000    -55.19       4.38
2016.00273    -48.57       4.52
2016.00546    -52.57       4.50
2016.00820    -49.77       4.34
2016.01093    -39.56       4.48
2016.01366    -48.48       4.54
2016.01639    -54.04       4.59
2016.01913    -63.70       4.89
2016.02186    -53.00       4.50
2016.02459    -49.69       4.50
2016.02732    -46.86       4.64
2016.03005    -51.87       4.70
2016.03279    -51.85       4.76
2016.03552    -62.74       4.61
2016.03825    -47.09       4.65
2016.04098    -46.23       4.70
2016.04372    -50.13       4.59
2016.04645    -52.78       4.49
2016.04918    -50.66       4.45
2016.05191    -53.08       4.50
2016.05464    -53.44       4.49
2016.05738    -55.64       4.51
2016.06011    -60.31       4.54
2016.06284    -50.48       4.56
2016.06557    -53.18       4.51
2016.06831    -59.31       4.51
2016.07104    -47.46       4.50
2016.07377    -53.26       4.65
2016.07650    -32.92       4.99
2016.07923    -52.28       4.62
2016.08197    -59.08       4.79
2016.08470    -55.82       4.58
2016.08743    -48.55       4.54
2016.09016    -48.92       4.54
2016.09290    -45.75       4.57
2016.09563    -50.18       4.54
2016.09836    -37.73       4.66
2016.10109    -33.68       4.62
2016.10383    -31.92       4.58
2016.10656    -25.83       4.58
2016.10929    -21.40       4.54
2016.11202    -12.76       4.84
2016.11475    -29.24       4.59
2016.11749    -24.03       4.79
2016.12022    -20.66       4.59
2016.12295    -24.33       4.59
2016.12568    -24.05       4.63
2016.12842    -21.53       4.49
2016.13115    -27.68       4.38
2016.13388    -20.17       4.44
2016.13661    -27.55       4.58
2016.13934    -29.87       4.46
2016.14208    -24.87       4.37
2016.14481    -16.69       4.40
2016.14754    -32.16       4.63
2016.15027    -28.87       4.44
2016.15301    -26.53       4.41
2016.15574    -22.99       4.37
2016.15847    -20.21       4.54
2016.16120    -15.61       4.64
2016.16393    -28.69       4.41
2016.16667    -28.08       4.54
2016.16940    -15.70       4.38
2016.17213    -20.97       4.57
2016.17486    -11.83       4.36
2016.17760    -21.56       4.36
2016.18033    -22.21       4.55
2016.18306    -16.62       4.69
2016.18579    -30.02       4.47
2016.18852    -19.24       4.51
2016.19126    -26.25       4.12
2016.19399    -22.45       4.25
2016.19672    -24.87       4.55
2016.19945    -22.86       4.31
2016.20219    -17.81       4.35
2016.20492    -21.88       4.50
2016.20765    -17.32       4.36
2016.21038    -13.06       4.53
2016.21311     -8.13       4.53
2016.21585    -17.24       4.24
2016.21858    -17.30       4.28
2016.22131    -17.47       4.11
2016.22404    -17.27       4.52
2016.22678    -16.41       4.31
2016.22951    -20.18       4.27
2016.23224    -20.36       4.62
2016.23497    -14.01       4.43
2016.23770    -23.87       4.30
2016.24044    -17.49       4.34
2016.24317     -8.40       4.37
2016.24590     -8.41       4.41
2016.24863    -11.48       5.39
2016.25137    -16.96       4.26
2016.25410    -14.82       4.27
2016.25683    -20.24       4.40
2016.25956    -11.12       4.31
2016.26230    -14.69       4.29
2016.26503    -14.38       4.48
2016.26776    -12.52       4.44
2016.27049     -8.15       4.40
2016.27322     -4.90       4.58
2016.27596     -8.75       4.50
2016.27869     -6.43       4.50
2016.28142    -19.38       4.96
2016.28415     -3.79       4.75
2016.28689    -11.38       4.55
2016.28962    -13.52       4.46
2016.29235    -12.98       4.35
2016.29508     -8.32       4.43
2016.29781    -16.88       4.45
2016.30055     -8.36       4.48
2016.30328     -8.18       4.33
2016.30601    -15.83       4.15
2016.30874    -10.92       4.40
2016.31148      1.39       4.51
2016.31421    -20.97       4.29
2016.31694    -11.03       4.31
2016.31967     -8.96       4.37
2016.32240    -11.23       4.14
2016.32514    -23.71       4.31
2016.32787    -15.13       4.17
2016.33060    -23.57       4.32
2016.33333    -11.19       4.31
2016.33607    -10.41       4.22
2016.33880     -6.96       4.32
2016.34153    -11.41       4.29
2016.34426     -6.79       4.34
2016.34699    -14.18       4.36
2016.34973    -16.83       4.50
2016.35246     -9.85       4.20
2016.35519     -3.44       4.51
2016.35792     -5.73       4.26
2016.36066     -6.39       4.27
2016.36339     -5.47       5.14
2016.36612    -25.75       4.22
2016.36885     -9.93       4.15
2016.37158    -18.14       4.08
2016.37432    -22.24       3.94
2016.37705    -12.99       3.96
2016.37978    -16.01       4.16
2016.38251     -8.03       4.12
2016.38525    -10.31       4.18
2016.38798    -15.49       4.26
2016.39071     -4.22       4.11
2016.39344    -18.19       4.21
2016.39617     -6.96       4.29
2016.39891     -8.93       4.18
2016.40164     -9.39       4.18
2016.40437     -5.99       4.14
2016.40710    -22.19       4.15
2016.40984    -10.30       4.14
2016.41257    -18.16       4.07
2016.41530    -20.64       4.04
2016.41803    -15.92       4.23
2016.42077    -18.57       4.00
2016.42350    -21.07       4.27
2016.42623     -7.77       4.16
2016.42896    -10.41       4.22
2016.43169    -22.97       4.42
2016.43443     -7.55       4.17
2016.43716    -14.35       4.19
2016.43989     -0.94       4.06
2016.44262    -13.01       4.08
2016.44536     -3.16       4.35
2016.44809     -5.02       4.20
2016.45082    -20.66       4.31
2016.45355     -6.21       4.22
2016.45628    -15.84       4.22
2016.45902    -19.64       4.07
2016.46175    -23.65       4.15
2016.46448      1.28       4.19
2016.46721     -1.55       4.10
2016.46995    -15.19       4.08
2016.47268     -1.66       4.22
2016.47541    -13.93       4.25
2016.47814    -11.67       4.20
2016.48087     -9.76       4.25
2016.48361      4.06       4.19
2016.48634     -8.11       4.14
2016.48907     -4.03       4.12
2016.49180    -12.19       4.11
2016.49454    -17.38       4.44
2016.49727    -13.37       4.36
2016.50000    -18.65       4.18
2016.50273    -14.33       4.23
2016.50546    -16.42       4.25
2016.50820    -10.50       4.11
2016.51093     -5.66       4.16
2016.51366     -3.61       4.14
2016.51639     -7.17       4.61
2016.51913     -1.05       4.29
2016.52186     -7.48       4.24
2016.52459     11.33       4.56
2016.52732     -9.05       4.32
2016.53005    -10.26       4.27
2016.53279    -16.53       4.14
2016.53552     -4.58       4.27
2016.53825    -19.88       4.27
2016.54098     -5.22       4.28
2016.54372     -8.05       4.31
2016.54645    -14.08       4.28
2016.54918     -8.60       4.41
2016.55191    -10.64       4.26
2016.55464      1.43       4.22
2016.55738     -8.13       4.46
2016.56011    -13.44       4.35
2016.56284     -9.32       4.12
2016.56557     -6.98       4.28
2016.56831     -2.71       4.46
2016.57104     -2.26       4.39
2016.57377    -11.04       4.39
2016.57650     -7.28       4.39
2016.57923     -5.99       4.30
2016.58197     -6.84       4.29
2016.58470    -13.25       4.11
2016.58743     -9.86       4.29
2016.59016    -18.27       4.27
2016.59290    -10.89       4.11
2016.59563     -5.48       4.41
2016.59836      0.57       4.54
2016.60109    -12.64       4.20
2016.60383    -13.37       4.33
2016.60656      2.90       4.36
2016.60929    -15.16       4.24
2016.61202     -1.60       4.20
2016.61475     -8.06       4.21
2016.61749    -10.14       4.32
2016.62022     -8.02       4.23
2016.62295      0.20       4.35
2016.62568    -15.74       4.25
2016.62842     -7.69       4.26
2016.63115     -3.98       4.45
2016.63388     -6.70       4.33
2016.63661     -2.74       4.24
2016.63934    -15.85       4.27
2016.64208     -9.33       4.14
2016.64481      1.50       4.41
2016.64754     -7.75       4.18
2016.65027     24.27       4.43
2016.65301    -17.55       4.47
2016.65574     -9.66       4.26
2016.65847    -15.71       4.19
2016.66120     -5.04       4.12
2016.66393    -18.98       5.23
2016.66667    -12.14       4.14
2016.66940    -22.67       4.72
2016.67213    -10.40       4.19
2016.67486     -2.15       4.30
2016.67760    -19.55       4.30
2016.68033    -16.54       4.38
2016.68306     -9.97       4.34
2016.68579    -15.55       4.29
2016.68852    -17.71       4.30
2016.69126    -12.35       4.07
2016.69399     -4.13       4.05
2016.69672    -20.41       4.19
2016.69945     -7.73       4.12
2016.70219     -8.72       4.67
2016.70492     -7.41       4.29
2016.70765     -8.03       4.32
2016.71038    -13.15       4.38
2016.71311    -23.26       4.04
2016.71585    -11.39       4.19
2016.71858    -23.86       4.10
2016.72131     -6.27       4.12
2016.72404      0.04       4.12
2016.72678     -7.29       4.22
2016.72951    -10.94       4.01
2016.73224     -9.84       4.10
2016.73497     -4.82       4.12
2016.73770    -15.78       4.38
2016.74044      9.03       4.52
2016.74317    -10.56       4.21
2016.74590    -18.77       4.10
2016.74863     -5.80       4.10
2016.75137    -12.44       4.04
2016.75410      6.30       4.19
2016.75683    -13.08       4.16
2016.75956    -11.29       4.11
2016.76230    -15.00       4.04
2016.76503    -10.87       4.22
2016.76776     -3.27       4.10
2016.77049    -10.22       4.28
2016.77322    -11.92       4.14
2016.77596     -7.36       4.12
2016.77869    -14.49       4.10
2016.78142     -3.65       4.19
2016.78415    -10.02       4.18
2016.78689     -8.75       4.41
2016.78962     -5.18       4.18
2016.79235    -15.24       4.18
2016.79508    -11.11       4.16
2016.79781    -12.94       4.26
2016.80055    -12.24       4.44
2016.80328     -1.43       5.36
2016.80601     -7.62       4.21
2016.80874     -7.09       4.10
2016.81148      0.43       4.02
2016.81421     -8.50       4.05
2016.81694     -5.37       4.01
2016.81967     -5.41       4.06
2016.82240     -1.32       4.09
2016.82514    -14.35       4.11
2016.82787    -11.86       4.06
2016.83060     -9.01       3.99
2016.83333    -14.05       4.03
2016.83607     -9.27       4.07
2016.83880     -7.44       4.03
2016.84153     -8.89       3.98
2016.84426     -8.78       4.07
2016.84699    -12.84       4.08
2016.84973     -5.89       4.02
2016.85246    -10.04       4.02
2016.85519     -8.36       4.10
2016.85792     -6.59       4.09
2016.86066    -14.16       4.08
2016.86339    -10.96       4.08
2016.86612     -7.38       4.00
2016.86885     -9.05       3.99
2016.87158    -10.58       4.05
2016.87432     -6.25       3.99
2016.87705     -0.85       4.03
2016.87978     -7.24       4.09
2016.88251      2.40       4.09
2016.88525      0.34       4.06
2016.88798     -8.74       4.01
2016.89071     -8.24       4.06
2016.89344    -14.45       4.00
2016.89617    -19.40       4.05
2016.89891     -8.34       4.02
2016.90164     -3.54       4.10
2016.90437    -19.73       4.37
2016.90710    -10.14       4.11
2016.90984    -15.01       4.04
2016.91257    -10.34       4.21
2016.91530    -13.79       4.14
2016.91803    -16.47       4.15
2016.92077     -9.17       3.98
2016.92350    -11.60       4.01
2016.92623    -16.07       4.06
2016.92896    -12.11       4.04
2016.93169     -8.81       3.97
2016.93443      5.44       3.98
2016.93716     -6.11       4.01
2016.93989     -8.55       3.96
2016.94262     -7.82       3.89
2016.94536     -8.71       3.97
2016.94809     -9.84       4.02
2016.95082     -7.04       3.92
2016.95355     -9.68       3.89
2016.95628    -11.58       3.89
2016.95902    -13.19       3.92
2016.96175     -9.16       3.98
2016.96448     -4.49       3.86
2016.96721     -5.82       3.98
2016.96995     -7.59       4.05
2016.97268     -8.60       3.91
2016.97541     -8.50       3.86
2016.97814     -2.20       3.94
2016.98087     -9.08       3.88
2016.98361    -10.45       3.90
2016.98634    -12.34       3.95
2016.98907    -14.69       4.13
2016.99180    -11.80       3.90
2016.99454     -7.86       3.90
2016.99727     -2.40       3.92
2017.00000     -9.97       4.03
2017.00274     -6.29       3.92
2017.00548     -9.05       4.01
2017.00822     -7.58       3.97
2017.01096     -2.33       3.98
2017.01370     -1.71       3.94
2017.01644     -0.54       3.98
2017.01918     -2.41       4.17
2017.02192     -5.54       3.92
2017.02466     -0.98       4.02
2017.02740     -3.13       4.03
2017.03014     -9.92       3.96
2017.03288     -6.31       4.05
2017.03562     -9.04       3.99
2017.03836     -8.70       3.92
2017.04110    -13.66       3.91
2017.04384     -1.24       4.00
2017.04658    -19.73       4.06
2017.04932    -11.41       3.94
2017.05205    -12.41       4.03
2017.05479    -14.88       3.96
2017.05753     -7.39       4.00
2017.06027     -7.09       3.95
2017.06301     -8.55       4.01
2017.06575    -13.52       3.90
2017.06849    -13.07       3.91
2017.07123      1.81       4.06
2017.07397     -7.55       4.02
2017.07671     -4.25       4.02
2017.07945    -13.61       3.97
2017.08219     -4.02       3.98
2017.08493     -7.03       3.94
2017.08767     -0.79       3.98
2017.09041      1.54       4.05
2017.09315      5.35       4.00
2017.09589      1.39       3.96
2017.09863      1.59       3.97
2017.10137     -1.01       3.94
2017.10411     -3.52       4.04
2017.10685     -2.98       3.95
2017.10959     -6.84       3.90
2017.11233     -9.92       3.87
2017.11507     -3.44       3.83
2017.11781     -3.56       4.01
2017.12055     -9.06       3.88
2017.12329     -4.46       3.92
2017.12603     -3.27       3.98
2017.12877      1.00       3.96
2017.13151     -1.93       4.06
2017.13425      6.20       4.10
2017.13699     -6.48       4.01
2017.13973     -0.49       4.03
2017.14247     -4.44       3.99
2017.14521     -3.08       4.02
2017.14795     -4.20       4.02
2017.15068      3.30       3.98
2017.15342     -1.37       4.01
2017.15616     -3.89       4.09
2017.15890      0.24       4.05
2017.16164     -3.53       3.97
2017.16438      4.69       3.95
2017.16712      1.15       3.99
2017.16986     -0.03       3.88
2017.17260     -1.27       4.09
2017.17534     -5.77       4.13
2017.17808      2.29       3.96
2017.18082     -0.55       4.02
2017.18356     -2.63       3.90
2017.18630     -1.72       4.09
2017.18904      1.63       3.99
2017.19178      6.48       3.97
2017.19452      4.37       4.15
2017.19726     -4.40       4.00
2017.20000    -10.52       4.01
2017.20274     -9.25       4.09
2017.20548     -0.71       3.95
2017.20822      1.26       4.11
2017.21096     -2.65       4.12
2017.21370     -3.21       4.01
2017.21644      0.08       4.18
2017.21918     -5.04       4.07
2017.22192      8.46       4.05
2017.22466      2.22       4.07
2017.22740     -7.52       4.22
2017.23014     -9.17       4.05
2017.23288     -5.17       4.05
2017.23562     -4.75       4.18
2017.23836     -2.33       4.19
2017.24110      3.12       4.10
2017.24384     -0.78       4.13
2017.24658     -6.01       4.19
2017.24932      1.61       4.06
2017.25205     -5.28       4.22
2017.25479     -5.87       4.15
2017.25753      5.71       4.17
2017.26027      8.96       4.16
2017.26301     -6.06       4.23
2017.26575      1.75       4.31
2017.26849      8.77       4.30
2017.27123      3.17       4.33
2017.27397     -8.78       4.45
2017.27671      2.08       4.34
2017.27945      0.97       4.10
2017.28219      3.53       4.19
2017.28493     -0.76       4.14
2017.28767      1.40       4.14
2017.29041     -2.65       4.24
2017.29315     -0.43       4.20
2017.29589      4.50       4.57
2017.29863      2.55       4.21
2017.30137      0.87       4.42
2017.30411     -5.84       4.19
2017.30685     -2.67       4.08
2017.30959     -2.40       4.18
2017.31233     -4.24       4.18
2017.31507    -12.42       4.23
2017.31781     -4.30       4.28
2017.32055     -7.80       4.23
2017.32329     -0.27       4.12
2017.32603     -9.39       4.19
2017.32877     -8.80       4.22
2017.33151      3.73       4.26
2017.33425     -3.39       4.16
2017.33699      2.23       4.06
2017.33973     -7.93       4.23
2017.34247     -1.70       4.10
2017.34521      0.26       4.27
2017.34795     -4.42       4.23
2017.35068      4.40       4.23
2017.35342     -1.98       4.20
2017.35616     -4.85       4.22
2017.35890      3.36       4.41
2017.36164      3.89       4.21
2017.36438     -7.68       4.15
2017.36712      5.03       4.20
2017.36986     -5.62       4.17
2017.37260     -2.41       4.17
2017.37534      5.92       4.22
2017.37808      0.79       4.40
2017.38082      1.37       4.16
2017.38356      3.67       4.31
2017.38630      2.71       4.13
2017.38904      2.12       4.17
2017.39178      6.67       4.40
2017.39452     -3.42       4.36
2017.39726     -0.17       4.12
2017.40000      1.98       4.09
2017.40274     -3.05       4.10
2017.40548     -3.97       4.31
2017.40822     -7.20       4.36
2017.41096      5.99       4.20
2017.41370     -8.15       4.46
2017.41644     -6.88       4.51
2017.41918     -1.36       4.56
2017.42192      6.47       4.38
2017.42466      1.29       4.24
2017.42740     -5.22       4.29
2017.43014     -4.03       4.41
2017.43288      4.77       4.42
2017.43562     -8.88       4.44
2017.43836     -8.67       4.41
2017.44110     -6.55       4.31
2017.44384      0.44       4.51
2017.44658     -5.15       4.65
2017.44932     -2.33       4.62
2017.45205     14.09       4.94
2017.45479     -1.96       4.70
2017.45753    -15.68       4.75
2017.46027      0.89       4.64
2017.46301     -7.23       4.40
2017.46575      1.48       4.66
2017.46849     -6.31       4.32
2017.47123    -10.84       4.21
2017.47397    -13.39       4.45
2017.47671     -4.48       4.50
2017.47945     -2.14       4.42
2017.48219     -4.42       4.45
2017.48493     -5.20       4.56
2017.48767      2.61       4.46
2017.49041     -1.79       4.59
2017.49315     -1.48       4.44
2017.49589     -3.38       4.47
2017.49863     -4.92       4.73
2017.50137     -3.65       4.67
2017.50411     -0.76       4.65
2017.50685      0.73       4.40
2017.50959     -5.24       4.66
2017.51233     -4.88       4.43
2017.51507     -0.52       4.52
2017.51781     -6.30       4.54
2017.52055     -6.68       4.78
2017.52329     -4.83       4.89
2017.52603      3.30       4.87
2017.52877     11.44       4.62
2017.53151     -5.24       4.61
2017.53425     -1.85       4.59
2017.53699     -6.37       4.63
2017.53973     -1.99       4.39
2017.54247      1.84       4.57
2017.54521      5.49       4.49
2017.54795     -2.52       4.59
2017.55068     13.66       4.63
2017.55342      1.26       4.38
2017.55616     -1.67       4.61
2017.55890     -7.09       4.79
2017.56164     17.56       4.82
2017.56438     -1.52       4.48
2017.56712      4.69       4.88
2017.56986      2.65       4.60
2017.57260      7.94       4.56
2017.57534      5.76       4.91
2017.57808     -3.90       4.85
2017.58082      9.55       4.82
2017.58356     -5.68       4.28
2017.58630      2.84       4.74
2017.58904     -5.50       4.79
2017.59178      8.14       4.55
2017.59452     -1.89       4.30
2017.59726     -7.23       4.20
2017.60000     -2.39       4.10
2017.60274      9.17       4.42
2017.60548      7.15       4.35
2017.60822      1.73       4.36
2017.61096      7.36       4.19
2017.61370     -2.39       4.09
2017.61644     -4.54       4.13
2017.61918     -0.30       4.14
2017.62192      2.82       4.16
2017.62466      6.24       4.23
2017.62740     -9.83       4.24
2017.63014      8.08       4.22
2017.63288      2.70       4.35
2017.63562     16.63       4.23
2017.63836      4.62       4.24
2017.64110     15.89       4.07
2017.64384      1.95       4.20
2017.64658      6.56       4.44
2017.64932      5.03       4.20
2017.65205      9.32       4.32
2017.65479     18.49       4.32
2017.65753      9.76       4.28
2017.66027     -7.50       4.31
2017.66301     -1.72       4.18
2017.66575      2.37       4.31
2017.66849     -2.64       4.12
2017.67123      9.06       4.20
2017.67397     -4.46       4.37
2017.67671     10.20       4.11
2017.67945      6.06       3.99
2017.68219      9.94       4.25
2017.68493     -2.27       4.09
2017.68767     -2.61       4.42
2017.69041      0.93       4.28
2017.69315      6.38       4.35
2017.69589     14.71       4.28
2017.69863     -2.74       4.34
2017.70137      2.12       4.28
2017.70411      2.57       3.99
2017.70685      6.52       4.11
2017.70959     -0.38       4.27
2017.71233     11.70       4.16
2017.71507      6.45       4.29
2017.71781      2.61       4.07
2017.72055     -2.89       4.11
2017.72329     14.98       4.14
2017.72603      2.14       4.06
2017.72877      4.15       4.13
2017.73151      5.42       4.30
2017.73425      7.41       4.22
2017.73699      4.04       4.13
2017.73973      0.70       4.29
2017.74247      6.15       4.46
2017.74521     -4.43       4.17
2017.74795      7.67       4.36
2017.75068     -5.35       4.31
2017.75342     14.12       4.43
2017.75616     -0.58       4.50
2017.75890     -4.93       4.29
2017.76164      2.64       4.23
2017.76438      2.96       4.33
2017.76712     12.59       4.65
2017.76986     -8.63       4.35
2017.77260      3.71       4.53
2017.77534     -0.23       4.38
2017.77808     -0.34       4.35
2017.78082      3.73       4.25
2017.78356      9.89       4.34
2017.78630    -10.19       4.63
2017.78904     -8.66       4.38
2017.79178     -5.06       4.26
2017.79452      5.37       4.17
2017.79726      2.66       4.19
2017.80000     -1.34       4.32
2017.80274     -2.72       4.12
2017.80548     -7.91       4.20
2017.80822     -3.30       4.21
2017.81096     -1.75       4.14
2017.81370      3.58       4.07
2017.81644     -1.16       4.27
2017.81918     -7.00       4.29
2017.82192     -1.45       4.27
2017.82466      1.18       4.15
2017.82740    -11.90       4.16
2017.83014     -9.56       4.23
2017.83288     -2.53       4.26
2017.83562     -6.74       4.35
2017.83836      2.99       4.30
2017.84110     -1.86       4.33
2017.84384     -0.40       4.15
2017.84658      0.33       4.24
2017.84932     -1.98       4.32
2017.85205      3.14       4.23
2017.85479      6.74       4.28
2017.85753      5.44       4.23
2017.86027     -7.41       4.47
2017.86301     -4.74       4.19
2017.86575      0.95       4.17
2017.86849      3.83       4.22
2017.87123      3.22       4.17
2017.87397      6.65       4.29
2017.87671      5.28       4.22
2017.87945      2.22       4.36
2017.88219     -4.91       4.30
2017.88493     -6.71       4.31
2017.88767     -4.44       4.27
2017.89041     -6.23       4.29
2017.89315     -9.02       4.28
2017.89589     -5.10       4.40
2017.89863     -4.95       4.18
2017.90137      3.09       4.24
2017.90411      2.59       4.26
2017.90685      8.55       4.30
2017.90959     -8.04       4.42
2017.91233      1.94       4.35
2017.91507      5.96       4.21
2017.91781      3.34       4.27
2017.92055      4.85       4.25
2017.92329      3.46       4.32
2017.92603     -0.57       4.18
2017.92877     -2.26       4.25
2017.93151     11.61       4.37
2017.93425      1.76       4.22
2017.93699      2.01       4.15
2017.93973      3.84       4.31
2017.94247      0.06       4.21
2017.94521      1.77       4.30
2017.94795      2.93       4.22
2017.95068      0.34       4.25
2017.95342     -3.04       4.24
2017.95616     -2.91       4.23
2017.95890     -6.72       4.25
2017.96164      8.92       4.24
2017.96438     -0.33       4.35
2017.96712     -6.23       4.33
2017.96986     -0.44       4.30
2017.97260     -2.91       4.27
2017.97534      3.02       4.24
2017.97808     12.50       4.24
2017.98082      5.15       4.23
2017.98356      0.67       4.23
2017.98630      2.71       4.21
2017.98904      8.19       4.32
2017.99178      2.53       4.35
2017.99452      1.86       4.26
2017.99726     -0.92       4.22
2018.00000      5.48       4.18
2018.00274      0.11       4.22
2018.00548      6.49       4.37
2018.00822     13.65       4.38
2018.01096      5.83       4.23
2018.01370      7.28       4.25
2018.01644     -0.35       4.29
2018.01918      2.44       4.52
2018.02192      9.67       4.46
2018.02466     -1.33       4.26
2018.02740      0.59       4.23
2018.03014     -5.85       4.17
2018.03288      5.33       4.30
2018.03562      5.33       4.31
2018.03836      9.66       4.30
2018.04110     -0.72       4.22
2018.04384     11.69       4.38
2018.04658      0.68       4.35
2018.04932      8.48       5.76
2018.05205      5.11       4.34
2018.05479     -2.17       4.36
2018.05753      5.62       4.28
2018.06027      8.44       4.32
2018.06301      6.30       4.41
2018.06575      3.62       4.42
2018.06849      3.11       4.45
2018.07123     10.57       4.48
2018.07397      5.96       4.42
2018.07671      2.34       4.38
2018.07945     -1.31       4.25
2018.08219     -7.80       4.37
2018.08493      1.56       4.37
2018.08767     -1.44       4.46
2018.09041      1.80       4.40
2018.09315     -1.96       4.28
2018.09589      3.27       4.39
2018.09863      0.33       4.43
2018.10137      0.98       4.33
2018.10411      4.01       4.36
2018.10685      5.47       4.32
2018.10959      7.13       4.35
2018.11233     -0.66       4.17
2018.11507     -3.82       4.28
2018.11781     -0.29       4.35
2018.12055      4.29       4.46
2018.12329     10.40       4.34
2018.12603     15.95       4.38
2018.12877     12.22       4.21
2018.13151     -0.36       4.19
2018.13425      4.64       4.22
2018.13699      1.72       4.39
2018.13973      5.86       4.40
2018.14247      7.08       4.39
2018.14521      0.93       4.48
2018.14795      5.87       4.53
2018.15068     -4.69       4.20
2018.15342      7.23       4.33
2018.15616     10.58       4.41
2018.15890     10.49       4.34
2018.16164      8.11       4.39
2018.16438      7.12       4.31
2018.16712      5.19       4.43
2018.16986      9.24       4.45
2018.17260     14.46       4.39
2018.17534      4.16       4.26
2018.17808     -0.24       4.35
2018.18082      5.52       4.32
2018.18356      6.12       4.32
2018.18630      1.94       4.38
2018.18904      4.67       4.45
2018.19178      6.07       4.33
2018.19452      8.75       4.42
2018.19726      6.66       4.38
2018.20000     11.12       4.76
2018.20274      1.27       4.44
2018.20548      2.49       4.41
2018.20822      8.66       4.43
2018.21096      1.75       4.52
2018.21370      8.33       4.47
2018.21644      0.84       4.46
2018.21918      9.55       4.46
2018.22192      2.08       4.34
2018.22466      4.69       4.27
2018.22740      1.60       4.35
2018.23014      8.74       4.38
2018.23288      9.82       4.60
2018.23562      9.29       5.44
2018.23836      2.95       4.33
2018.24110      4.40       4.32
2018.24384     11.76       4.29
2018.24658     12.88       4.33
2018.24932      5.77       4.29
2018.25205      6.12       4.37
2018.25479      9.04       4.33
2018.25753      6.71       4.52
2018.26027      6.85       4.47
2018.26301     -2.83       4.36
2018.26575      2.88       4.25
2018.26849      5.62       4.25
2018.27123      8.74       4.19
2018.27397     12.57       4.19
2018.27671      6.42       4.38
2018.27945      6.81       4.52
2018.28219     10.64       4.45
2018.28493      9.19       4.51
2018.28767      9.57       4.35
2018.29041     14.02       4.48
2018.29315     13.00       4.31
2018.29589     11.06       4.27
2018.29863     13.60       4.48
2018.30137      4.66       4.20
2018.30411      5.28       4.35
2018.30685      4.61       4.51
2018.30959     14.28       4.36
2018.31233     12.22       4.21
2018.31507      5.09       4.24
2018.31781      7.54       4.45
2018.32055      7.37       4.25
2018.32329     10.87       4.14
2018.32603      3.65       4.20
2018.32877      8.72       4.47
2018.33151      6.23       4.24
2018.33425     12.98       4.19
2018.33699     10.80       4.18
2018.33973      4.83       4.19
2018.34247     13.02       4.18
2018.34521     18.32       4.29
2018.34795      6.79       4.41
2018.35068      7.21       4.22
2018.35342      3.20       4.09
2018.35616      7.22       4.21
2018.35890     10.13       4.13
2018.36164     11.32       4.17
2018.36438     -0.06       4.28
2018.36712      5.31       4.18
2018.36986     10.26       4.29
2018.37260     11.59       4.22
2018.37534      0.28       4.31
2018.37808      9.57       4.23
2018.38082      5.71       4.15
2018.38356      5.38       4.19
2018.38630     12.17       4.13
2018.38904      9.94       4.11
2018.39178     17.32       4.18
2018.39452      8.55       4.11
2018.39726      4.66       4.13
2018.40000      1.09       4.24
2018.40274      7.38       4.32
2018.40548     14.48       4.22
2018.40822      9.70       4.23
2018.41096      1.54       4.22
2018.41370      2.11       4.19
2018.41644      3.63       4.14
2018.41918      9.52       4.17
2018.42192      6.17       4.22
2018.42466      3.37       4.13
2018.42740      3.87       7.17
2018.43014      7.60       4.53
2018.43288      3.93       4.25
2018.43562     11.93       4.25
2018.43836      5.20       4.55
2018.44110      3.77       4.26
2018.44384     -2.97       4.21
2018.44658      5.17       4.06
2018.44932      6.69       4.39
2018.45205      5.44       4.12
2018.45479      7.09       4.15
2018.45753     15.88       4.26
2018.46027     13.21       4.48
2018.46301      0.09       4.20
2018.46575     16.82       4.14
2018.46849     19.54       4.17
2018.47123     10.60       4.39
2018.47397      4.90       4.10
2018.47671     -0.25       4.11
2018.47945     11.23       4.30
2018.48219     13.65       4.25
2018.48493      7.39       4.20
2018.48767      4.64       4.11
2018.49041     -0.74       4.13
2018.49315      6.38       4.39
2018.49589     21.55       4.71
2018.49863     10.45       4.64
2018.50137      2.63       4.46
2018.50411      7.88       4.21
2018.50685     15.25       4.26
2018.50959      1.14       4.07
2018.51233      6.09       4.29
2018.51507     -5.72       4.25
2018.51781      0.11       4.02
2018.52055     -8.24       5.55
2018.52329     16.02       4.38
2018.52603      2.39       4.20
2018.52877      4.02       4.22
2018.53151      4.08       4.44
2018.53425      1.10       4.16
2018.53699     -0.03       5.19
2018.53973      6.87       4.10
2018.54247      5.78       4.16
2018.54521      2.95       4.40
2018.54795     18.91       4.56
2018.55068     -0.52       4.29
2018.55342     -1.17       4.25
2018.55616     11.40       4.16
2018.55890     -4.13       4.15
2018.56164      9.32       4.20
2018.56438      3.37       4.16
2018.56712      2.84       5.59
2018.57260     26.42       4.34
2018.57534     -2.84       4.20
2018.57808      6.16       4.32
2018.58082     13.93       4.20
2018.58356     17.63       4.44
2018.58630      0.54       4.39
2018.58904      0.67       4.37
2018.59178      8.01       4.23
2018.59452     -1.73       4.33
2018.59726     11.67       4.32
2018.60000     18.52       4.38
2018.60274     21.05       4.54
2018.60548      7.33       4.66
2018.60822      7.35       4.42
2018.61096     41.39       4.57
2018.61370      1.12       4.31
2018.61644      3.46       4.45
2018.61918      7.03       4.41
2018.62192      2.20       4.55
2018.62466     -2.28       4.38
2018.62740     10.19       4.18
2018.63014      3.51       4.10
2018.63288      6.45       4.29
2018.63562      3.37       4.24
2018.63836     21.55       4.60
2018.64110     12.64       4.62
2018.64384     11.01       5.36
2018.64658      2.66       4.23
2018.64932     11.84       4.35
2018.65205      3.17       4.31
2018.65479      6.74       4.31
2018.65753     10.00       4.19
2018.66027     -1.81       4.22
2018.66301      6.40       4.13
2018.66575     15.32       4.16
2018.66849      4.72       4.11
2018.67123      4.85       4.18
2018.67397      7.28       4.19
2018.67671     -3.04       4.35
2018.67945      8.52       4.30
2018.68219     -6.39       4.36
2018.68493     13.24       4.21
2018.68767      4.47       4.16
2018.69041      6.51       4.24
2018.69315     11.24       4.30
2018.69589      9.93       4.33
2018.69863      2.54       4.21
2018.70137     11.49       4.58
2018.70411     10.69       4.47
2018.70685     10.75       4.28
2018.70959     -0.14       4.25
2018.71233      2.75       4.41
2018.71507      1.95       4.39
2018.71781      9.48       4.53
2018.72055     21.91       4.50
2018.72329      3.77       4.44
2018.72603     10.38       4.47
2018.72877     -4.05       4.37
2018.73151      2.16       4.28
2018.73425      4.26       4.42
2018.73699     -2.25       4.39
2018.73973      3.11       4.38
2018.74247      1.19       4.44
2018.74521     -8.00       4.22
2018.74795      3.13       4.40
2018.75068     -0.92       4.29
2018.75342      4.39       4.29
2018.75616      6.11       4.38
2018.75890      8.46       4.28
2018.76164      0.19       4.26
2018.76438      9.86       4.39
2018.76712      5.19       4.25
2018.76986     15.82       4.29
2018.77260      9.32       4.37
2018.77534      5.45       4.23
2018.77808     -2.51       4.31
2018.78082     11.76       4.36
2018.78356      5.32       4.20
2018.78630     13.04       4.29
2018.78904     14.71       4.42
2018.79178      6.33       4.32
2018.79452      0.20       4.26
2018.79726      4.51       4.27
2018.80000      6.64       4.28
2018.80274      5.08       4.45
2018.80548      6.80       4.44
2018.80822      4.57       4.28
2018.81096      4.56       4.60
2018.81370      9.62       4.37
2018.81644      3.84       4.26
2018.81918      8.22       4.27
2018.82192      7.53       4.20
2018.82466      4.27       4.45
2018.82740      4.68       4.38
2018.83014      4.19       4.37
2018.83288      3.72       4.42
2018.83562      2.71       4.41
2018.83836      2.50       4.38
2018.84110      6.98       4.25
2018.84384      5.21       4.23
2018.84658      6.93       4.31
2018.84932      2.59       4.16
2018.85205      7.37       4.29
2018.85479      9.07       4.41
2018.85753     16.47       4.52
2018.86027      6.26       4.37
2018.86301      4.68       4.39
2018.86575      6.81       4.22
2018.86849      7.11       4.23
2018.87123     11.90       4.21
2018.87397      8.48       4.19
2018.87671     13.03       4.16
2018.87945      9.39       4.35
2018.88219      4.24       4.32
2018.88493     13.48       4.25
2018.88767     12.59       4.36
2018.89041      5.32       4.22
2018.89315      5.10       4.40
2018.89589     10.26       4.47
2018.89863     12.55       4.41
2018.90137      7.52       4.20
2018.90411     13.87       4.25
2018.90685      8.60       4.30
2018.90959      6.38       4.37
2018.91233      9.47       5.38
2018.91507     15.11       4.40
2018.91781     16.78       4.33
2018.92055     10.61       4.32
2018.92329     14.82       4.34
2018.92603     11.06       4.31
2018.92877      9.93       4.20
2018.93151      9.60       4.47
2018.93425     18.31       4.40
2018.93699     14.23       4.33
2018.93973     15.85       4.39
2018.94247      8.21       4.21
2018.94521      5.19       4.27
2018.95068      7.38       4.28
2018.95342      8.96       4.31
2018.95616     17.33       4.25
2018.95890      8.39       4.34
2018.96164      5.45       4.28
2018.96438     14.45       4.27
2018.96712     13.30       4.29
2018.96986     17.13       4.37
2018.97260     10.11       4.28
2018.97534     12.05       4.25
2018.97808      3.49       4.18
2018.98082     11.67       4.26
2018.98356     12.23       4.27
2018.98630     21.71       4.42
2018.98904     16.69       4.60
2018.99178      8.84       4.40
2018.99452      9.23       4.40
2018.99726      5.23       4.31
2019.00000     15.53       4.33
2019.00274     13.63       4.39
2019.00548     10.38       4.29
2019.00822      8.14       4.23
2019.01096     10.68       4.36
2019.01370     11.06       4.40
2019.01644     16.32       4.34
2019.01918      9.15       4.24
2019.02192     13.90       4.27
2019.02466     19.42       4.37
2019.02740      8.46       4.41
2019.03014     16.98       4.40
2019.03288     13.77       4.32
2019.03562     15.19       4.23
2019.03836     19.29       4.41
2019.04110      9.25       4.26
2019.04384     10.89       4.28
2019.04658     15.21       4.32
2019.04932     18.29       4.34
2019.05205     17.35       4.20
2019.05479     17.50       4.33
2019.05753     11.24       4.44
2019.06027     10.63       4.38
2019.06301     10.10       4.38
2019.06575      9.76       4.41
2019.06849     17.20       4.50
2019.07123      7.54       4.42
2019.07397     13.05       4.28
2019.07671      8.34       4.20
2019.07945      6.33       4.24
2019.08219     13.38       4.18
2019.08493     15.92       4.11
2019.08767      9.90       4.20
2019.09041     17.08       4.51
2019.09315      7.49       4.30
2019.09589     19.16       4.26
2019.09863     17.16       4.38
2019.10137     13.76       4.31
2019.10411     11.92       4.30
2019.10685     12.70       4.16
2019.10959      7.37       4.10
2019.11233      6.94       4.37
2019.11507     12.18       4.45
2019.11781      7.14       4.19
2019.12055     13.50       4.33
2019.12329     17.21       4.28
2019.12603     12.84       4.28
2019.12877      9.00       4.25
2019.13151     18.57       4.31
2019.13425     17.99       5.49
2019.13699     17.17       4.15
2019.13973     14.64       4.36
2019.14247     13.84       4.26
2019.14521      9.77       4.19
2019.14795     15.12       4.26
2019.15068     10.28       4.18
2019.15342      9.68       4.17
2019.15616     14.77       4.17
2019.15890      9.74       4.27
2019.16164      7.07       4.32
2019.16438     10.72       4.20
2019.16712     19.76       4.26
2019.16986     16.25       4.15
2019.17260     23.50       4.37
2019.17534     14.03       4.31
2019.17808      3.89       4.20
2019.18082      5.03       4.38
2019.18356     21.22       4.29
2019.18630     10.89       4.30
2019.18904      9.53       4.17
2019.19178     11.52       4.19
2019.19452      5.96       4.33
2019.19726      1.20       4.15
2019.20000      3.12       4.16
2019.20274      7.97       4.62
2019.20548      6.65       4.25
2019.20822      7.61       4.21
2019.21096     11.49       4.20
2019.21370      7.07       4.13
2019.21644      2.12       4.29
2019.21918      6.94       4.35
2019.22192     -1.01       4.24
2019.22466      6.81       4.16
2019.22740      5.63       4.16
2019.23014      4.59       4.18
2019.23288      7.84       4.25
2019.23562     14.45       4.14
2019.23836      7.72       4.23
2019.24110     11.31       4.25
2019.24384     13.91       4.42
2019.24658      6.70       4.39
2019.24932     10.77       4.25
2019.25205     -0.43       4.36
2019.25479      9.38       4.19
2019.25753      4.93       4.30
2019.26027     13.14       4.29
2019.26301     12.80       4.40
2019.26575     10.82       4.31
2019.26849      2.23       4.79
2019.27123      4.79       4.90
2019.27397     12.02       4.51
2019.27671      9.32       4.57
2019.27945     13.04       4.40
2019.28219      3.66       4.36
2019.28493      8.51       4.43
2019.28767     12.64       4.33
2019.29041      2.74       4.46
2019.29315     12.16       4.35
2019.29589     15.38       4.73
2019.29863     10.09       4.58
2019.30137     12.09       4.75
2019.30411     -2.81       4.51
2019.30685      4.93       4.32
2019.30959      7.83       4.43
2019.31233      3.39       4.61
2019.31507      8.90       4.30
2019.31781     12.59       4.42
2019.32055      3.34       4.25
2019.32329     -1.25       4.35
2019.32603     14.86       4.59
2019.32877      7.11       4.38
2019.33151      9.15       4.35
2019.33425      8.48       4.28
2019.33699      4.25       4.38
2019.33973      3.41       4.36
2019.34247      9.06       4.28
2019.34521      9.42       4.43
2019.34795     14.00       4.41
2019.35068      4.72       4.42
2019.35342     17.78       4.27
2019.35616      6.59       4.56
2019.35890      2.26       4.52
2019.36164     15.69       4.28
2019.36438      3.86       4.41
2019.36712     19.50       4.42
2019.36986     16.07       4.58
2019.37260      8.63       4.58
2019.37534     14.99       4.69
2019.37808     12.81       4.66
2019.38082      0.84       4.64
2019.38356      8.60       4.36
2019.38630     11.19       4.39
2019.38904     17.16       4.41
2019.39178     14.90       4.41
2019.39452      9.59       4.49
2019.39726     10.29       4.45
2019.40000     11.47       4.40
2019.40274      9.34       4.43
2019.40548     10.60       4.53
2019.40822     10.66       4.44
2019.41096      9.42       4.59
2019.41370     10.27       4.52
2019.41644     17.44       4.51
2019.41918     19.57       4.51
2019.42192      7.26       4.55
2019.42466     10.18       4.55
2019.42740      8.56       4.55
2019.43014     13.73       4.57
2019.43288     10.94       4.47
2019.43562     20.34       4.53
2019.43836      9.73       4.74
2019.44110     12.52       4.88
2019.44384     10.32       4.41
2019.44658     -5.56       4.96
2019.44932      6.75       5.53
2019.45205      4.09       4.38
2019.45479      4.50       4.63
2019.45753      5.79       4.30
2019.46027     10.18       4.38
2019.46301      5.18       4.55
2019.46575     11.05       4.71
2019.46849     10.16       4.57
2019.47123     16.92       4.61
2019.47397     -1.76       4.71
2019.47671     13.84       4.50
2019.47945     15.25       4.45
2019.48219      7.78       4.35
2019.48493     14.38       4.38
2019.48767     15.30       4.43
2019.49041      5.98       4.56
2019.49315      6.58       4.43
2019.49589     16.48       4.52
2019.49863      2.50       4.78
2019.50137     19.44       4.52
2019.50411     15.27       4.59
2019.50685      8.25       4.41
2019.50959     12.23       4.59
2019.51233     12.15       4.77
2019.51507     10.28       4.69
2019.51781     15.27       4.95
2019.52055     -6.24       5.11
2019.52329      4.01       4.52
2019.52603     16.51       4.60
2019.52877     15.38       4.77
2019.53151      4.24       4.39
2019.53425      4.58       4.53
2019.53699      0.53       4.47
2019.53973     10.12       4.45
2019.54247     17.34       4.72
2019.54521      4.98       5.06
2019.54795     10.35       4.61
2019.55068     17.92       4.60
2019.55342     11.16       4.61
2019.55616      6.62       4.71
2019.55890      2.42       4.73
2019.56164     13.32       4.43
2019.56438     14.24       4.39
2019.56712      7.48       4.45
2019.56986     10.88       4.61
2019.57260     30.12       4.61
2019.57534     10.43       4.45
2019.57808     15.86       4.66
2019.58082     23.70       4.47
2019.58356     12.76       4.55
2019.58630      9.59       4.44
2019.58904     29.54       4.61
2019.59178     33.66       4.61
2019.59452     16.06       4.57
2019.59726     17.21       4.80
2019.60000     19.47       4.62
2019.60274     20.95       4.67
2019.60548     17.92       4.76
2019.60822      3.96       4.67
2019.61096     22.81       4.77
2019.61370      1.99       4.89
2019.61644     28.49       5.19
2019.61918     -5.87       5.28
2019.62192     10.88       5.01
2019.62466     14.54       4.71
2019.62740     22.53       4.61
2019.63014      5.86       4.42
2019.63288      9.64       4.44
2019.63562     17.30       4.46
2019.63836     16.55       4.62
2019.64110     -1.15       5.81
2019.64384     10.53       4.75
2019.64658     15.76       4.62
2019.64932      7.98       4.33
2019.65205      7.33       4.47
2019.65479     12.68       4.50
2019.65753     -1.71       4.75
2019.66027      4.92       4.53
2019.66301      6.27       4.56
2019.66575     11.24       4.52
2019.66849     -6.08       4.71
2019.67123      2.31       4.46
2019.67397     18.73       4.58
2019.67671      3.06       4.63
2019.67945     -7.12       4.65
2019.68219      8.19       4.48
2019.68493     -6.87       4.72
2019.68767     25.00       5.14
2019.69041     15.28       4.68
2019.69315     -0.48       4.44
2019.69589      6.87       4.41
2019.69863      9.70       4.57
2019.70137      7.90       4.62
2019.70411      9.92       4.58
2019.70685     12.73       4.42
2019.70959      4.58       4.38
2019.71233     -6.75       4.43
2019.71507      5.13       4.38
2019.71781      2.66       4.47
2019.72055      7.49       4.42
2019.72329      3.12       4.37
2019.72603      4.34       4.35
2019.72877      3.18       4.25
2019.73151      5.40       4.28
2019.73425     14.52       4.25
2019.73699     19.59       4.48
2019.73973     12.06       5.04
2019.74247      0.80       4.68
2019.74521      5.23       4.46
2019.74795      7.81       4.43
2019.75068     15.95       4.47
2019.75342     21.66       4.85
2019.75616     14.73       4.73
2019.75890     13.87       4.58
2019.76164      2.74       4.31
2019.76438      7.45       4.49
2019.76712     17.07       4.37
2019.76986     12.80       4.41
2019.77260      4.81       4.74
2019.77534     10.19       4.51
2019.77808     10.16       4.67
2019.78082      1.05       4.43
2019.78356      5.57       4.38
2019.78630      5.10       4.38
2019.78904      7.96       4.43
2019.79178      1.03       4.52
2019.79452      9.92       4.47
2019.79726      4.79       4.39
2019.80000      7.88       4.32
2019.80274     13.27       4.50
2019.80548     13.96       4.48
2019.80822      8.83       4.39
2019.81096      6.01       4.36
2019.81370      2.66       4.56
2019.81644     10.86       4.53
2019.81918     10.24       4.51
2019.82192      2.11       4.53
2019.82466      9.15       4.42
2019.82740     10.06       4.39
2019.83014     16.79       4.59
2019.83288     15.56       4.56
2019.83562      9.30       4.61
2019.83836      7.41       4.56
2019.84110      8.74       4.49
2019.84384     16.46       5.38
2019.84658     13.76       4.51
2019.84932     16.12       4.47
2019.85205      3.32       4.42
2019.85479      3.08       4.47
2019.85753      5.58       4.48
2019.86027     15.03       4.51
2019.86301     11.10       4.33
2019.86575     13.06       4.60
2019.86849     13.21       4.49
2019.87123     12.38       4.54
2019.87397     14.35       4.35
2019.87671      8.98       4.58
2019.87945     11.35       4.48
2019.88219      9.71       4.38
2019.88493      7.49       4.44
2019.88767      2.38       4.61
2019.89041     11.90       4.45
2019.89315     10.70       4.47
2019.89589      8.77       4.46
2019.89863     14.70       4.50
2019.90137     11.53       4.44
2019.90411     11.92       4.41
2019.90685     11.36       4.46
2019.90959     13.70       4.43
2019.91233     11.37       4.56
2019.91507     12.42       4.42
2019.91781     10.11       4.35
2019.92055      2.92       4.47
2019.92329     12.72       4.56
2019.92603     12.05       4.47
2019.92877      7.56       4.59
2019.93151      7.55       4.31
2019.93425      3.59       4.49
2019.93699     10.51       4.56
2019.93973     15.27       4.49
2019.94247     19.05       4.36
2019.94521     13.21       4.36
2019.94795      4.42       4.39
2019.95068     10.42       4.58
2019.95342     12.21       4.43
2019.95616      8.58       4.46
2019.95890     15.16       4.46
2019.96164     12.76       4.33
2019.96438      9.23       4.56
2019.96712      7.89       4.68
2019.96986     12.66       4.37
2019.97260     19.40       4.37
2019.97534     13.09       4.50
2019.97808     20.20       4.32
2019.98082     11.55       4.42
2019.98356     12.02       4.38
2019.98630     13.20       4.61
2019.98904     17.26       4.44
2019.99178     19.18       4.46
2019.99452     12.23       4.40
2019.99726     11.14       4.41
2020.00000      6.85       4.42
2020.00273     15.59       4.38
2020.00546     10.27       4.40
2020.00820     14.51       4.35
2020.01093     15.38       4.55
2020.01366     18.67       4.39
2020.01639     19.70       4.43
2020.01913     14.74       4.39
2020.02186     15.59       4.50
2020.02459     11.93       4.51
2020.02732     19.89       4.29
2020.03005     12.59       4.32
2020.03279     17.21       4.41
2020.03552     19.15       4.40
2020.03825     12.65       4.33
2020.04098     20.13       4.44
2020.04372     14.67       4.52
2020.04645     13.90       4.27
2020.04918     17.76       4.37
2020.05191     22.19       4.39
2020.05464     14.38       4.32
2020.05738     16.18       4.36
2020.06011     15.31       4.41
2020.06284     18.27       4.27
2020.06557     15.19       4.66
2020.06831     19.13       4.49
2020.07104     11.47       4.31
2020.07377     11.97       4.36
2020.07650      9.41       4.33
2020.07923     13.61       4.41
2020.08197     25.09       4.26
2020.08470      4.66       4.34
2020.08743     10.49       4.22
2020.09016     13.86       4.30
2020.09290      9.47       4.30
2020.09563      9.90       4.35
2020.09836     11.67       4.33
2020.10109     14.15       4.27
2020.10383     12.51       4.39
2020.10656     14.88       4.35
2020.10929      8.05       4.37
2020.11202      9.06       4.43
2020.11475     19.53       4.38
2020.11749     17.36       4.30
2020.12022     12.03       4.85
2020.12295     11.30       4.60
2020.12568      6.02       4.70
2020.12842     16.04       4.56
2020.13115     12.39       4.54
2020.13388     10.39       4.48
2020.13661      6.34       4.66
2020.13934      4.77       4.67
2020.14208     16.06       4.56
2020.14481     17.05       4.55
2020.14754     16.77       4.54
2020.15027     10.43       4.54
2020.15301     11.75       4.61
2020.15574      9.46       4.54
2020.15847     15.84       4.58
2020.16120     10.50       4.61
2020.16393     23.73       4.57
2020.16667      9.33       4.50
2020.16940     11.66       4.55
2020.17213     18.07       4.68
2020.17486     15.23       4.68
2020.17760     20.26       4.53
2020.18033     11.68       4.60
2020.18306     15.50       4.53
2020.18579     12.98       4.52
2020.18852     17.11       4.69
2020.19126     15.86       4.54
2020.19399     11.23       4.64
2020.19672     13.71       4.58
2020.19945     12.17       4.64
2020.20219     13.77       4.61
2020.20492     15.93       4.66
2020.20765     19.12       4.63
2020.21038     16.53       4.70
2020.21311     13.31       5.13
2020.21585     13.52       5.00
2020.21858     22.58       4.80
2020.22131     24.48       4.66
2020.22404     19.67       5.24
2020.22678     17.22       4.64
2020.22951     14.89       4.62
2020.23224     23.98       4.88
2020.23497      9.34       4.90
2020.23770     16.29       4.58
2020.24044     18.01       4.71
2020.24317     10.69       4.77
2020.24590     17.43       4.64
2020.24863     13.18       4.66
2020.25137     15.84       4.73
2020.25410      4.25       4.75
2020.25683      9.52       4.81
2020.25956     14.16       4.59
2020.26230     14.78       4.79
2020.26503     12.02       4.64
2020.26776     21.47       4.70
2020.27049     12.88       4.56
2020.27322      8.96       4.82
2020.27596     15.72       4.71
2020.27869      5.85       4.79
2020.28142      9.79       4.57
2020.28415     22.53       4.64
2020.28689     15.82       4.69
2020.28962     11.31       4.57
2020.29235     20.75       4.74
2020.29508     20.22       4.76
2020.29781     14.91       4.75
2020.30055     11.08       4.71
2020.30328     19.45       4.72
2020.30601     13.98       4.62
2020.30874     19.73       4.76
2020.31148     11.23       4.80
2020.31421      8.67       4.70
2020.31694     21.59       4.64
2020.31967     13.69       4.97
2020.33880     21.82       5.84
2020.34153     12.95       5.02
2020.34426     10.78       4.89
2020.34699     22.30       5.02
2020.34973     23.01       5.01
2020.35246     23.47       4.93
2020.35519     12.11       4.93
2020.35792     21.96       5.06
2020.36066     20.75       5.02
2020.36339     18.39       5.00
2020.36612     25.46       4.85
2020.36885     13.81       4.86
2020.37158     35.41       4.91
2020.37432     18.00       4.94
2020.37705     19.97       5.01
2020.37978     14.34       4.91
2020.38251     24.55       4.80
2020.38525     22.26       4.87
2020.38798     15.21       4.99
2020.39071      9.41       4.96
2020.39344     51.83      42.64
2020.39617      7.06       4.79
2020.39891     25.07       5.41
2020.40164     18.74       4.94
2020.40437     19.03       4.97
2020.40710      4.06       4.85
2020.40984      5.78       4.81
2020.41257      6.45       4.83
2020.41530     15.67       4.87
2020.41803     24.46       4.75
2020.42077      2.72       4.92
2020.42350      9.95       5.15
2020.42623     11.25       5.05
2020.42896     29.04       5.10
2020.43169     13.49       4.97
2020.43443     14.11       4.89
2020.43716     10.22       4.98
2020.43989     10.18       5.00
2020.44262     10.12       5.12
2020.44536     19.48       4.88
2020.44809     12.64       4.93
2020.45082     13.12       4.84
2020.45355     21.52       4.82
2020.45628     17.41       4.82
2020.45902     21.62       4.83
2020.46175      9.00       4.75
2020.46448      8.74       4.91
2020.46721     12.29       4.97
2020.46995     19.56       5.06
2020.47268     14.79       4.83
2020.47541      3.13       5.16
2020.47814     19.43       4.95
2020.48087     11.68       4.93
2020.48361     24.04       4.87
2020.48634     10.50       4.96
2020.48907     37.67       5.10
2020.49180      9.42       5.18
2020.49454      4.40       5.03
2020.49727     13.13       4.96
2020.50000     25.19       5.16
2020.50273      9.87       4.91
2020.50546     12.49       5.09
2020.50820     15.20       4.93
2020.51093     26.79       5.13
2020.51366     15.72       4.78
2020.51639     24.89       4.92
2020.51913      9.28       4.99
2020.52186      7.40       4.99
2020.52459     14.34       5.03
2020.52732     33.67       5.22
2020.53005     17.77       5.09
2020.53279     24.96       4.99
2020.53552     24.30       5.04
2020.53825     25.05       5.09
2020.54098     14.32       5.03
2020.54372     13.77       4.87
2020.54645     21.69       4.99
2020.54918     18.18       5.14
2020.55191     12.03       4.92
2020.55464     20.96       5.02
2020.55738     26.19       5.10
2020.56011     18.42       5.12
2020.56284     15.38       5.09
2020.56557     13.27       4.99
2020.56831     13.94       5.39
2020.57104     13.32       8.50
2020.57650     12.03       5.91
2020.57923     13.56       5.08
2020.58197     14.19       5.25
2020.58470     34.52       5.30
2020.58743     22.14       5.23
2020.59016     24.36       4.95
2020.59290      8.22       4.99
2020.59563     20.35       9.21
2020.59836     28.18       5.44
2020.60109     14.92       4.97
2020.60383     14.74       5.02
2020.60656     24.25       5.10
2020.60929     14.80       4.94
2020.61202     11.00       5.05
2020.68306     16.76       5.11
2020.71311     12.69       5.44
2020.71585      6.22       5.13
2020.74590     12.45       4.90
2020.75137      5.75       4.94
2020.76230      8.00       4.72
2020.79235     17.52       4.76
2020.80055      1.88      17.86
2020.85519      0.64      28.09
2020.94262     16.94       5.91
2020.94536     19.87       5.42
2020.94809     15.68       5.48
2020.95082     11.60       5.33
2020.95355     13.13       5.35
2020.95628     16.84       5.57
2020.95902     18.80       5.30
2020.96175     14.89       6.11
2020.96448     16.66       5.37
2020.96721     19.96       5.38
2020.96995     17.42       5.45
2020.97268     20.87       5.33
2020.97541     20.95       5.42
2020.97814     22.34       5.41
2020.98087     19.32       5.34
2020.98361     15.65       5.22
2020.98634     18.10       5.28
2020.98907     15.35       5.21
2020.99180     17.59       5.35
2020.99454     15.77       5.15
2020.99727     21.38       5.16
2021.00000     12.98       5.18
2021.00274     17.35       5.38
2021.00548     17.49       5.29
2021.00822     11.43       5.18
2021.01096     15.40       5.27
2021.01370     22.99       5.18
2021.01644     12.20       5.23
2021.01918     55.17       5.75
2021.02466     13.52       6.01
2021.02740     24.61       6.11
2021.03014     18.30       5.95
2021.03288     18.07       6.28
2021.03562     36.38       6.10
2021.03836     26.38       6.14
2021.04110     27.02       6.18
2021.04384     11.58       6.10
2021.04658     17.27       5.92
2021.04932     30.85       6.13
2021.05205     24.82       6.21
2021.05479     30.94       6.39
2021.05753     25.25       9.64
2021.06575     28.79       7.57
2021.06849     40.02       5.90
2021.07123     21.78       5.88
2021.07397     62.40       6.23
2021.07671     24.61       6.24
2021.07945     22.70       6.20
2021.08219     24.83       6.28
2021.08493     21.29       6.17
2021.08767     58.00       6.44
2021.09041     22.50       6.22
2021.09315     19.82       6.35
2021.10411     28.50       6.58
2021.10685     25.20       6.21
2021.10959     20.18       6.32
2021.11233     32.57       5.92
2021.11507     29.46       6.34
2021.11781     26.68       6.15
2021.12055     24.98       6.06
2021.12329     23.59       6.40
2021.12603     25.31       6.28
2021.13973     18.64       6.25
2021.14247     17.90       6.11
