2015.70137     74.41       1.20
2015.70411     76.42       1.01
2015.70685     77.39       1.06
2015.70959     74.99       1.01
2015.71233     74.25       1.02
2015.71507     79.37       1.00
2015.71781     76.30       1.00
2015.72055     75.91       1.09
2015.72329     77.17       1.02
2015.72603     75.65       1.02
2015.72877     76.72       1.00
2015.73151     77.28       1.05
2015.73425     76.02       1.07
2015.73699     76.28       1.06
2015.73973     74.80       1.18
2015.74247     78.45       1.03
2015.74521     76.29       1.12
2015.74795     75.92       1.05
2015.75068     75.45       1.02
2015.75342     74.02       1.00
2015.75616     76.13       1.02
2015.75890     76.16       1.04
2015.76164     73.68       1.09
2015.76438     74.47       1.02
2015.76712     74.22       1.03
2015.76986     76.47       1.03
2015.77260     74.25       1.04
2015.77534     76.45       1.04
2015.77808     74.23       0.98
2015.78082     76.81       0.99
2015.78356     74.75       1.02
2015.78630     76.29       1.15
2015.78904     72.60       1.00
2015.79178     76.38       0.99
2015.79452     76.23       1.01
2015.79726     74.92       1.04
2015.80000     77.19       1.07
2015.80274     74.39       1.07
2015.80548     73.55       1.06
2015.80822     76.06       1.00
2015.81096     75.18       1.09
2015.81370     75.59       1.03
2015.81644     76.24       1.05
2015.81918     74.83       1.00
2015.82192     75.78       1.00
2015.82466     75.91       1.00
2015.82740     75.84       0.99
2015.83014     72.62       1.04
2015.83288     75.26       1.03
2015.83562     76.08       1.02
2015.83836     75.51       1.02
2015.84110     77.43       1.02
2015.84384     77.34       1.00
2015.84658     75.72       1.02
2015.84932     74.73       1.05
2015.85205     77.19       1.03
2015.85479     74.55       1.03
2015.85753     76.57       1.01
2015.86027     76.23       1.01
2015.86301     76.01       1.01
2015.86575     76.42       1.04
2015.86849     73.94       1.06
2015.87123     77.45       1.04
2015.87397     77.31       1.01
2015.87671     74.27       1.02
2015.87945     74.83       1.00
2015.88219     73.07       1.04
2015.88493     79.16       1.02
2015.88767     75.12       1.03
2015.89041     72.11       1.01
2015.89315     73.11       1.02
2015.89589     74.14       1.00
2015.89863     74.12       1.01
2015.90137     76.50       1.00
2015.90411     74.93       1.07
2015.90685     74.46       1.02
2015.90959     76.94       1.05
2015.91233     76.35       1.00
2015.91507     75.25       1.04
2015.91781     77.65       1.04
2015.92055     73.15       1.06
2015.92329     74.02       1.05
2015.92603     74.40       1.01
2015.92877     75.77       1.03
2015.93151     74.85       1.02
2015.93425     74.68       1.03
2015.93699     74.97       1.06
2015.93973     74.53       1.04
2015.94247     75.08       1.07
2015.94521     75.95       1.05
2015.94795     75.08       1.02
2015.95068     71.92       1.01
2015.95342     73.39       1.04
2015.95616     74.08       1.04
2015.95890     73.43       1.08
2015.96164     72.81       1.08
2015.96438     73.88       1.01
2015.96712     75.88       1.04
2015.96986     72.46       1.02
2015.97260     73.76       1.02
2015.97534     71.88       1.03
2015.97808     75.40       1.00
2015.98082     75.20       1.02
2015.98356     73.80       1.04
2015.98630     74.10       1.08
2015.98904     73.75       1.04
2015.99178     74.60       1.01
2015.99452     72.40       1.02
2015.99726     73.12       1.03
2016.00000     71.85       1.02
2016.00273     73.77       1.05
2016.00546     77.44       1.05
2016.00820     75.57       1.04
2016.01093     74.91       1.06
2016.01366     71.34       1.06
2016.01639     73.46       1.04
2016.01913     74.90       1.09
2016.02186     75.49       1.08
2016.02459     74.25       1.04
2016.02732     74.24       1.07
2016.03005     73.32       1.10
2016.03279     72.58       1.11
2016.03552     75.21       1.09
2016.03825     76.02       1.07
2016.04098     74.48       1.11
2016.04372     74.13       1.09
2016.04645     75.00       1.05
2016.04918     73.64       1.04
2016.05191     75.75       1.08
2016.05464     73.77       1.05
2016.05738     70.91       1.04
2016.06011     71.78       1.03
2016.06284     72.80       1.07
2016.06557     72.22       1.05
2016.06831     72.96       1.02
2016.07104     73.03       1.05
2016.07377     75.69       1.07
2016.07923     75.39       1.06
2016.08197     73.60       1.13
2016.08470     74.27       1.06
2016.08743     73.28       1.06
2016.09016     73.86       1.05
2016.09290     73.69       1.04
2016.09563     68.18       1.05
2016.09836     33.57       1.06
2016.10109     33.54       1.07
2016.10383     32.00       1.06
2016.10656     30.74       1.07
2016.10929     32.92       1.05
2016.11202     33.13       1.10
2016.11475     31.90       1.07
2016.11749     33.06       1.11
2016.12022     33.58       1.08
2016.12295     32.06       1.07
2016.12568     32.31       1.04
2016.12842     32.96       1.04
2016.13115     31.73       1.02
2016.13388     35.78       1.05
2016.13661     32.02       1.05
2016.13934     30.43       1.06
2016.14208     33.04       1.04
2016.14481     32.01       1.02
2016.14754     30.27       1.04
2016.15027     30.40       1.04
2016.15301     33.01       1.03
2016.15574     33.71       1.04
2016.15847     31.05       1.03
2016.16120     32.43       1.06
2016.16393     31.77       1.05
2016.16667     32.95       1.05
2016.16940     33.79       1.04
2016.17213     32.60       1.10
2016.17486     33.04       1.04
2016.17760     31.28       1.04
2016.18033     29.33       1.04
2016.18306     31.59       1.09
2016.18579     32.39       1.03
2016.18852     32.46       1.05
2016.19126     34.37       0.98
2016.19399     33.63       1.00
2016.19672     34.07       1.04
2016.19945     31.85       1.01
2016.20219     30.64       1.03
2016.20492     34.54       1.04
2016.20765     33.94       1.04
2016.21038     29.49       1.04
2016.21311     32.64       1.07
2016.21585     33.01       1.00
2016.21858     35.28       1.02
2016.22131     33.29       0.99
2016.22404     32.75       1.07
2016.22678     34.12       1.03
2016.22951     33.69       1.00
2016.23224     34.33       1.07
2016.23497     34.50       1.04
2016.23770     31.99       1.02
2016.24044     34.70       1.02
2016.24317     31.43       1.03
2016.24590     31.44       1.05
2016.24863     31.56       1.29
2016.25137     33.52       1.00
2016.25410     32.50       1.02
2016.25683     34.83       1.03
2016.25956     32.99       1.04
2016.26230     31.89       1.02
2016.26503     31.26       1.05
2016.26776     33.32       1.03
2016.27049     35.32       1.03
2016.27322     32.38       1.09
2016.27596     32.35       1.05
2016.27869     31.27       1.06
2016.28142     36.14       1.12
2016.28415     34.60       1.08
2016.28689     34.16       1.06
2016.28962     31.20       1.02
2016.29235     32.31       1.01
2016.29508     33.43       1.02
2016.29781     33.22       1.03
2016.30055     32.72       1.05
2016.30328     32.41       1.00
2016.30601     32.77       0.98
2016.30874     35.78       1.03
2016.31148     33.44       1.06
2016.31421     29.99       1.01
2016.31694     31.41       1.00
2016.31967     31.34       1.01
2016.32240     32.11       0.97
2016.32514     31.94       0.99
2016.32787     31.30       0.98
2016.33060     33.24       1.00
2016.33333     28.79       1.00
2016.33607     30.62       0.98
2016.33880     30.93       1.02
2016.34153     28.52       0.99
2016.34426     30.33       1.01
2016.34699     30.17       0.98
2016.34973     32.62       1.00
2016.35246     30.12       0.97
2016.35519     33.24       1.01
2016.35792     29.58       0.97
2016.36066     26.07       0.98
2016.36339     29.86       1.16
2016.36612     32.04       0.97
2016.36885     30.06       0.95
2016.37158     31.48       0.94
2016.37432     29.32       0.92
2016.37705     28.68       0.92
2016.37978     27.68       0.95
2016.38251     27.97       0.95
2016.38525     32.12       0.95
2016.38798     31.23       0.98
2016.39071     30.49       0.96
2016.39344     28.34       0.96
2016.39617     26.51       0.99
2016.39891     31.65       0.96
2016.40164     31.56       0.98
2016.40437     27.58       0.94
2016.40710     31.65       0.96
2016.40984     30.01       0.95
2016.41257     29.43       0.94
2016.41530     29.81       0.94
2016.41803     30.18       0.97
2016.42077     31.10       0.92
2016.42350     29.07       0.98
2016.42623     33.62       0.99
2016.42896     30.95       0.97
2016.43169     29.74       1.01
2016.43443     27.69       0.95
2016.43716     29.00       0.96
2016.43989     31.89       0.95
2016.44262     30.84       0.93
2016.44536     33.12       1.00
2016.44809     34.71       0.95
2016.45082     32.68       0.98
2016.45355     31.91       0.96
2016.45628     31.87       0.98
2016.45902     29.64       0.93
2016.46175     30.54       0.94
2016.46448     32.33       0.98
2016.46721     29.58       0.96
2016.46995     28.98       0.95
2016.47268     30.55       0.96
2016.47541     29.98       0.97
2016.47814     30.09       0.99
2016.48087     28.00       0.98
2016.48361     29.57       0.94
2016.48634     29.38       0.94
2016.48907     31.48       0.95
2016.49180     29.54       0.95
2016.49454     29.22       1.00
2016.49727     28.80       0.99
2016.50000     29.56       0.95
2016.50273     32.43       1.01
2016.50546     27.25       0.99
2016.50820     29.47       0.95
2016.51093     29.92       0.96
2016.51366     25.83       0.97
2016.51639     30.81       1.05
2016.51913     32.13       0.98
2016.52186     28.69       0.99
2016.52459     33.42       1.03
2016.52732     28.02       1.00
2016.53005     31.11       0.97
2016.53279     30.00       0.96
2016.53552     29.21       0.99
2016.53825     28.81       0.98
2016.54098     31.09       0.97
2016.54372     27.34       0.97
2016.54645     33.34       0.98
2016.54918     30.78       1.02
2016.55191     28.48       0.99
2016.55464     24.45       0.97
2016.55738     30.15       1.00
2016.56011     26.96       0.99
2016.56284     28.35       0.94
2016.56557     25.45       0.96
2016.56831     25.80       1.00
2016.57104     26.02       0.99
2016.57377     28.31       1.00
2016.57650     28.45       1.01
2016.57923     27.69       0.96
2016.58197     26.63       0.98
2016.58470     28.65       0.95
2016.58743     27.07       0.98
2016.59016     28.63       0.98
2016.59290     26.71       0.94
2016.59563     27.66       1.01
2016.59836     25.87       1.03
2016.60109     27.47       0.98
2016.60383     26.14       0.99
2016.60656     26.43       1.00
2016.60929     26.75       0.96
2016.61202     28.28       0.95
2016.61475     27.46       0.97
2016.61749     27.10       0.99
2016.62022     27.69       0.97
2016.62295     27.84       1.00
2016.62568     30.15       0.97
2016.62842     29.52       0.99
2016.63115     25.97       1.03
2016.63388     26.72       1.00
2016.63661     27.42       0.96
2016.63934     25.54       0.99
2016.64208     24.27       0.99
2016.64481     27.06       1.03
2016.64754     26.19       0.97
2016.65027     24.10       1.00
2016.65301     23.32       1.02
2016.65574     24.39       0.99
2016.65847     25.26       0.99
2016.66120     24.68       0.97
2016.66393     27.97       1.18
2016.66667     26.96       0.97
2016.66940     25.53       1.09
2016.67213     23.24       0.99
2016.67486     23.61       1.01
2016.67760     27.99       0.98
2016.68033     28.10       1.01
2016.68306     25.18       1.03
2016.68579     24.83       1.04
2016.68852     27.79       0.99
2016.69126     26.48       0.96
2016.69399     25.16       0.95
2016.69672     22.83       0.98
2016.69945     23.23       0.96
2016.70219     25.08       1.07
2016.70492     24.33       0.98
2016.70765     24.76       1.01
2016.71038     26.02       1.02
2016.71311     25.35       0.96
2016.71585     17.32       0.98
2016.71858     20.82       0.97
2016.72131     23.75       0.97
2016.72404     21.95       0.98
2016.72678     22.34       1.02
2016.72951     23.22       0.94
2016.73224     24.63       0.96
2016.73497     23.43       0.96
2016.73770     22.21       1.01
2016.74044     25.37       1.06
2016.74317     18.11       0.98
2016.74590     27.26       0.98
2016.74863     23.62       0.98
2016.75137     25.64       0.95
2016.75410     22.37       0.96
2016.75683     22.56       0.97
2016.75956     21.81       0.96
2016.76230     21.46       0.95
2016.76503     24.04       0.99
2016.76776     24.31       0.97
2016.77049     25.31       0.99
2016.77322     23.15       0.97
2016.77596     22.61       0.96
2016.77869     24.10       0.96
2016.78142     23.90       0.99
2016.78415     21.00       0.97
2016.78689     20.58       1.02
2016.78962     22.81       0.99
2016.79235     23.26       0.98
2016.79508     22.55       0.97
2016.79781     23.44       0.99
2016.80055     28.16       1.03
2016.80328     26.10       1.26
2016.80601     25.22       0.99
2016.80874     24.07       0.97
2016.81148     22.29       0.97
2016.81421     22.66       0.96
2016.81694     20.17       0.95
2016.81967     19.77       0.96
2016.82240     20.46       0.97
2016.82514     20.42       0.96
2016.82787     20.08       0.96
2016.83060     21.38       0.95
2016.83333     21.46       0.95
2016.83607     21.26       0.97
2016.83880     21.49       0.96
2016.84153     21.10       0.95
2016.84426     20.95       0.96
2016.84699     22.72       0.97
2016.84973     22.91       0.96
2016.85246     22.09       0.95
2016.85519     21.39       0.98
2016.85792     21.62       1.00
2016.86066     20.41       0.98
2016.86339     21.45       0.97
2016.86612     21.75       0.95
2016.86885     23.15       0.96
2016.87158     23.32       0.96
2016.87432     20.91       0.94
2016.87705     21.92       0.97
2016.87978     22.16       0.97
2016.88251     22.41       0.96
2016.88525     19.84       0.96
2016.88798     19.76       0.95
2016.89071     20.87       0.95
2016.89344     19.34       0.94
2016.89617     22.07       0.96
2016.89891     22.06       0.95
2016.90164     22.81       0.96
2016.90437     21.04       0.98
2016.90710     19.11       0.97
2016.90984     20.56       0.95
2016.91257     20.25       1.00
2016.91530     19.20       0.97
2016.91803     19.58       0.98
2016.92077     20.36       0.95
2016.92350     20.93       0.95
2016.92623     21.55       0.97
2016.92896     19.85       0.95
2016.93169     19.45       0.94
2016.93443     20.50       0.95
2016.93716     19.68       0.95
2016.93989     19.65       0.93
2016.94262     19.35       0.94
2016.94536     20.44       0.94
2016.94809     18.67       0.95
2016.95082     18.72       0.93
2016.95355     18.99       0.94
2016.95628     18.03       0.93
2016.95902     20.35       0.93
2016.96175     18.41       0.94
2016.96448     17.93       0.92
2016.96721     18.08       0.94
2016.96995     20.84       0.95
2016.97268     21.56       0.94
2016.97541     20.14       0.93
2016.97814     21.02       0.94
2016.98087     19.35       0.93
2016.98361     20.39       0.94
2016.98634     20.30       0.96
2016.98907     20.45       0.98
2016.99180     18.44       0.91
2016.99454     20.37       0.94
2016.99727     19.14       0.94
2017.00000     18.13       0.96
2017.00274     18.27       0.92
2017.00548     18.51       0.95
2017.00822     19.80       0.94
2017.01096     18.75       0.95
2017.01370     19.11       0.95
2017.01644     18.86       0.94
2017.01918     19.55       0.98
2017.02192     19.85       0.93
2017.02466     17.59       0.96
2017.02740     17.35       0.95
2017.03014     19.76       0.95
2017.03288     17.37       0.96
2017.03562     18.82       0.95
2017.03836     17.38       0.93
2017.04110     19.27       0.95
2017.04384     19.54       0.95
2017.04658     20.01       0.96
2017.04932     19.29       0.95
2017.05205     18.74       0.95
2017.05479     18.17       0.93
2017.05753     19.11       0.94
2017.06027     18.30       0.93
2017.06301     18.39       0.95
2017.06575     18.10       0.94
2017.06849     17.75       0.94
2017.07123     17.74       0.95
2017.07397     18.93       0.96
2017.07671     17.03       0.95
2017.07945     19.15       0.94
2017.08219     15.95       0.95
2017.08493     18.49       0.93
2017.08767     19.51       0.94
2017.09041     17.35       0.96
2017.09315     18.56       0.94
2017.09589     19.21       0.94
2017.09863     15.73       0.94
2017.10137     17.28       0.94
2017.10411     18.45       0.96
2017.10685     16.56       0.94
2017.10959     20.03       0.96
2017.11233     17.39       0.93
2017.11507     17.20       0.93
2017.11781     18.78       0.95
2017.12055     15.68       0.93
2017.12329     19.90       0.94
2017.12603     16.15       0.95
2017.12877     16.49       0.95
2017.13151     18.18       0.97
2017.13425     17.99       0.98
2017.13699     19.24       0.97
2017.13973     15.08       0.96
2017.14247     15.57       0.96
2017.14521     15.75       0.97
2017.14795     15.48       0.96
2017.15068     16.01       0.94
2017.15342     14.10       0.96
2017.15616     16.97       0.99
2017.15890     15.12       0.97
2017.16164     17.99       0.95
2017.16438     15.99       0.95
2017.16712     16.85       0.95
2017.16986     16.66       0.94
2017.17260     13.27       0.97
2017.17534     13.66       1.00
2017.17808     15.25       0.95
2017.18082     16.05       0.96
2017.18356     15.06       0.93
2017.18630     14.25       0.97
2017.18904     12.26       0.95
2017.19178     14.79       0.94
2017.19452     15.63       0.98
2017.19726     13.42       0.96
2017.20000     14.00       0.96
2017.20274     14.34       0.97
2017.20548     14.53       0.96
2017.20822     15.76       1.00
2017.21096     14.88       0.99
2017.21370     12.71       0.98
2017.21644     13.90       1.00
2017.21918     13.15       0.97
2017.22192     15.30       0.96
2017.22466     14.62       0.98
2017.22740     14.22       1.00
2017.23014     13.92       0.98
2017.23288     14.21       0.97
2017.23562     11.84       1.01
2017.23836     14.97       0.98
2017.24110     13.71       0.98
2017.24384     14.02       1.01
2017.24658     13.07       1.01
2017.24932     10.80       0.98
2017.25205     13.91       1.01
2017.25479     13.33       0.99
2017.25753     11.72       1.00
2017.26027     14.87       1.01
2017.26301     11.53       1.02
2017.26575     13.11       1.03
2017.26849     14.58       1.03
2017.27123     15.76       1.05
2017.27397     14.07       1.06
2017.27671     14.05       1.05
2017.27945     10.71       0.99
2017.28219     14.12       1.01
2017.28493     12.21       0.99
2017.28767     10.43       1.00
2017.29041     13.99       1.01
2017.29315     13.52       1.01
2017.29589     12.33       1.06
2017.29863     12.26       1.01
2017.30137     13.94       1.03
2017.30411     11.67       1.01
2017.30685      9.51       0.98
2017.30959     12.04       1.01
2017.31233     11.55       1.01
2017.31507     11.10       1.00
2017.31781      7.86       1.00
2017.32055     12.51       0.98
2017.32329     10.49       0.98
2017.32603     11.04       1.01
2017.32877     11.73       1.02
2017.33151      9.93       1.03
2017.33425     10.74       1.00
2017.33699      7.36       0.98
2017.33973      9.32       1.00
2017.34247      9.30       1.00
2017.34521     11.67       1.01
2017.34795      9.48       1.01
2017.35068     10.32       1.01
2017.35342      9.96       1.00
2017.35616      9.62       1.02
2017.35890     11.16       1.04
2017.36164     10.57       1.00
2017.36438     10.48       1.00
2017.36712      9.51       1.01
2017.36986      9.16       1.01
2017.37260     10.16       1.01
2017.37534      8.01       1.00
2017.37808      8.30       1.04
2017.38082     11.55       1.00
2017.38356     12.04       1.03
2017.38630     12.67       0.98
2017.38904      6.35       1.00
2017.39178      8.02       1.03
2017.39452      7.11       1.03
2017.39726     10.68       0.98
2017.40000      8.45       0.99
2017.40274      9.15       0.99
2017.40548      9.30       1.01
2017.40822      8.84       1.03
2017.41096     11.22       0.99
2017.41370     13.24       1.04
2017.41644     11.19       1.03
2017.41918     11.23       1.07
2017.42192      8.13       1.04
2017.42466     10.50       1.01
2017.42740      7.93       1.01
2017.43014      9.98       1.02
2017.43288     10.79       1.07
2017.43562      8.48       1.05
2017.43836     11.30       1.03
2017.44110     11.47       1.01
2017.44384      5.69       1.06
2017.44658      6.28       1.07
2017.44932      7.37       1.08
2017.45205      7.98       1.15
2017.45479      7.54       1.12
2017.45753      8.84       1.09
2017.46027      9.07       1.09
2017.46301     12.48       1.04
2017.46575      8.38       1.11
2017.46849      9.94       1.03
2017.47123      9.92       1.01
2017.47397      5.61       1.05
2017.47671     10.99       1.04
2017.47945      8.11       1.04
2017.48219      9.57       1.06
2017.48493      9.86       1.06
2017.48767      5.17       1.07
2017.49041      3.51       1.09
2017.49315      6.86       1.06
2017.49589     10.44       1.06
2017.49863      9.32       1.11
2017.50137      6.20       1.10
2017.50411     12.41       1.05
2017.50685      7.66       1.05
2017.50959      6.90       1.13
2017.51233      7.08       1.06
2017.51507      9.55       1.05
2017.51781      5.81       1.05
2017.52055      3.16       1.11
2017.52329     12.12       1.16
2017.52603      6.44       1.12
2017.52877      4.94       1.09
2017.53151      7.98       1.12
2017.53425      5.13       1.08
2017.53699      8.67       1.07
2017.53973      5.78       1.03
2017.54247      7.30       1.08
2017.54521      7.18       1.06
2017.54795      7.02       1.08
2017.55068      4.81       1.07
2017.55342      6.31       1.06
2017.55616      9.05       1.08
2017.55890      3.52       1.11
2017.56164      8.18       1.12
2017.56438      7.45       1.08
2017.56712      4.02       1.12
2017.56986      6.84       1.08
2017.57260     11.56       1.09
2017.57534      3.55       1.15
2017.57808      8.14       1.17
2017.58082      6.09       1.12
2017.58356      7.81       1.04
2017.58630      7.08       1.13
2017.58904      9.25       1.11
2017.59178      5.86       1.08
2017.59452      7.49       0.99
2017.59726      7.25       0.97
2017.60000      7.22       0.96
2017.60274      6.85       1.02
2017.60548      4.33       0.98
2017.60822      6.19       1.01
2017.61096      6.81       0.97
2017.61370      4.54       0.94
2017.61644      5.82       0.97
2017.61918      4.28       0.97
2017.62192      3.24       0.96
2017.62466      5.64       0.99
2017.62740      4.30       1.00
2017.63014      2.66       0.97
2017.63288      4.59       0.99
2017.63562      2.84       0.98
2017.63836      7.14       0.97
2017.64110      6.61       0.96
2017.64384      4.32       0.98
2017.64658      1.92       1.00
2017.64932      3.40       0.95
2017.65205      2.08       0.98
2017.65479      1.06       1.00
2017.65753      0.93       0.99
2017.66027      2.34       1.00
2017.66301      2.10       1.00
2017.66575      4.32       1.02
2017.66849      1.75       0.96
2017.67123      5.69       0.98
2017.67397     -2.22       1.00
2017.67671      2.77       0.95
2017.67945      4.59       0.93
2017.68219      5.97       0.98
2017.68493      3.86       0.96
2017.68767      2.73       1.00
2017.69041      2.13       0.98
2017.69315      0.09       0.99
2017.69589      4.10       0.97
2017.69863      3.43       1.02
2017.70137     -0.09       0.97
2017.70411     -0.13       0.94
2017.70685      0.98       0.94
2017.70959      1.77       1.01
2017.71233      1.08       0.97
2017.71507      3.96       0.98
2017.71781      0.83       0.93
2017.72055      3.44       0.96
2017.72329     -1.46       0.95
2017.72603      0.87       0.93
2017.72877      3.26       0.97
2017.73151      2.44       1.00
2017.73425      2.31       0.97
2017.73699      2.53       0.95
2017.73973     -1.80       0.97
2017.74247      3.45       1.01
2017.74521      3.61       0.96
2017.74795      0.78       1.00
2017.75068     -1.98       1.01
2017.75342     -1.11       0.99
2017.75616      2.78       1.03
2017.75890      5.16       0.97
2017.76164      1.12       0.96
2017.76438      1.18       0.99
2017.76712      1.98       1.02
2017.76986      1.51       0.99
2017.77260      0.34       1.00
2017.77534     -0.68       1.01
2017.77808     -1.84       0.99
2017.78082     -1.06       0.97
2017.78356      1.31       0.99
2017.78630      1.47       1.04
2017.78904      1.32       1.00
2017.79178     -0.85       0.98
2017.79452      1.23       0.95
2017.79726      0.39       0.97
2017.80000      1.83       0.98
2017.80274      0.04       0.95
2017.80548      2.81       0.95
2017.80822      0.19       0.95
2017.81096      0.90       0.94
2017.81370      0.78       0.92
2017.81644      0.07       0.96
2017.81918      0.70       1.00
2017.82192      0.73       0.97
2017.82466      0.68       0.95
2017.82740      1.04       0.96
2017.83014     -0.19       0.97
2017.83288     -1.22       0.98
2017.83562     -0.48       1.00
2017.83836      1.19       0.98
2017.84110     -1.61       0.98
2017.84384      0.60       0.95
2017.84658     -1.12       0.97
2017.84932      1.22       0.98
2017.85205     -0.95       0.95
2017.85479     -0.09       0.99
2017.85753      1.16       0.97
2017.86027      0.76       1.00
2017.86301      0.28       0.95
2017.86575      1.67       0.94
2017.86849     -0.50       0.94
2017.87123     -1.24       0.95
2017.87397     -0.29       0.98
2017.87671     -1.58       0.95
2017.87945     -1.99       0.99
2017.88219     -0.20       0.98
2017.88493      0.82       0.98
2017.88767     -0.98       0.97
2017.89041     -1.81       0.97
2017.89315     -1.62       0.97
2017.89589      0.76       0.99
2017.89863     -0.04       0.96
2017.90137      0.30       0.97
2017.90411     -2.00       0.97
2017.90685     -1.80       0.98
2017.90959      0.19       1.00
2017.91233     -0.71       0.99
2017.91507     -1.80       0.96
2017.91781     -1.82       0.96
2017.92055      0.22       0.97
2017.92329     -4.24       0.97
2017.92603     -2.29       0.96
2017.92877     -1.43       0.97
2017.93151     -1.39       0.98
2017.93425      0.64       0.96
2017.93699      0.18       0.96
2017.93973      0.07       0.98
2017.94247     -1.68       0.96
2017.94521     -0.03       0.98
2017.94795     -0.16       0.96
2017.95068     -2.64       0.99
2017.95342     -1.04       0.98
2017.95616     -3.89       0.97
2017.95890     -2.39       0.98
2017.96164     -0.98       0.97
2017.96438     -2.21       1.02
2017.96712     -0.18       1.01
2017.96986     -1.03       0.98
2017.97260     -1.50       0.98
2017.97534     -0.87       0.97
2017.97808     -0.77       0.98
2017.98082     -1.81       0.98
2017.98356     -0.53       0.98
2017.98630      0.24       0.97
2017.98904      0.94       1.00
2017.99178     -1.12       1.00
2017.99452     -2.26       0.99
2017.99726      0.11       0.97
2018.00000     -0.32       0.97
2018.00274      0.03       0.97
2018.00548      1.07       0.99
2018.00822      0.56       1.00
2018.01096     -0.40       0.98
2018.01370      0.30       0.99
2018.01644     -0.07       0.99
2018.01918     -2.41       1.02
2018.02192     -0.56       1.01
2018.02466     -2.58       0.99
2018.02740     -1.58       0.98
2018.03014     -0.63       0.98
2018.03288     -1.68       0.99
2018.03562     -1.04       0.99
2018.03836     -1.23       0.98
2018.04110      0.87       0.99
2018.04384     -2.57       1.00
2018.04658     -1.23       1.00
2018.04932     -1.64       1.35
2018.05205     -1.88       1.00
2018.05479      0.20       1.01
2018.05753     -1.55       0.99
2018.06027     -2.45       1.00
2018.06301     -3.03       0.99
2018.06575     -1.11       0.99
2018.06849     -3.07       0.99
2018.07123     -2.55       0.99
2018.07397     -2.63       1.00
2018.07671     -0.50       1.00
2018.07945     -2.35       0.96
2018.08219     -1.69       0.99
2018.08493     -1.20       1.00
2018.08767     -0.66       1.00
2018.09041     -1.55       0.98
2018.09315     -1.39       0.98
2018.09589     -1.67       0.99
2018.09863     -1.29       0.99
2018.10137     -3.18       0.98
2018.10411     -1.68       1.00
2018.10685     -0.25       0.99
2018.10959     -2.49       1.00
2018.11233     -1.59       0.97
2018.11507     -2.32       0.97
2018.11781      0.39       1.00
2018.12055     -0.25       1.02
2018.12329      0.98       1.00
2018.12603     -0.32       0.99
2018.12877     -1.49       0.97
2018.13151     -1.30       0.96
2018.13425     -0.44       0.97
2018.13699     -1.35       0.99
2018.13973     -2.08       1.00
2018.14247     -1.85       1.00
2018.14521     -2.16       1.04
2018.14795     -2.18       1.04
2018.15068     -2.12       0.98
2018.15342     -2.88       0.99
2018.15616     -2.88       0.99
2018.15890     -2.51       0.99
2018.16164     -2.03       0.99
2018.16438     -3.17       0.97
2018.16712     -1.93       0.99
2018.16986     -1.27       1.01
2018.17260     -4.16       0.99
2018.17534     -4.81       0.98
2018.17808     -3.37       0.99
2018.18082     -3.93       1.00
2018.18356     -4.46       1.00
2018.18630     -2.56       1.00
2018.18904     -4.11       1.01
2018.19178     -4.75       1.00
2018.19452     -5.87       1.02
2018.19726     -3.98       1.00
2018.20000     -3.55       1.09
2018.20274     -7.81       1.02
2018.20548     -5.95       1.01
2018.20822     -4.10       1.01
2018.21096     -3.38       1.02
2018.21370     -6.71       1.03
2018.21644     -5.20       1.01
2018.21918     -5.11       1.01
2018.22192     -6.70       0.99
2018.22466     -6.56       0.99
2018.22740     -4.27       0.99
2018.23014     -4.80       1.00
2018.23288     -7.44       1.05
2018.23562     -4.65       1.20
2018.23836     -5.08       1.00
2018.24110     -7.46       0.99
2018.24384     -6.26       0.99
2018.24658     -6.32       0.99
2018.24932     -7.62       0.98
2018.25205     -6.24       1.00
2018.25479     -3.87       0.99
2018.25753     -4.69       1.03
2018.26027     -5.72       1.01
2018.26301     -5.10       1.00
2018.26575     -6.07       0.98
2018.26849     -5.60       0.98
2018.27123     -5.68       0.98
2018.27397     -5.52       0.97
2018.27671     -5.32       1.01
2018.27945     -7.22       1.07
2018.28219     -9.22       1.03
2018.28493     -6.46       1.03
2018.28767     -7.37       1.01
2018.29041     -8.58       1.03
2018.29315     -9.02       0.99
2018.29589     -6.45       0.99
2018.29863     -6.36       1.02
2018.30137     -6.18       0.98
2018.30411     -5.70       1.01
2018.30685     -7.12       1.02
2018.30959     -7.45       1.00
2018.31233     -6.55       0.98
2018.31507     -6.81       1.00
2018.31781     -7.22       1.03
2018.32055     -8.85       0.99
2018.32329     -8.05       0.98
2018.32603     -8.12       0.99
2018.32877     -6.79       1.02
2018.33151     -6.85       0.99
2018.33425    -10.18       0.99
2018.33699     -7.58       0.99
2018.33973     -9.13       0.99
2018.34247     -6.55       0.99
2018.34521     -8.26       1.01
2018.34795     -4.18       1.04
2018.35068     -5.15       1.01
2018.35342     -6.73       0.97
2018.35616     -8.50       1.00
2018.35890     -7.99       0.97
2018.36164     -7.18       1.00
2018.36438     -6.96       0.99
2018.36712     -9.47       0.99
2018.36986     -7.13       0.99
2018.37260     -6.73       1.00
2018.37534     -6.65       1.01
2018.37808     -7.64       1.00
2018.38082     -9.50       0.99
2018.38356     -7.94       1.00
2018.38630    -11.18       0.99
2018.38904     -7.27       0.99
2018.39178     -7.61       1.00
2018.39452     -8.89       0.98
2018.39726     -7.54       0.99
2018.40000    -10.36       0.99
2018.40274    -11.55       1.02
2018.40548     -9.88       1.01
2018.40822    -11.21       1.00
2018.41096     -9.50       1.00
2018.41370     -8.11       1.00
2018.41644     -9.23       0.99
2018.41918    -10.88       1.00
2018.42192     -8.77       1.00
2018.42466    -10.59       0.98
2018.42740     -6.45       1.76
2018.43014     -6.79       1.04
2018.43288     -9.15       1.00
2018.43562     -9.73       1.00
2018.43836     -5.59       1.07
2018.44110     -9.23       1.02
2018.44384     -7.80       0.99
2018.44658    -10.52       0.97
2018.44932     -9.42       1.02
2018.45205     -9.49       0.98
2018.45479    -10.34       1.00
2018.45753     -7.15       1.01
2018.46027     -7.89       1.06
2018.46301     -8.52       1.00
2018.46575     -6.45       0.99
2018.46849     -6.05       1.00
2018.47123    -10.52       1.00
2018.47397     -8.68       0.99
2018.47671     -8.94       0.99
2018.47945     -9.30       1.02
2018.48219     -9.57       1.01
2018.48493    -10.27       0.99
2018.48767     -8.83       0.98
2018.49041     -6.91       0.99
2018.49315    -13.56       1.06
2018.49589    -10.92       1.10
2018.49863     -7.68       1.09
2018.50137     -7.72       1.06
2018.50411     -8.14       1.01
2018.50685     -7.22       1.01
2018.50959     -9.18       0.97
2018.51233     -6.65       1.02
2018.51507     -9.27       1.00
2018.51781     -8.87       0.97
2018.52055     -7.06       1.29
2018.52329     -9.53       1.04
2018.52603    -11.16       1.00
2018.52877     -7.02       0.99
2018.53151     -7.29       1.04
2018.53425     -8.96       0.98
2018.53699     -5.10       1.22
2018.53973     -8.69       0.97
2018.54247    -12.68       0.99
2018.54521     -5.59       1.08
2018.54795     -3.81       1.06
2018.55068    -13.49       1.01
2018.55342     -9.91       1.03
2018.55616     -9.24       0.99
2018.55890     -9.10       1.01
2018.56164    -13.80       0.99
2018.56438    -10.49       0.98
2018.56712     -7.34       1.31
2018.56986     -8.38       1.07
2018.57260    -14.45       1.03
2018.57534     -8.51       1.02
2018.57808    -10.85       1.07
2018.58082     -9.35       1.01
2018.58356    -11.99       1.06
2018.58630    -11.23       1.03
2018.58904    -11.42       1.03
2018.59178    -13.09       1.00
2018.59452    -12.80       1.02
2018.59726     -8.57       1.03
2018.60000    -13.14       1.03
2018.60274    -15.84       1.05
2018.60548    -13.78       1.08
2018.60822    -15.35       1.02
2018.61096    -13.07       1.05
2018.61370    -10.39       1.01
2018.61644    -11.03       1.04
2018.61918     -9.86       1.03
2018.62192    -15.01       1.06
2018.62466     -9.40       1.04
2018.62740     -9.26       1.00
2018.63014    -11.56       0.97
2018.63288    -10.41       1.03
2018.63562    -10.59       1.00
2018.63836     -8.23       1.08
2018.64110    -12.23       1.08
2018.64384     -6.62       1.29
2018.64658    -11.71       0.99
2018.64932     -9.67       1.02
2018.65205    -11.52       1.01
2018.65479    -10.41       1.02
2018.65753     -9.87       0.99
2018.66027    -11.49       0.99
2018.66301    -11.33       0.98
2018.66575    -10.36       0.98
2018.66849    -11.42       0.96
2018.67123    -10.92       0.99
2018.67397    -12.97       0.98
2018.67671    -12.99       1.01
2018.67945    -12.64       1.03
2018.68219    -12.16       1.05
2018.68493    -10.81       0.99
2018.68767    -12.18       0.98
2018.69041    -15.01       0.98
2018.69315    -13.86       1.01
2018.69589    -13.51       1.00
2018.69863    -13.42       0.98
2018.70137    -15.60       1.04
2018.70411    -14.67       1.04
2018.70685    -11.84       1.01
2018.70959    -12.57       1.00
2018.71233    -14.87       1.01
2018.71507    -10.09       1.02
2018.71781    -13.37       1.04
2018.72055    -14.17       1.03
2018.72329    -13.64       1.02
2018.72603    -13.69       1.04
2018.72877    -14.51       1.02
2018.73151    -10.90       0.99
2018.73425    -16.40       1.02
2018.73699    -13.49       1.02
2018.73973    -15.50       1.00
2018.74247    -16.81       1.03
2018.74521    -14.47       1.00
2018.74795    -12.82       1.02
2018.75068    -14.87       1.00
2018.75342    -15.55       1.00
2018.75616    -15.25       1.02
2018.75890    -13.52       0.98
2018.76164    -13.48       0.99
2018.76438    -15.76       0.99
2018.76712    -15.57       0.98
2018.76986    -15.96       0.98
2018.77260    -13.85       1.03
2018.77534    -14.21       0.99
2018.77808    -14.22       1.02
2018.78082    -15.27       1.01
2018.78356    -14.60       0.99
2018.78630    -15.41       1.00
2018.78904    -14.89       1.05
2018.79178    -14.35       1.00
2018.79452    -13.54       0.99
2018.79726    -14.18       0.99
2018.80000    -14.53       0.99
2018.80274    -14.80       1.02
2018.80548    -15.03       1.00
2018.80822    -13.43       0.99
2018.81096    -12.22       1.03
2018.81370    -13.95       1.02
2018.81644    -15.90       0.99
2018.81918    -13.94       0.98
2018.82192    -13.59       0.98
2018.82466    -12.59       1.03
2018.82740    -13.20       1.01
2018.83014    -12.99       1.01
2018.83288    -14.88       1.01
2018.83562    -16.12       1.03
2018.83836    -13.98       1.00
2018.84110    -13.63       0.99
2018.84384    -12.54       0.99
2018.84658    -15.75       1.00
2018.84932    -14.69       0.97
2018.85205    -14.64       0.99
2018.85479    -13.38       1.00
2018.85753    -14.72       1.03
2018.86027    -15.29       1.00
2018.86301    -14.95       1.02
2018.86575    -16.49       0.99
2018.86849    -13.72       0.98
2018.87123    -15.08       0.97
2018.87397    -15.57       0.98
2018.87671    -13.98       0.98
2018.87945    -14.00       1.02
2018.88219    -14.52       1.01
2018.88493    -14.38       0.99
2018.88767    -14.40       1.02
2018.89041    -14.24       1.00
2018.89315    -16.88       1.01
2018.89589    -16.47       1.04
2018.89863    -13.93       1.02
2018.90137    -15.09       0.99
2018.90411    -15.36       1.01
2018.90685    -17.47       1.00
2018.90959    -13.90       1.02
2018.91233    -13.05       1.31
2018.91507    -12.96       1.03
2018.91781    -14.32       1.01
2018.92055    -16.79       1.01
2018.92329    -13.99       1.01
2018.92603    -17.90       1.00
2018.92877    -16.01       0.99
2018.93151    -14.50       1.04
2018.93425    -15.60       1.03
2018.93699    -16.56       1.01
2018.93973    -14.84       1.02
2018.94247    -14.79       0.99
2018.94521    -13.60       0.99
2018.95068    -15.73       1.01
2018.95342    -17.43       1.00
2018.95616    -15.56       0.99
2018.95890    -14.87       1.00
2018.96164    -13.75       1.00
2018.96438    -14.93       0.99
2018.96712    -14.75       0.99
2018.96986    -15.94       1.01
2018.97260    -13.05       0.99
2018.97534    -13.14       0.98
2018.97808    -13.81       0.97
2018.98082    -17.04       0.99
2018.98356    -15.00       1.02
2018.98630    -15.18       0.99
2018.98904    -16.96       1.05
2018.99178    -14.88       1.01
2018.99452    -14.76       1.01
2018.99726    -16.20       1.00
2019.00000    -16.22       1.00
2019.00274    -14.32       1.01
2019.00548    -14.22       0.99
2019.00822    -11.13       0.98
2019.01096    -15.93       1.00
2019.01370    -15.25       1.01
2019.01644    -15.39       1.00
2019.01918    -14.48       0.99
2019.02192    -15.90       0.98
2019.02466    -14.03       0.98
2019.02740    -17.54       1.02
2019.03014    -15.84       1.03
2019.03288    -13.29       0.99
2019.03562    -15.71       0.98
2019.03836    -17.62       1.00
2019.04110    -14.76       0.99
2019.04384    -15.80       0.99
2019.04658    -16.84       1.00
2019.04932    -14.80       1.00
2019.05205    -15.12       1.00
2019.05479    -14.03       1.00
2019.05753    -16.17       1.03
2019.06027    -15.11       1.02
2019.06301    -15.52       1.01
2019.06575    -15.62       1.02
2019.06849    -15.55       0.99
2019.07123    -16.73       0.99
2019.07397    -15.59       0.98
2019.07671    -17.24       0.97
2019.07945    -15.06       0.99
2019.08219    -14.42       0.99
2019.08493    -15.79       0.97
2019.08767    -14.46       0.97
2019.09041    -14.66       1.04
2019.09315    -13.89       0.99
2019.09589    -16.36       0.97
2019.09863    -14.56       0.99
2019.10137    -16.47       0.99
2019.10411    -14.09       0.99
2019.10685    -14.23       0.98
2019.10959    -14.14       0.94
2019.11233    -13.35       1.02
2019.11507    -14.38       1.02
2019.11781    -15.59       0.96
2019.12055    -16.34       1.00
2019.12329    -18.64       0.99
2019.12603    -15.89       0.98
2019.12877    -16.19       0.98
2019.13151    -15.16       0.99
2019.13425    -17.28       1.23
2019.13699    -17.54       0.96
2019.13973    -16.47       1.00
2019.14247    -17.89       0.98
2019.14521    -15.94       0.98
2019.14795    -14.67       0.98
2019.15068    -14.90       0.97
2019.15342    -15.34       0.97
2019.15616    -15.55       0.98
2019.15890    -17.18       0.98
2019.16164    -17.41       1.02
2019.16438    -16.55       0.97
2019.16712    -16.74       0.98
2019.16986    -16.41       0.96
2019.17260    -18.98       1.00
2019.17534    -16.94       1.00
2019.17808    -18.63       0.97
2019.18082    -15.98       1.00
2019.18356    -18.90       0.98
2019.18630    -18.63       0.99
2019.18904    -18.40       0.97
2019.19178    -18.53       0.97
2019.19452    -18.61       1.01
2019.19726    -17.21       0.96
2019.20000    -19.43       0.99
2019.20274    -16.77       1.09
2019.20548    -19.98       0.98
2019.20822    -17.76       0.97
2019.21096    -17.34       0.98
2019.21370    -19.00       0.96
2019.21644    -16.80       0.99
2019.21918    -19.76       1.01
2019.22192    -16.85       0.98
2019.22466    -18.02       0.97
2019.22740    -16.70       0.97
2019.23014    -17.87       0.98
2019.23288    -19.48       0.99
2019.23562    -18.44       0.97
2019.23836    -16.23       0.99
2019.24110    -18.18       1.00
2019.24384    -17.31       1.01
2019.24658    -18.74       1.02
2019.24932    -19.71       0.99
2019.25205    -20.40       1.01
2019.25479    -19.87       0.97
2019.25753    -19.43       0.99
2019.26027    -21.16       1.00
2019.26301    -21.45       1.03
2019.26575    -17.67       0.99
2019.26849    -18.94       1.09
2019.27123    -19.12       1.04
2019.27397    -18.18       1.04
2019.27671    -19.59       1.04
2019.27945    -19.31       1.02
2019.28219    -19.72       1.01
2019.28493    -20.45       1.02
2019.28767    -21.63       1.01
2019.29041    -18.83       1.02
2019.29315    -20.25       1.03
2019.29589    -19.95       1.08
2019.29863    -19.31       1.05
2019.30137    -19.92       1.07
2019.30411    -17.53       1.06
2019.30685    -18.29       1.01
2019.30959    -21.07       1.02
2019.31233    -19.57       1.06
2019.31507    -22.03       1.00
2019.31781    -20.39       1.02
2019.32055    -19.07       1.00
2019.32329    -19.12       1.02
2019.32603    -18.69       1.08
2019.32877    -19.16       1.02
2019.33151    -23.84       1.04
2019.33425    -19.35       1.03
2019.33699    -19.89       1.02
2019.33973    -21.19       1.02
2019.34247    -20.84       1.00
2019.34521    -21.64       1.05
2019.34795    -21.08       1.03
2019.35068    -20.19       1.04
2019.35342    -20.17       1.00
2019.35616    -20.88       1.05
2019.35890    -20.73       1.05
2019.36164    -20.73       1.00
2019.36438    -21.11       1.04
2019.36712    -20.91       1.03
2019.36986    -24.45       1.07
2019.37260    -22.49       1.08
2019.37534    -20.36       1.10
2019.37808    -22.80       1.08
2019.38082    -20.56       1.10
2019.38356    -21.57       1.03
2019.38630    -20.71       1.04
2019.38904    -18.01       1.04
2019.39178    -21.40       1.04
2019.39452    -25.25       1.06
2019.39726    -22.94       1.05
2019.40000    -21.37       1.04
2019.40274    -21.62       1.04
2019.40548    -21.16       1.05
2019.40822    -22.10       1.04
2019.41096    -21.97       1.07
2019.41370    -22.97       1.06
2019.41644    -23.52       1.07
2019.41918    -21.92       1.06
2019.42192    -23.85       1.07
2019.42466    -23.40       1.06
2019.42740    -20.29       1.08
2019.43014    -23.02       1.08
2019.43288    -21.98       1.05
2019.43562    -18.56       1.04
2019.43836    -24.37       1.10
2019.44110    -20.60       1.12
2019.44384    -19.84       1.03
2019.44658    -23.00       1.13
2019.44932    -23.12       1.26
2019.45205    -21.10       1.02
2019.45479    -24.93       1.06
2019.45753    -25.07       1.01
2019.46027    -24.57       1.04
2019.46301    -23.88       1.07
2019.46575    -22.08       1.09
2019.46849    -19.92       1.08
2019.47123    -25.01       1.07
2019.47397    -23.23       1.11
2019.47671    -23.09       1.04
2019.47945    -24.26       1.04
2019.48219    -19.55       1.02
2019.48493    -21.65       1.04
2019.48767    -25.38       1.04
2019.49041    -21.27       1.05
2019.49315    -23.53       1.04
2019.49589    -23.55       1.04
2019.49863    -22.78       1.10
2019.50137    -19.78       1.04
2019.50411    -21.04       1.06
2019.50685    -20.48       1.02
2019.50959    -22.02       1.06
2019.51233    -23.16       1.09
2019.51507    -21.80       1.08
2019.51781    -20.46       1.15
2019.52055    -19.40       1.17
2019.52329    -20.88       1.04
2019.52603    -22.65       1.05
2019.52877    -22.37       1.14
2019.53151    -23.57       1.04
2019.53425    -25.60       1.07
2019.53699    -24.28       1.05
2019.53973    -21.68       1.06
2019.54247    -19.67       1.15
2019.54521    -22.36       1.23
2019.54795    -23.86       1.06
2019.55068    -22.03       1.07
2019.55342    -22.41       1.05
2019.55616    -24.31       1.06
2019.55890    -21.47       1.06
2019.56164    -25.63       1.03
2019.56438    -25.33       1.04
2019.56712    -23.82       1.02
2019.56986    -23.60       1.07
2019.57260    -25.00       1.08
2019.57534    -26.95       1.05
2019.57808    -26.79       1.07
2019.58082    -26.32       1.05
2019.58356    -25.00       1.07
2019.58630    -25.71       1.04
2019.58904    -27.00       1.07
2019.59178    -25.81       1.09
2019.59452    -26.85       1.06
2019.59726    -24.43       1.11
2019.60000    -27.79       1.10
2019.60274    -25.33       1.06
2019.60548    -23.00       1.10
2019.60822    -24.71       1.09
2019.61096    -23.89       1.11
2019.61370    -25.19       1.12
2019.61644    -21.19       1.15
2019.61918    -29.08       1.18
2019.62192    -24.55       1.15
2019.62466    -23.15       1.07
2019.62740    -26.94       1.06
2019.63014    -26.78       1.02
2019.63288    -25.66       1.01
2019.63562    -23.44       1.04
2019.63836    -27.47       1.06
2019.64110    -25.87       1.42
2019.64384    -29.75       1.09
2019.64658    -25.54       1.07
2019.64932    -26.15       1.02
2019.65205    -27.04       1.04
2019.65479    -26.38       1.05
2019.65753    -26.08       1.13
2019.66027    -25.40       1.07
2019.66301    -26.79       1.04
2019.66575    -27.75       1.06
2019.66849    -27.40       1.08
2019.67123    -27.81       1.03
2019.67397    -25.80       1.07
2019.67671    -27.49       1.08
2019.67945    -24.47       1.08
2019.68219    -28.25       1.04
2019.68493    -26.55       1.09
2019.68767    -35.19       1.13
2019.69041    -23.29       1.07
2019.69315    -28.37       1.03
2019.69589    -26.93       1.03
2019.69863    -25.88       1.05
2019.70137    -25.09       1.08
2019.70411    -30.21       1.08
2019.70685    -24.95       1.03
2019.70959    -26.56       1.02
2019.71233    -29.05       1.03
2019.71507    -30.23       1.02
2019.71781    -27.85       1.05
2019.72055    -28.77       1.04
2019.72329    -29.72       1.02
2019.72603    -31.16       1.02
2019.72877    -30.68       0.99
2019.73151    -29.98       1.00
2019.73425    -30.26       0.99
2019.73699    -30.92       1.04
2019.73973    -31.11       1.15
2019.74247    -29.03       1.10
2019.74521    -29.00       1.03
2019.74795    -29.55       1.02
2019.75068    -27.85       1.03
2019.75342    -32.50       1.05
2019.75616    -29.07       1.08
2019.75890    -28.65       1.05
2019.76164    -30.52       1.01
2019.76438    -29.25       1.04
2019.76712    -29.92       1.02
2019.76986    -29.81       1.05
2019.77260    -28.42       1.08
2019.77534    -32.27       1.06
2019.77808    -34.64       1.07
2019.78082    -30.34       1.04
2019.78356    -33.56       1.03
2019.78630    -29.68       1.03
2019.78904    -32.66       1.03
2019.79178    -31.94       1.05
2019.79452    -31.17       1.06
2019.79726    -30.91       1.03
2019.80000    -30.83       1.03
2019.80274    -30.84       1.05
2019.80548    -32.34       1.04
2019.80822    -31.71       1.04
2019.81096    -31.79       1.03
2019.81370    -32.05       1.05
2019.81644    -30.92       1.06
2019.81918    -27.49       1.05
2019.82192    -31.38       1.04
2019.82466    -31.55       1.05
2019.82740    -31.19       1.04
2019.83014    -32.53       1.09
2019.83288    -29.93       1.08
2019.83562    -30.12       1.10
2019.83836    -32.13       1.06
2019.84110    -29.48       1.05
2019.84384    -30.64       1.27
2019.84658    -32.66       1.03
2019.84932    -30.60       1.04
2019.85205    -31.04       1.02
2019.85479    -33.50       1.03
2019.85753    -32.65       1.05
2019.86027    -32.17       1.02
2019.86301    -32.89       1.02
2019.86575    -31.03       1.03
2019.86849    -34.58       1.03
2019.87123    -33.58       1.06
2019.87397    -31.56       1.01
2019.87671    -32.56       1.07
2019.87945    -31.99       1.04
2019.88219    -33.08       1.01
2019.88493    -32.88       1.03
2019.88767    -33.66       1.05
2019.89041    -32.60       1.03
2019.89315    -32.69       1.04
2019.89589    -32.85       1.03
2019.89863    -32.38       1.04
2019.90137    -32.51       1.03
2019.90411    -33.62       1.03
2019.90685    -34.39       1.03
2019.90959    -31.72       1.03
2019.91233    -34.43       1.05
2019.91507    -31.44       1.04
2019.91781    -31.84       1.01
2019.92055    -33.91       1.03
2019.92329    -30.80       1.05
2019.92603    -34.14       1.05
2019.92877    -33.03       1.06
2019.93151    -31.63       1.00
2019.93425    -33.60       1.02
2019.93699    -31.79       1.04
2019.93973    -33.66       1.04
2019.94247    -31.42       1.01
2019.94521    -32.24       1.00
2019.94795    -29.12       1.01
2019.95068    -30.22       1.05
2019.95342    -31.23       1.00
2019.95616    -29.32       1.02
2019.95890    -29.60       1.03
2019.96164    -28.46       0.99
2019.96438    -30.27       1.02
2019.96712    -28.63       1.06
2019.96986    -29.29       1.00
2019.97260    -31.71       1.01
2019.97534    -31.56       1.02
2019.97808    -28.76       0.99
2019.98082    -31.33       1.02
2019.98356    -31.30       1.00
2019.98630    -30.90       1.05
2019.98904    -30.80       1.02
2019.99178    -28.05       1.02
2019.99452    -29.18       1.00
2019.99726    -29.35       1.00
2020.00000    -27.98       1.00
2020.00273    -28.63       1.00
2020.00546    -30.48       1.01
2020.00820    -31.50       1.02
2020.01093    -30.73       1.06
2020.01366    -30.65       1.02
2020.01639    -30.89       1.02
2020.01913    -32.83       1.01
2020.02186    -29.84       1.04
2020.02459    -29.12       1.03
2020.02732    -30.58       0.99
2020.03005    -29.52       1.00
2020.03279    -28.57       1.01
2020.03552    -30.56       1.00
2020.03825    -27.86       0.99
2020.04098    -29.75       0.99
2020.04372    -30.73       0.99
2020.04645    -30.37       0.97
2020.04918    -27.77       1.01
2020.05191    -27.84       0.99
2020.05464    -30.92       0.98
2020.05738    -30.19       0.99
2020.06011    -30.22       0.99
2020.06284    -30.23       0.97
2020.06557    -29.57       1.06
2020.06831    -28.81       1.01
2020.07104    -28.20       0.99
2020.07377    -31.37       0.98
2020.07650    -32.16       0.99
2020.07923    -30.42       1.01
2020.08197    -30.26       0.98
2020.08470    -32.41       1.00
2020.08743    -31.10       0.97
2020.09016    -31.17       0.98
2020.09290    -30.21       0.98
2020.09563    -32.04       0.98
2020.09836    -31.47       0.99
2020.10109    -32.41       0.97
2020.10383    -30.99       1.00
2020.10656    -29.99       1.00
2020.10929    -31.54       1.00
2020.11202    -30.81       1.01
2020.11475    -32.22       1.00
2020.11749    -30.93       1.00
2020.12022    -30.42       1.10
2020.12295    -33.92       1.04
2020.12568    -30.44       1.05
2020.12842    -31.38       1.03
2020.13115    -30.41       1.03
2020.13388    -31.04       1.03
2020.13661    -31.95       1.05
2020.13934    -31.55       1.04
2020.14208    -31.04       1.03
2020.14481    -31.80       1.04
2020.14754    -30.37       1.04
2020.15027    -30.02       1.04
2020.15301    -31.12       1.06
2020.15574    -32.49       1.03
2020.15847    -30.58       1.04
2020.16120    -28.63       1.05
2020.16393    -30.97       1.03
2020.16667    -31.48       1.02
2020.16940    -30.95       1.04
2020.17213    -30.72       1.05
2020.17486    -32.17       1.05
2020.17760    -32.04       1.03
2020.18033    -30.29       1.04
2020.18306    -31.50       1.04
2020.18579    -29.42       1.04
2020.18852    -27.91       1.04
2020.19126    -29.99       1.04
2020.19399    -32.16       1.06
2020.19672    -31.09       1.04
2020.19945    -31.65       1.05
2020.20219    -30.62       1.05
2020.20492    -33.54       1.07
2020.20765    -33.95       1.06
2020.21038    -31.46       1.07
2020.21311    -31.90       1.18
2020.21585    -31.19       1.08
2020.21858    -33.76       1.06
2020.22131    -31.56       1.06
2020.22404    -33.13       1.14
2020.22678    -33.75       1.05
2020.22951    -31.08       1.05
2020.23224    -30.30       1.09
2020.23497    -33.66       1.09
2020.23770    -32.28       1.05
2020.24044    -30.46       1.07
2020.24317    -31.52       1.08
2020.24590    -30.83       1.06
2020.24863    -31.49       1.06
2020.25137    -32.71       1.07
2020.25410    -33.98       1.08
2020.25683    -33.18       1.09
2020.25956    -33.57       1.06
2020.26230    -36.79       1.07
2020.26503    -35.38       1.07
2020.26776    -35.95       1.07
2020.27049    -35.40       1.06
2020.27322    -35.14       1.10
2020.27596    -34.74       1.06
2020.27869    -34.30       1.10
2020.28142    -34.89       1.08
2020.28415    -36.34       1.06
2020.28689    -35.62       1.07
2020.28962    -34.26       1.05
2020.29235    -37.27       1.07
2020.29508    -37.31       1.07
2020.29781    -33.01       1.10
2020.30055    -36.57       1.06
2020.30328    -36.17       1.08
2020.30601    -37.56       1.04
2020.30874    -34.01       1.10
2020.31148    -34.14       1.10
2020.31421    -33.97       1.08
2020.31694    -35.65       1.07
2020.31967    -35.56       1.13
2020.33880    -34.07       1.34
2020.34153    -33.12       1.12
2020.34426    -32.27       1.09
2020.34699    -35.45       1.13
2020.34973    -33.75       1.12
2020.35246    -37.28       1.13
2020.35519    -36.31       1.12
2020.35792    -36.27       1.13
2020.36066    -37.32       1.12
2020.36339    -35.20       1.12
2020.36612    -35.76       1.09
2020.36885    -34.38       1.10
2020.37158    -35.96       1.13
2020.37432    -37.35       1.13
2020.37705    -38.37       1.14
2020.37978    -37.38       1.11
2020.38251    -34.80       1.09
2020.38525    -39.20       1.10
2020.38798    -35.26       1.14
2020.39071    -37.00       1.13
2020.39617    -36.18       1.09
2020.39891    -34.39       1.20
2020.40164    -34.91       1.10
2020.40437    -39.59       1.15
2020.40710    -35.78       1.09
2020.40984    -33.93       1.10
2020.41257    -36.04       1.09
2020.41530    -37.53       1.11
2020.41803    -40.00       1.08
2020.42077    -36.09       1.09
2020.42350    -36.08       1.16
2020.42623    -34.87       1.14
2020.42896    -35.96       1.11
2020.43169    -35.96       1.11
2020.43443    -33.91       1.09
2020.43716    -36.52       1.11
2020.43989    -35.87       1.09
2020.44262    -33.78       1.13
2020.44536    -36.18       1.10
2020.44809    -37.00       1.10
2020.45082    -34.00       1.10
2020.45355    -36.60       1.09
2020.45628    -38.06       1.07
2020.45902    -36.88       1.10
2020.46175    -35.56       1.08
2020.46448    -33.71       1.12
2020.46721    -32.79       1.11
2020.46995    -35.11       1.13
2020.47268    -37.03       1.09
2020.47541    -36.99       1.17
2020.47814    -37.32       1.11
2020.48087    -38.02       1.14
2020.48361    -34.27       1.14
2020.48634    -37.75       1.13
2020.48907    -37.23       1.18
2020.49180    -37.67       1.18
2020.49454    -37.86       1.17
2020.49727    -34.47       1.12
2020.50000    -33.52       1.16
2020.50273    -33.83       1.09
2020.50546    -39.30       1.15
2020.50820    -37.16       1.11
2020.51093    -39.90       1.15
2020.51366    -39.75       1.09
2020.51639    -35.87       1.11
2020.51913    -33.18       1.14
2020.52186    -33.42       1.12
2020.52459    -33.92       1.14
2020.52732    -41.74       1.17
2020.53005    -39.42       1.14
2020.53279    -40.01       1.13
2020.53552    -40.47       1.14
2020.53825    -36.72       1.14
2020.54098    -39.27       1.13
2020.54372    -38.84       1.10
2020.54645    -39.01       1.13
2020.54918    -35.95       1.16
2020.55191    -42.44       1.12
2020.55464    -42.75       1.14
2020.55738    -41.08       1.15
2020.56011    -37.56       1.14
2020.56284    -42.18       1.13
2020.56557    -37.12       1.12
2020.56831    -39.59       1.22
2020.57104    -41.92       1.80
2020.57650    -39.99       1.33
2020.57923    -39.75       1.12
2020.58197    -39.26       1.18
2020.58470    -38.40       1.20
2020.58743    -34.38       1.16
2020.59016    -39.59       1.11
2020.59290    -40.16       1.12
2020.59563    -44.04       1.90
2020.59836    -38.16       1.25
2020.60109    -39.47       1.14
2020.60383    -37.32       1.14
2020.60656    -41.22       1.15
2020.60929    -36.71       1.12
2020.61202    -42.65       1.14
2020.63115    -66.69      31.82
2020.68306    -39.70       1.12
2020.71311    -42.32       1.24
2020.71585    -43.86       1.18
2020.74590    -43.15       1.11
2020.75137    -48.63       1.12
2020.76230    -41.90       1.09
2020.79235    -42.88       1.08
2020.80055    -41.08       3.96
2020.83060    -32.49      33.80
2020.85519    -44.95       6.08
2020.85792    -66.87      31.86
2020.94262    -40.89       1.33
2020.94536    -44.34       1.22
2020.94809    -42.73       1.23
2020.95082    -42.96       1.21
2020.95355    -44.16       1.22
2020.95628    -43.64       1.26
2020.95902    -43.06       1.20
2020.96175    -44.05       1.39
2020.96448    -39.83       1.23
2020.96721    -42.69       1.23
2020.96995    -41.22       1.25
2020.97268    -41.33       1.22
2020.97541    -39.69       1.26
2020.97814    -39.13       1.27
2020.98087    -42.80       1.25
2020.98361    -43.02       1.21
2020.98634    -39.55       1.20
2020.98907    -43.14       1.21
2020.99180    -41.84       1.22
2020.99454    -39.22       1.19
2020.99727    -40.71       1.19
2021.00000    -42.90       1.19
2021.00274    -39.63       1.24
2021.00548    -39.28       1.22
2021.00822    -37.79       1.19
2021.01096    -38.59       1.20
2021.01370    -40.93       1.19
2021.01644    -40.10       1.19
2021.01918    -38.21       1.28
2021.02192    -38.64       1.29
2021.02466    -39.91       1.30
2021.02740    -40.08       1.35
2021.03014    -41.80       1.32
2021.03288    -40.61       1.41
2021.03562    -42.91       1.39
2021.03836    -39.65       1.35
2021.04110    -41.30       1.36
2021.04384    -42.72       1.36
2021.04658    -42.83       1.29
2021.04932    -42.60       1.28
2021.05205    -42.47       1.34
2021.05479    -43.41       1.38
2021.05753    -40.25       2.20
2021.06575    -45.83       1.71
2021.06849    -42.11       1.28
2021.07123    -45.06       1.28
2021.07397    -49.05       1.34
2021.07671    -46.06       1.32
2021.07945    -45.90       1.29
2021.08219    -44.65       1.34
2021.08493    -41.98       1.33
2021.08767    -43.65       1.43
2021.09041    -46.67       1.29
2021.09315    -45.47       1.32
2021.10411    -44.38       1.39
2021.10685    -42.27       1.31
2021.10959    -41.21       1.29
2021.11233    -43.14       1.27
2021.11507    -43.79       1.33
2021.11781    -44.88       1.33
2021.12055    -45.23       1.31
2021.12329    -42.96       1.35
2021.12603    -45.40       1.34
2021.13973    -41.88       1.32
2021.14247    -43.94       1.35
