2015.70137    -41.85       5.87
2015.70411    -43.62       4.48
2015.70685    -48.16       4.61
2015.70959    -52.32       4.47
2015.71233    -52.90       4.64
2015.71507    -45.04       4.65
2015.71781    -41.35       4.59
2015.72055    -45.00       4.94
2015.72329    -38.15       4.58
2015.72603    -36.18       4.47
2015.72877    -44.15       4.52
2015.73151    -48.44       4.83
2015.73425    -48.00       4.62
2015.73699    -38.79       4.83
2015.73973    -37.33       5.42
2015.74247    -44.25       4.68
2015.74521    -40.06       5.07
2015.74795    -34.32       4.94
2015.75068    -38.96       4.42
2015.75342    -39.40       4.37
2015.75616    -33.92       4.53
2015.75890    -37.99       4.41
2015.76164    -42.57       5.05
2015.76438    -34.52       4.65
2015.76712    -33.73       4.59
2015.76986    -38.45       4.70
2015.77260    -46.21       4.44
2015.77534    -37.27       4.44
2015.77808    -48.67       4.75
2015.78082    -45.15       4.40
2015.78356    -40.62       4.65
2015.78630    -47.82       4.94
2015.78904    -44.73       4.54
2015.79178    -44.86       4.45
2015.79452    -33.93       4.53
2015.79726    -31.02       5.03
2015.80000    -34.80       4.99
2015.80274    -42.65       5.10
2015.80548    -25.58       4.96
2015.80822    -36.69       4.49
2015.81096    -48.21       4.64
2015.81370    -46.67       4.53
2015.81644    -40.63       4.74
2015.81918    -47.19       4.49
2015.82192    -45.71       4.59
2015.82466    -46.08       4.52
2015.82740    -42.57       4.50
2015.83014    -41.78       4.77
2015.83288    -53.14       4.55
2015.83562    -44.19       4.45
2015.83836    -42.77       4.53
2015.84110    -38.45       4.48
2015.84384    -36.45       4.50
2015.84658    -42.35       4.56
2015.84932    -44.36       4.59
2015.85205    -36.88       4.51
2015.85479    -39.34       4.56
2015.85753    -41.71       4.45
2015.86027    -38.31       4.55
2015.86301    -43.78       4.57
2015.86575    -33.02       4.59
2015.86849    -29.77       4.60
2015.87123    -39.41       4.57
2015.87397    -38.87       4.70
2015.87671    -39.63       4.50
2015.87945    -38.17       4.45
2015.88219    -30.53       4.54
2015.88493    -37.81       4.91
2015.88767    -37.36       4.52
2015.89041    -37.45       4.52
2015.89315    -40.87       4.53
2015.89589    -42.06       4.63
2015.89863    -39.81       4.66
2015.90137    -48.42       4.49
2015.90411    -42.25       4.51
2015.90685    -38.82       4.50
2015.90959    -42.73       4.61
2015.91233    -42.52       4.45
2015.91507    -42.51       4.48
2015.91781    -38.06       4.55
2015.92055    -39.68       4.56
2015.92329    -39.34       4.47
2015.92603    -37.14       4.57
2015.92877    -43.42       4.47
2015.93151    -38.76       4.69
2015.93425    -41.63       4.68
2015.93699    -38.32       4.66
2015.93973    -48.48       4.73
2015.94247    -38.90       4.87
2015.94521    -42.54       4.52
2015.94795    -42.27       4.57
2015.95068    -44.21       4.81
2015.95342    -45.01       4.55
2015.95616    -51.45       4.64
2015.95890    -49.91       4.60
2015.96164    -43.70       4.53
2015.96438    -41.24       4.43
2015.96712    -45.07       4.58
2015.96986    -38.83       4.53
2015.97260    -43.51       4.54
2015.97534    -42.57       4.49
2015.97808    -44.07       4.52
2015.98082    -39.72       4.51
2015.98356    -47.66       4.58
2015.98630    -46.07       4.57
2015.98904    -43.23       4.46
2015.99178    -46.61       4.50
2015.99452    -40.40       4.36
2015.99726    -47.39       4.40
2016.00000    -47.97       4.52
2016.00273    -42.63       4.73
2016.00546    -40.87       4.78
2016.00820    -43.79       4.60
2016.01093    -38.58       4.55
2016.01366    -46.59       4.61
2016.01639    -46.83       4.72
2016.01913    -45.14       4.70
2016.02186    -37.99       4.73
2016.02459    -38.54       4.53
2016.02732    -34.80       4.55
2016.03005    -45.57       4.60
2016.03279    -45.41       4.58
2016.03552    -45.23       4.54
2016.03825    -38.51       4.79
2016.04098    -43.39       4.69
2016.04372    -43.86       4.69
2016.04645    -42.84       4.60
2016.04918    -45.38       4.52
2016.05191    -41.60       4.54
2016.05464    -41.65       4.36
2016.05738    -46.12       4.52
2016.06011    -49.42       4.56
2016.06284    -47.38       4.62
2016.06557    -47.38       4.43
2016.06831    -50.72       4.52
2016.07104    -41.14       4.59
2016.07377    -47.07       4.73
2016.07650    -32.44       4.99
2016.07923    -44.55       4.60
2016.08197    -47.21       4.68
2016.08470    -47.04       4.51
2016.08743    -44.30       4.31
2016.09016    -41.32       4.52
2016.09290    -33.08       4.55
2016.09563    -35.31       4.47
2016.09836    -18.31       4.52
2016.10109    -20.51       4.36
2016.10383    -21.79       4.64
2016.10656    -19.92       4.56
2016.10929    -17.55       4.32
2016.11202     -4.24       4.62
2016.11475    -16.57       4.57
2016.11749    -14.67       4.49
2016.12022    -21.28       4.68
2016.12295    -18.78       4.37
2016.12568    -13.85       4.43
2016.12842    -15.55       4.65
2016.13115    -14.17       4.48
2016.13388    -13.05       4.39
2016.13661    -18.62       4.42
2016.13934    -17.08       4.41
2016.14208    -13.37       4.38
2016.14481    -14.94       4.47
2016.14754    -19.41       4.40
2016.15027    -24.53       4.35
2016.15301    -10.57       4.54
2016.15574    -15.26       4.45
2016.15847    -19.50       4.52
2016.16120    -18.61       4.57
2016.16393    -14.94       4.55
2016.16667    -21.64       4.50
2016.16940     -8.78       4.41
2016.17213     -7.78       4.47
2016.17486     -8.30       4.45
2016.17760    -11.73       4.35
2016.18033    -17.96       4.56
2016.18306    -13.82       4.54
2016.18579    -10.29       4.59
2016.18852    -17.35       4.59
2016.19126    -14.74       4.29
2016.19399     -8.62       4.32
2016.19672    -15.58       4.34
2016.19945    -10.17       4.21
2016.20219     -7.87       4.31
2016.20492    -10.10       4.31
2016.20765     -6.12       4.33
2016.21038     -6.11       4.45
2016.21311    -12.85       4.47
2016.21585     -7.30       4.31
2016.21858    -13.60       4.29
2016.22131     -4.42       4.37
2016.22404     -7.55       4.72
2016.22678     -8.83       4.42
2016.22951    -10.06       4.35
2016.23224    -12.06       4.42
2016.23497    -10.66       4.30
2016.23770    -14.15       4.36
2016.24044     -7.97       4.33
2016.24317     -2.37       4.26
2016.24590     -8.68       4.52
2016.24863     -5.02       5.63
2016.25137     -9.04       4.36
2016.25410     -1.54       4.26
2016.25683     -7.47       4.29
2016.25956     -1.46       4.30
2016.26230     -1.51       4.35
2016.26503     -8.60       4.55
2016.26776     -4.41       4.31
2016.27049     -0.91       4.37
2016.27322     -2.85       4.50
2016.27596     -8.66       4.53
2016.27869      0.63       4.44
2016.28142     -1.42       4.74
2016.28415     -0.48       5.12
2016.28689     -5.44       4.66
2016.28962     -7.58       4.36
2016.29235      0.06       4.41
2016.29508      3.60       4.44
2016.29781      1.24       4.55
2016.30055     -1.86       4.57
2016.30328     -2.25       4.33
2016.30601     -6.25       4.32
2016.30874      2.26       4.40
2016.31148     -8.28       4.37
2016.31421     -8.34       4.34
2016.31694     -5.36       4.30
2016.31967     -5.23       4.58
2016.32240     -5.99       4.36
2016.32514     -6.35       4.42
2016.32787     -4.02       4.37
2016.33060    -13.88       4.41
2016.33333      4.73       4.52
2016.33607     -7.82       4.39
2016.33880     -2.47       4.54
2016.34153     -8.40       4.55
2016.34426      2.96       4.63
2016.34699     -4.90       4.65
2016.34973    -18.67       4.46
2016.35246    -17.29       4.48
2016.35519      0.03       4.75
2016.35792      8.75       4.45
2016.36066      4.66       4.33
2016.36339    -19.29       5.25
2016.36612    -15.20       4.33
2016.36885     -6.65       4.38
2016.37158    -10.21       4.35
2016.37432    -13.88       4.31
2016.37705     -7.15       4.28
2016.37978    -11.32       4.23
2016.38251    -12.52       4.53
2016.38525     -9.00       4.35
2016.38798    -13.70       4.70
2016.39071     -9.71       4.61
2016.39344    -19.50       4.56
2016.39617     -2.85       4.81
2016.39891     -8.71       4.36
2016.40164      3.07       4.53
2016.40437     -4.55       4.31
2016.40710     -5.20       4.33
2016.40984     -9.18       4.33
2016.41257     -4.98       4.51
2016.41530    -11.00       4.50
2016.41803      5.73       4.42
2016.42077    -15.30       4.41
2016.42350     -8.03       4.53
2016.42623     -3.34       4.63
2016.42896     -5.45       4.44
2016.43169     -3.69       4.63
2016.43443    -14.47       4.58
2016.43716     -3.98       4.47
2016.43989      4.46       4.43
2016.44262     -8.77       4.49
2016.44536      6.69       4.64
2016.44809      5.19       4.63
2016.45082      1.62       4.74
2016.45355      3.60       4.52
2016.45628     -5.15       4.60
2016.45902     -8.99       4.27
2016.46175    -20.20       4.50
2016.46448      6.47       4.69
2016.46721     -0.85       4.30
2016.46995     -8.62       4.53
2016.47268      0.19       4.36
2016.47541     -8.75       4.40
2016.47814     -1.10       4.59
2016.48087      0.81       4.49
2016.48361      6.06       4.61
2016.48634     -9.20       4.44
2016.48907    -11.03       4.44
2016.49180     -7.84       4.41
2016.49454      3.49       4.61
2016.49727    -10.82       4.55
2016.50000     -4.79       4.38
2016.50273    -15.17       4.43
2016.50546     -4.60       4.48
2016.50820    -11.49       4.35
2016.51093     -9.65       4.62
2016.51366     11.70       4.55
2016.51639     -4.10       4.78
2016.51913     -8.09       4.52
2016.52186     -7.23       4.56
2016.52459     12.79       4.71
2016.52732     -3.08       4.79
2016.53005      4.71       4.35
2016.53279    -13.60       4.39
2016.53552     -6.29       4.53
2016.53825     -6.20       4.55
2016.54098     -1.78       4.50
2016.54372      0.83       4.85
2016.54645     -7.00       4.38
2016.54918     -4.29       4.40
2016.55191     -4.63       4.41
2016.55464     -7.29       4.67
2016.55738      3.60       4.79
2016.56011     -9.12       4.57
2016.56284     -9.50       4.30
2016.56557     -6.09       4.54
2016.56831    -10.07       4.48
2016.57104    -10.88       4.49
2016.57377    -14.71       4.86
2016.57650      0.98       4.79
2016.57923    -11.22       4.64
2016.58197     10.98       4.51
2016.58470     -8.44       4.43
2016.58743     -7.00       4.41
2016.59016     -6.42       4.38
2016.59290     -5.15       4.30
2016.59563     -1.69       4.53
2016.59836      5.20       4.72
2016.60109    -13.22       4.69
2016.60383    -10.63       4.87
2016.60656      8.37       4.58
2016.60929     -3.02       4.66
2016.61202     -6.96       4.53
2016.61475      1.01       4.44
2016.61749      3.87       4.46
2016.62022      2.55       4.70
2016.62295     -3.14       4.72
2016.62568      7.43       4.56
2016.62842      2.02       4.57
2016.63115      2.35       4.82
2016.63388      1.13       4.57
2016.63661     -7.53       4.81
2016.63934      1.70       4.65
2016.64208     -2.21       4.75
2016.64481      7.77       4.79
2016.64754      6.77       4.67
2016.65027     -2.80       4.84
2016.65301     -6.16       5.05
2016.65574      5.35       4.37
2016.65847    -17.00       4.76
2016.66120     -7.51       4.36
2016.66393     -9.86       5.50
2016.66667     -0.42       4.51
2016.66940      2.45       5.13
2016.67213      0.28       4.41
2016.67486     -0.89       4.67
2016.67760    -14.61       4.74
2016.68033    -16.94       4.95
2016.68306      8.72       4.69
2016.68579     -6.52       4.64
2016.68852     -4.74       4.69
2016.69126     -3.64       4.33
2016.69399      5.48       4.21
2016.69672    -10.73       4.32
2016.69945     -4.11       4.44
2016.70219      0.17       4.98
2016.70492     -4.67       4.88
2016.70765      1.41       4.53
2016.71038     -8.10       4.49
2016.71311    -11.42       4.20
2016.71585      0.11       4.39
2016.71858     -0.03       4.38
2016.72131     -0.22       4.17
2016.72404      1.27       4.33
2016.72678     -6.60       4.33
2016.72951      4.82       4.51
2016.73224      5.55       4.35
2016.73497      3.25       4.33
2016.73770     -2.59       6.12
2016.74044    -13.24       5.19
2016.74317     -6.50       4.25
2016.74590      6.98       4.61
2016.74863     -1.27       4.37
2016.75137     -8.88       4.29
2016.75410      7.39       4.19
2016.75683     -7.23       4.45
2016.75956      3.25       4.36
2016.76230     -8.95       4.36
2016.76503     -3.33       4.66
2016.76776      3.59       4.54
2016.77049     -0.39       4.47
2016.77322     -0.19       4.32
2016.77596      5.20       4.44
2016.77869     -9.52       4.22
2016.78142     -0.73       4.30
2016.78415     -4.12       4.23
2016.78689     -6.42       4.53
2016.78962     10.61       4.25
2016.79235     -4.99       4.50
2016.79508     -2.26       4.32
2016.79781    -12.21       4.38
2016.80055    -27.11       4.83
2016.80328      9.82       5.92
2016.80601     -4.93       4.30
2016.80874      1.79       4.37
2016.81148     -0.37       4.30
2016.81421     -1.73       4.52
2016.81694     -3.66       4.32
2016.81967     -7.90       4.47
2016.82240      2.69       4.37
2016.82514      0.43       4.49
2016.82787     -6.53       4.50
2016.83060     -2.53       4.45
2016.83333     -6.84       4.35
2016.83607     -4.66       4.32
2016.83880      7.23       4.41
2016.84153      6.64       4.45
2016.84426     -3.75       4.25
2016.84699      2.09       4.35
2016.84973     -0.69       4.37
2016.85246     -1.44       4.44
2016.85519      1.08       4.42
2016.85792      2.59       4.49
2016.86066     -5.71       4.26
2016.86339      4.09       4.55
2016.86612     -0.32       4.54
2016.86885      2.19       4.42
2016.87158     -1.19       4.50
2016.87432     -1.21       4.48
2016.87705      0.70       4.44
2016.87978      3.33       4.45
2016.88251      8.08       4.47
2016.88525      3.05       4.43
2016.88798      0.50       4.57
2016.89071     -3.21       4.43
2016.89344     -0.32       4.40
2016.89617     -2.35       4.36
2016.89891     -1.48       4.39
2016.90164     -0.83       4.58
2016.90437    -15.31       4.88
2016.90710     -0.39       4.49
2016.90984     -8.29       4.33
2016.91257     -1.90       4.39
2016.91530     -2.95       4.46
2016.91803     -8.97       4.38
2016.92077     -3.21       4.41
2016.92350      4.50       4.41
2016.92623     -2.05       4.54
2016.92896     -4.07       4.32
2016.93169      1.70       4.20
2016.93443      6.10       4.27
2016.93716     -4.04       4.50
2016.93989     -1.41       4.20
2016.94262      2.57       4.17
2016.94536     -3.72       4.38
2016.94809     -1.24       4.42
2016.95082      0.70       4.32
2016.95355     -6.01       4.36
2016.95628      0.70       4.17
2016.95902     -3.22       4.38
2016.96175     -1.97       4.23
2016.96448      1.91       4.22
2016.96721      1.95       4.35
2016.96995      0.11       4.26
2016.97268      5.13       4.30
2016.97541      4.21       4.24
2016.97814      3.59       4.22
2016.98087     -4.15       4.32
2016.98361      3.23       4.26
2016.98634      0.15       4.26
2016.98907      3.48       4.25
2016.99180      1.17       4.19
2016.99454      2.06       4.23
2016.99727      2.88       4.32
2017.00000     -2.14       4.26
2017.00274      3.33       4.18
2017.00548      6.40       4.25
2017.00822      3.23       4.20
2017.01096      4.90       4.14
2017.01370      3.40       4.26
2017.01644     10.20       4.23
2017.01918     12.73       4.12
2017.02192      9.29       4.10
2017.02466      6.47       4.28
2017.02740      4.58       4.18
2017.03014      3.15       4.30
2017.03288      7.63       4.09
2017.03562      4.87       4.14
2017.03836     -0.18       4.19
2017.04110      0.77       4.33
2017.04384      1.24       4.52
2017.04658     -3.88       4.41
2017.04932      1.11       4.22
2017.05205      0.46       4.31
2017.05479     -2.39       4.25
2017.05753      0.56       4.21
2017.06027     -0.48       4.36
2017.06301      2.89       4.19
2017.06575     -1.61       4.16
2017.06849     -2.57       3.96
2017.07123      6.32       4.16
2017.07397     -2.06       4.19
2017.07671      7.31       4.16
2017.07945      0.89       4.09
2017.08219      4.16       4.15
2017.08493      4.82       4.09
2017.08767      6.73       4.17
2017.09041     12.65       4.18
2017.09315      7.21       4.14
2017.09589     12.86       4.06
2017.09863      6.51       4.12
2017.10137      9.10       4.19
2017.10411      2.84       4.23
2017.10685      2.95       4.12
2017.10959      0.56       4.09
2017.11233     -2.45       4.04
2017.11507      5.30       4.08
2017.11781      4.09       4.07
2017.12055      3.71       4.07
2017.12329      1.18       4.07
2017.12603      4.31       4.18
2017.12877      5.44       4.15
2017.13151      9.44       4.08
2017.13425     11.18       4.32
2017.13699      1.90       4.20
2017.13973      8.19       4.21
2017.14247      4.71       4.18
2017.14521      2.34       4.02
2017.14795      2.58       4.18
2017.15068      7.29       4.00
2017.15342      6.97       4.08
2017.15616      7.98       4.15
2017.15890      3.51       4.10
2017.16164     10.02       4.08
2017.16438      8.40       3.97
2017.16712     11.13       4.05
2017.16986     14.99       4.06
2017.17260      6.15       4.03
2017.17534      5.11       4.18
2017.17808      9.59       4.08
2017.18082      4.52       4.22
2017.18356     10.06       4.09
2017.18630      6.19       4.31
2017.18904      7.88       4.06
2017.19178     12.01       4.10
2017.19452     13.33       4.31
2017.19726      4.29       4.13
2017.20000      5.07       4.11
2017.20274      6.92       4.17
2017.20548      9.55       4.17
2017.20822      9.89       4.26
2017.21096      6.80       4.27
2017.21370      5.69       4.11
2017.21644      8.08       4.19
2017.21918     -0.71       4.16
2017.22192     12.56       4.42
2017.22466     10.68       4.29
2017.22740      1.44       4.36
2017.23014     -3.36       4.35
2017.23288      7.92       4.29
2017.23562      0.68       4.32
2017.23836     13.72       4.23
2017.24110      9.46       4.26
2017.24384     10.37       4.22
2017.24658      1.07       4.27
2017.24932      3.36       4.25
2017.25205      5.49       4.09
2017.25479      3.73       4.10
2017.25753      5.10       4.25
2017.26027     11.24       4.19
2017.26301      4.92       4.14
2017.26575      4.25       4.22
2017.26849     10.87       4.29
2017.27123      5.41       4.14
2017.27397      5.16       4.44
2017.27671      5.56       4.36
2017.27945      8.64       4.23
2017.28219      8.08       4.19
2017.28493      8.14       4.22
2017.28767      1.73       4.25
2017.29041      6.70       4.25
2017.29315      6.22       4.12
2017.29589     11.78       4.70
2017.29863      8.48       4.24
2017.30137     -1.64       4.30
2017.30411      0.94       4.26
2017.30685      2.21       4.19
2017.30959     11.96       4.21
2017.31233      8.52       4.10
2017.31507     -6.29       4.21
2017.31781      0.30       4.22
2017.32055      0.14       4.24
2017.32329      5.10       4.18
2017.32603      3.32       4.13
2017.32877      5.57       4.09
2017.33151     12.85       4.25
2017.33425     -8.85       4.07
2017.33699     13.04       4.07
2017.33973      1.85       4.40
2017.34247      4.87       4.19
2017.34521      5.41       4.31
2017.34795      4.40       4.19
2017.35068      4.80       4.20
2017.35342      5.88       4.30
2017.35616      0.70       4.28
2017.35890      7.73       4.17
2017.36164      5.87       4.16
2017.36438      3.30       4.11
2017.36712     10.38       4.30
2017.36986     -2.83       4.32
2017.37260     -2.66       4.15
2017.37534      4.31       4.26
2017.37808      9.64       4.19
2017.38082     10.88       4.28
2017.38356     10.33       4.10
2017.38630      6.42       4.20
2017.38904     10.36       4.42
2017.39178     -3.97       4.35
2017.39452     18.03       4.08
2017.39726      5.85       4.15
2017.40000      7.58       4.06
2017.40274      6.23       4.28
2017.40548      6.63       4.34
2017.40822      5.87       4.33
2017.41096     11.94       4.17
2017.41370      6.61       4.44
2017.41644     -3.60       4.40
2017.41918      4.12       4.54
2017.42192     14.83       4.41
2017.42466     -0.19       4.24
2017.42740      1.25       4.35
2017.43014      1.32       4.38
2017.43288      9.48       4.59
2017.43562      3.10       4.51
2017.43836     -1.90       4.51
2017.44110     -0.78       4.27
2017.44384      7.73       4.65
2017.44658      2.55       4.82
2017.44932      0.44       4.69
2017.45205      4.19       4.70
2017.45479      0.15       4.75
2017.45753     -7.15       4.59
2017.46027     -4.76       4.83
2017.46301     -0.20       4.53
2017.46575      1.84       4.63
2017.46849      5.19       4.46
2017.47123     -4.11       4.38
2017.47397     -2.31       4.61
2017.47671      0.07       4.47
2017.47945      4.57       4.50
2017.48219     -0.66       4.48
2017.48493      3.86       4.42
2017.48767     -0.78       4.57
2017.49041      2.61       4.79
2017.49315     -3.79       4.71
2017.49589      3.52       4.58
2017.49863      6.42       4.85
2017.50137     17.51       4.70
2017.50411     13.26       4.77
2017.50685      3.42       4.47
2017.50959     -2.57       4.92
2017.51233      1.25       4.56
2017.51507      7.28       4.55
2017.51781      4.14       4.60
2017.52055      1.62       4.64
2017.52329     10.82       4.66
2017.52603     15.84       4.69
2017.52877      3.63       4.71
2017.53151      6.58       4.64
2017.53425      4.89       4.95
2017.53699     -2.62       4.92
2017.53973      2.16       4.42
2017.54247     -6.92       4.66
2017.54521     -7.28       4.70
2017.54795      5.50       4.47
2017.55068      7.29       4.59
2017.55342      1.87       4.52
2017.55616      7.07       4.52
2017.55890     -2.04       4.94
2017.56164     17.01       4.74
2017.56438      4.64       4.66
2017.56712      2.48       4.52
2017.56986      8.38       4.37
2017.57260      9.32       4.38
2017.57534      0.01       5.02
2017.57808      6.11       4.77
2017.58082     -8.90       4.90
2017.58356      1.73       4.41
2017.58630     -6.56       4.64
2017.58904     -0.67       4.63
2017.59178     16.29       4.28
2017.59452      7.92       4.43
2017.59726      0.13       4.38
2017.60000      5.88       4.42
2017.60274      6.50       4.57
2017.60548     11.44       4.69
2017.60822      4.20       4.44
2017.61096      7.72       4.29
2017.61370      6.21       4.36
2017.61644     -2.71       4.43
2017.61918     11.67       4.61
2017.62192     -0.75       4.52
2017.62466      6.49       4.43
2017.62740     -8.53       4.50
2017.63014      5.61       4.35
2017.63288     -0.96       4.46
2017.63562     10.60       4.61
2017.63836     -3.47       4.47
2017.64110     20.32       4.37
2017.64384      2.62       4.42
2017.64658      6.03       4.82
2017.64932      1.37       4.44
2017.65205      4.67       4.37
2017.65479      8.15       4.59
2017.65753     11.86       4.53
2017.66027      0.75       4.74
2017.66301     -4.80       4.68
2017.66575      4.28       4.56
2017.66849      2.73       4.51
2017.67123     12.66       4.80
2017.67397      3.14       4.81
2017.67671     11.20       4.50
2017.67945      9.32       4.34
2017.68219     14.90       4.46
2017.68493      4.52       4.44
2017.68767      2.10       4.63
2017.69041     10.29       4.68
2017.69315      3.12       4.59
2017.69589      8.12       4.68
2017.69863      5.85       4.67
2017.70137      0.86       4.74
2017.70411     11.29       4.50
2017.70685     10.30       4.59
2017.70959      2.32       4.66
2017.71233      0.03       4.56
2017.71507     18.77       4.56
2017.71781      2.13       4.51
2017.72055      0.75       4.53
2017.72329      4.37       4.46
2017.72603      0.54       4.40
2017.72877      6.03       4.26
2017.73151      2.39       4.63
2017.73425      3.58       4.63
2017.73699      2.28       4.38
2017.73973     -4.82       4.42
2017.74247    -10.28       4.85
2017.74521      1.62       4.58
2017.74795      8.97       4.59
2017.75068      9.10       4.68
2017.75342      6.66       4.77
2017.75616      9.41       4.83
2017.75890     -5.30       4.72
2017.76164      1.72       4.48
2017.76438      7.95       4.78
2017.76712     -2.76       4.70
2017.76986     11.16       4.63
2017.77260     -7.76       4.69
2017.77534     10.19       4.80
2017.77808     -1.33       4.90
2017.78082      0.79       4.79
2017.78356     -0.78       5.22
2017.78630     -1.70       4.84
2017.78904      6.87       4.88
2017.79178     -2.97       4.68
2017.79452     12.77       4.64
2017.79726     -5.74       4.71
2017.80000      4.17       4.61
2017.80274      0.17       4.79
2017.80548      1.59       4.69
2017.80822     -1.04       4.66
2017.81096      4.92       4.80
2017.81370      6.72       4.55
2017.81644      1.59       4.45
2017.81918      4.25       4.83
2017.82192     -4.08       4.67
2017.82466     -2.09       4.73
2017.82740     -4.79       4.62
2017.83014      1.71       4.74
2017.83288     -3.00       4.72
2017.83562      7.99       4.70
2017.83836      5.84       4.76
2017.84110     -1.12       4.69
2017.84384     -0.59       4.66
2017.84658      2.69       4.73
2017.84932      0.97       4.63
2017.85205      2.25       4.61
2017.85479     -4.12       4.72
2017.85753      1.94       4.86
2017.86027      3.26       4.68
2017.86301      2.94       4.43
2017.86575      0.35       4.52
2017.86849     -2.08       4.52
2017.87123      4.49       4.36
2017.87397      3.18       4.58
2017.87671      5.69       4.68
2017.87945     -2.75       4.69
2017.88219      3.79       4.72
2017.88493      5.38       4.49
2017.88767     -4.20       4.52
2017.89041     -1.61       4.74
2017.89315     -1.16       4.57
2017.89589      1.19       4.56
2017.89863      2.92       4.62
2017.90137      4.64       4.40
2017.90411      2.96       4.59
2017.90685     11.37       4.50
2017.90959      2.80       4.57
2017.91233      6.29       4.54
2017.91507      8.76       4.66
2017.91781      6.94       4.55
2017.92055     12.93       4.67
2017.92329      4.06       4.54
2017.92603      2.54       4.49
2017.92877      5.28       4.64
2017.93151     13.81       4.52
2017.93425      5.71       4.64
2017.93699      8.57       4.52
2017.93973      2.82       4.50
2017.94247      5.69       4.62
2017.94521      6.84       4.55
2017.94795      4.21       4.58
2017.95068      3.71       4.62
2017.95342      2.89       4.63
2017.95616     -0.90       4.54
2017.95890      0.53       4.60
2017.96164     13.73       4.62
2017.96438      0.43       4.91
2017.96712      4.36       4.66
2017.96986      4.57       4.56
2017.97260      8.72       4.52
2017.97534      8.97       4.49
2017.97808      9.71       4.51
2017.98082      6.13       4.46
2017.98356      9.31       4.53
2017.98630      1.30       4.56
2017.98904     11.15       4.67
2017.99178      8.74       4.45
2017.99452      0.65       4.52
2017.99726      3.96       4.55
2018.00000      7.87       4.64
2018.00274      6.04       4.46
2018.00548      7.72       4.55
2018.00822      4.94       4.60
2018.01096      9.83       4.63
2018.01370     10.96       4.66
2018.01644      7.34       4.56
2018.01918      3.91       4.65
2018.02192      2.26       4.58
2018.02466      5.68       4.48
2018.02740      5.99       4.60
2018.03014      5.85       4.43
2018.03288      9.02       4.44
2018.03562      5.06       4.38
2018.03836      6.51       4.45
2018.04110     12.99       4.50
2018.04384      3.09       4.50
2018.04658      7.47       4.40
2018.04932      4.29       5.80
2018.05205      9.21       4.41
2018.05479     12.67       4.53
2018.05753      8.45       4.54
2018.06027      5.82       4.58
2018.06301      8.62       4.50
2018.06575      4.62       4.68
2018.06849      3.63       4.53
2018.07123     15.74       4.67
2018.07397      2.71       4.45
2018.07671     -1.54       4.69
2018.07945      5.45       4.56
2018.08219     -2.53       4.51
2018.08493      2.91       4.69
2018.08767      2.49       4.61
2018.09041     -1.04       4.53
2018.09315      8.01       4.56
2018.09589      3.12       4.49
2018.09863     -1.35       4.61
2018.10137     -0.91       4.54
2018.10411      2.98       4.69
2018.10685     10.86       4.53
2018.10959      5.50       4.48
2018.11233      5.29       4.53
2018.11507     -4.43       4.62
2018.11781      0.95       4.46
2018.12055      9.89       4.43
2018.12329     24.39       4.52
2018.12603      2.46       4.65
2018.12877     11.21       4.45
2018.13151      5.63       4.44
2018.13425      8.26       4.50
2018.13699     10.10       4.54
2018.13973      6.48       4.61
2018.14247      8.87       4.48
2018.14521     -2.15       4.58
2018.14795      1.88       4.65
2018.15068      5.14       4.35
2018.15342     10.78       4.45
2018.15616      3.93       4.59
2018.15890      7.01       4.51
2018.16164      5.06       4.50
2018.16438     10.88       4.59
2018.16712     17.75       4.64
2018.16986      7.35       4.57
2018.17260      7.90       4.51
2018.17534      0.84       4.49
2018.17808     -0.40       4.55
2018.18082      4.67       4.80
2018.18356     12.55       4.60
2018.18630      4.27       4.70
2018.18904      4.11       4.79
2018.19178      6.76       4.54
2018.19452      5.50       4.80
2018.19726      8.39       4.63
2018.20000      5.06       5.06
2018.20274      7.53       4.71
2018.20548      0.52       4.70
2018.20822      4.87       4.70
2018.21096      9.17       5.15
2018.21370      8.64       4.71
2018.21644      5.19       4.65
2018.21918     10.72       4.61
2018.22192      4.87       4.62
2018.22466      3.58       4.61
2018.22740      2.64       4.88
2018.23014      5.03       4.47
2018.23288      5.81       4.95
2018.23562     13.47       5.50
2018.23836      3.15       4.46
2018.24110      4.39       4.47
2018.24384     15.90       4.49
2018.24658      6.72       4.44
2018.24932      6.81       4.37
2018.25205      7.22       4.46
2018.25479      5.49       4.47
2018.25753      8.52       4.65
2018.26027      0.04       4.65
2018.26301     -0.31       4.44
2018.26575      4.53       4.49
2018.26849      2.70       4.44
2018.27123      5.03       4.37
2018.27397      8.46       4.64
2018.27671      0.56       4.59
2018.27945      7.61       4.89
2018.28219      6.00       4.71
2018.28493      5.05       4.51
2018.28767      1.94       4.50
2018.29041      8.58       4.63
2018.29315      5.77       4.73
2018.29589      9.15       4.62
2018.29863      6.34       4.66
2018.30137      3.81       4.43
2018.30411      7.26       4.53
2018.30685     -1.90       4.53
2018.30959     13.42       4.45
2018.31233      5.54       4.29
2018.31507      4.59       7.65
2018.31781     -0.83       4.38
2018.32055      5.95       4.29
2018.32329      6.89       4.26
2018.32603      2.73       4.34
2018.32877      8.59       4.51
2018.33151      0.24       4.35
2018.33425     -4.42       4.40
2018.33699      9.03       4.43
2018.33973      6.30       4.21
2018.34247      5.51       4.18
2018.34521     10.75       4.44
2018.34795      3.50       4.63
2018.35068     -0.14       4.51
2018.35342      1.29       4.31
2018.35616      9.69       4.56
2018.35890      1.68       4.28
2018.36164     12.46       4.24
2018.36438      0.55       4.28
2018.36712      2.09       4.38
2018.36986      8.72       4.44
2018.37260     11.54       4.48
2018.37534      1.00       4.47
2018.37808     -4.90       4.39
2018.38082      3.54       4.59
2018.38356     -1.18       4.38
2018.38630      1.79       4.31
2018.38904     13.94       4.47
2018.39178     18.21       4.47
2018.39452     10.89       4.30
2018.39726     -0.60       4.51
2018.40000      5.51       4.44
2018.40274      9.91       4.59
2018.40548      8.13       4.41
2018.40822      6.41       4.40
2018.41096      6.64       4.38
2018.41370      6.95       4.51
2018.41644      1.72       4.35
2018.41918      3.31       4.46
2018.42192      2.75       4.47
2018.42466      6.37       4.42
2018.42740      4.85       4.58
2018.43014      8.86       4.65
2018.43288      2.73       4.40
2018.43562      5.35       4.53
2018.43836     21.80       4.81
2018.44110      5.11       4.47
2018.44384     16.80       4.59
2018.44658     -1.72       4.36
2018.44932     -2.06       4.94
2018.45205      1.85       4.35
2018.45479      8.03       4.58
2018.45753      8.33       4.53
2018.46027      7.14       4.76
2018.46301      0.37       4.47
2018.46575     11.35       4.44
2018.46849      9.81       4.39
2018.47123     -3.09       4.61
2018.47397      4.15       4.47
2018.47671      4.26       4.30
2018.47945      3.86       4.43
2018.48219     -1.27       4.44
2018.48493      1.15       4.53
2018.48767      1.37       4.30
2018.49041      1.51       4.33
2018.49315      7.33       4.63
2018.49589     -5.25       4.90
2018.49863      9.78       4.84
2018.50137      7.35       5.10
2018.50411      5.27       4.72
2018.50685     13.16       4.49
2018.50959      6.65       4.42
2018.51233      3.32       4.65
2018.51507      3.24       4.69
2018.51781     -2.41       4.37
2018.52055      0.72       6.03
2018.52329     22.67       4.80
2018.52603      3.72       4.50
2018.52877    -14.57       4.47
2018.53151     -0.70       4.42
2018.53425     -0.11       4.56
2018.53699      0.19       5.75
2018.53973      1.81       4.35
2018.54247     13.21       4.39
2018.54521      5.64       4.53
2018.54795     -6.90       4.88
2018.55068      8.15       4.63
2018.55342      0.59       4.50
2018.55616     14.40       4.60
2018.55890     -1.50       4.49
2018.56164     -0.77       4.60
2018.56438      2.35       4.57
2018.56712      6.55       6.32
2018.56986     26.23       4.81
2018.57260      7.20       4.88
2018.57534      7.68       4.56
2018.57808      3.33       4.79
2018.58082     11.31       4.87
2018.58356      2.43       4.83
2018.58630     -3.44       4.66
2018.58904      0.02       4.50
2018.59178      3.68       4.50
2018.59452      0.09       4.69
2018.59726      0.94       4.69
2018.60000     -1.38       4.84
2018.60274      6.62       4.90
2018.60548     -3.14       4.95
2018.60822     15.98       4.75
2018.61096     23.66       4.72
2018.61370     -1.52       4.51
2018.61644     -3.07       4.66
2018.61918      0.96       5.01
2018.62192      4.31       4.89
2018.62466     -4.85       4.57
2018.62740     17.78       4.59
2018.63014     -1.70       4.50
2018.63288      4.07       4.68
2018.63562      5.09       4.62
2018.63836      4.36       5.00
2018.64110      3.38       5.29
2018.64384      5.93       6.28
2018.64658     -0.52       4.51
2018.64932      8.73       4.67
2018.65205     -3.56       4.75
2018.65479     -3.46       4.81
2018.65753      3.09       4.77
2018.66027      8.27       4.61
2018.66301      6.77       4.46
2018.66575      5.48       4.52
2018.66849     -8.42       4.59
2018.67123     -9.10       4.65
2018.67397     -2.19       4.51
2018.67671      3.64       4.82
2018.67945     -1.93       4.91
2018.68219     -0.98       4.97
2018.68493      4.18       4.64
2018.68767     -7.44       4.66
2018.69041      3.55       4.57
2018.69315      0.22       4.74
2018.69589      1.04       4.74
2018.69863     -2.61       4.60
2018.70137     -7.32       5.16
2018.70411      1.74       4.82
2018.70685      2.83       4.82
2018.70959     -1.14       4.91
2018.71233     -5.74       4.84
2018.71507      7.29       4.63
2018.71781      1.34       4.77
2018.72055      7.51       4.94
2018.72329     -7.61       4.71
2018.72603      0.31       4.92
2018.72877     -0.46       4.58
2018.73151     -2.00       4.81
2018.73425     -7.48       4.79
2018.73699    -10.45       4.98
2018.73973      4.13       4.82
2018.74247      1.31       4.81
2018.74521      4.58       4.56
2018.74795      4.63       4.59
2018.75068    -11.96       4.81
2018.75342     -4.62       4.67
2018.75616      1.90       4.78
2018.75890      1.58       4.55
2018.76164      0.81       4.43
2018.76438      3.98       4.91
2018.76712     10.46       4.65
2018.76986     -3.31       4.66
2018.77260     12.43       4.67
2018.77534     -0.34       4.68
2018.77808      4.86       4.99
2018.78082     14.90       4.88
2018.78356      1.27       4.69
2018.78630      2.05       4.72
2018.78904      8.97       4.72
2018.79178      8.07       4.81
2018.79452      4.56       4.75
2018.79726      0.72       4.74
2018.80000     -2.60       4.78
2018.80274      2.76       4.68
2018.80548      3.36       4.75
2018.80822      6.02       4.72
2018.81096      5.76       5.12
2018.81370      2.33       4.75
2018.81644     -4.67       4.70
2018.81918     -2.22       4.56
2018.82192      2.79       4.73
2018.82466     -4.29       4.65
2018.82740      2.22       4.86
2018.83014    -14.60       4.89
2018.83288     -2.53       5.01
2018.83562     17.07       4.78
2018.83836     -3.87       4.95
2018.84110     -4.90       4.85
2018.84384     -3.83       4.87
2018.84658     -6.35       4.74
2018.84932      3.38       4.77
2018.85205      1.69       4.95
2018.85479      8.66       4.70
2018.85753      2.07       4.99
2018.86027     -3.37       4.94
2018.86301     -2.45       4.98
2018.86575     10.97       4.97
2018.86849      5.32       4.76
2018.87123      2.33       4.78
2018.87397     -1.75       4.87
2018.87671      4.60       5.09
2018.87945     10.02       4.96
2018.88219      3.05       5.11
2018.88493      3.00       5.02
2018.88767     -6.23       4.94
2018.89041     -1.80       4.93
2018.89315      0.39       5.28
2018.89589      1.28       5.21
2018.89863     -3.45       5.20
2018.90137      5.21       5.10
2018.90411     -3.67       5.15
2018.90685      5.12       5.13
2018.90959     -0.98       4.94
2018.91233     -2.13       5.81
2018.91507      1.29       5.08
2018.91781     -1.22       5.13
2018.92055     -7.74       5.03
2018.92329      3.17       5.09
2018.92603      2.65       5.12
2018.92877      4.96       5.04
2018.93151      4.39       5.06
2018.93425     -1.37       4.93
2018.93699     -1.40       5.38
2018.93973     -8.67       4.90
2018.94247      1.66       5.09
2018.94521     -3.26       4.96
2018.95068      4.07       5.01
2018.95342     -0.05       4.81
2018.95616      4.73       5.04
2018.95890      3.02       4.62
2018.96164     -3.97       5.04
2018.96438      0.74       4.99
2018.96712     11.05       4.87
2018.96986      4.25       5.33
2018.97260     -2.88       5.09
2018.97534      3.32       5.04
2018.97808     -5.28       5.04
2018.98082     -1.39       4.85
2018.98356     -2.31       5.19
2018.98630      5.72       5.22
2018.98904      2.07       5.11
2018.99178     -3.78       5.21
2018.99452      2.00       5.21
2018.99726     -2.94       5.21
2019.00000      1.07       4.98
2019.00274      3.01       5.17
2019.00548     -5.46       5.08
2019.00822      5.47       4.98
2019.01096      0.43       4.95
2019.01370      5.94       4.99
2019.01644      1.81       5.20
2019.01918      0.93       5.04
2019.02192      3.77       5.20
2019.02466      6.70       5.16
2019.02740      5.72       5.10
2019.03014     -1.22       5.37
2019.03288     -1.72       5.09
2019.03562      3.13       5.04
2019.03836      0.42       5.14
2019.04110     -0.53       5.01
2019.04384      3.85       5.23
2019.04658      2.17       5.01
2019.04932     10.20       5.04
2019.05205      3.46       5.49
2019.05479     -3.93       5.35
2019.05753     -1.12       5.28
2019.06027      4.22       5.16
2019.06301      4.51       5.37
2019.06575     -0.03       5.11
2019.06849      6.58       5.30
2019.07123      6.65       5.24
2019.07397     14.54       5.09
2019.07671      3.49       5.21
2019.07945     -0.91       4.99
2019.08219      6.74       5.30
2019.08493     11.21       5.27
2019.08767      8.23       5.18
2019.09041      0.05       5.20
2019.09315     14.73       5.07
2019.09589      8.76       5.53
2019.09863      7.36       5.07
2019.10137     11.07       5.34
2019.10411      3.15       5.61
2019.10685     -1.61       5.29
2019.10959     -1.13       5.20
2019.11233     -0.67       5.35
2019.11507      6.96       5.45
2019.11781      0.28       5.47
2019.12055     -0.79       5.54
2019.12329      4.72       5.45
2019.12603      3.50       5.30
2019.12877      1.16       5.26
2019.13151      9.48       5.13
2019.13425      2.81       5.31
2019.13699     15.33       5.31
2019.13973      5.15       5.30
2019.14247      1.89       5.30
2019.14521      7.95       5.06
2019.14795      0.46       5.47
2019.15068      3.66       5.40
2019.15342      8.98       5.28
2019.15616      2.59       5.23
2019.15890      3.45       5.28
2019.16164     -0.63       5.29
2019.16438      8.98       5.26
2019.16712      7.26       5.53
2019.16986      5.85       5.22
2019.17260      4.36       5.70
2019.17534      8.90       5.41
2019.17808      2.80       5.54
2019.18082     -0.75       5.44
2019.18356     14.61       5.68
2019.18630      4.66       5.54
2019.18904      2.31       5.41
2019.19178      5.39       5.28
2019.19452      4.51       5.21
2019.19726     -4.13       5.36
2019.20000     -5.62       5.51
2019.20274      0.33       6.21
2019.20548      3.69       6.12
2019.20822      2.49       5.39
2019.21096     11.48       5.20
2019.21370     -4.99       5.14
2019.21644      4.93       5.26
2019.21918      3.67       5.11
2019.22192     -3.34       5.32
2019.22466      1.05       4.97
2019.22740      1.14       5.29
2019.23014     -5.48       5.11
2019.23288     -0.72       4.94
2019.23562      8.42       5.00
2019.23836      4.56       5.15
2019.24110      2.01       5.24
2019.24384     -3.09       5.37
2019.24658     -6.22       5.21
2019.24932     -3.01       5.10
2019.25205      2.86       5.23
2019.25479     -0.07       5.19
2019.25753     -2.98       5.17
2019.26027     11.40       5.17
2019.26301      3.17       5.27
2019.26575     -4.95       5.16
2019.26849     -0.94       5.30
2019.27123     -6.12       5.64
2019.27397     -7.69       5.33
2019.27671     -6.30       5.40
2019.27945      6.00       5.20
2019.28219     -1.81       5.16
2019.28493     -4.84       5.09
2019.28767      0.22       5.10
2019.29041      1.04       5.00
2019.29315     -4.64       5.29
2019.29589      5.02       5.66
2019.29863     10.80       5.32
2019.30137      1.33       5.28
2019.30411     -8.84       5.45
2019.30685     -9.34       5.11
2019.30959    -12.36       5.11
2019.31233     -3.31       5.71
2019.31507     -4.70       5.34
2019.31781     -8.94       5.44
2019.32055     -9.74       5.39
2019.32329    -10.79       5.27
2019.32603      2.10       5.47
2019.32877      3.89       5.36
2019.33151      0.61       5.59
2019.33425     -5.16       5.69
2019.33699     -5.21       5.32
2019.33973     -5.65       5.35
2019.34247     -9.58       5.49
2019.34521     -7.56       5.52
2019.34795      0.31       5.52
2019.35068     -5.02       5.39
2019.35342     11.15       5.45
2019.35616     -1.33       5.74
2019.35890     -8.47       5.68
2019.36164      2.67       5.48
2019.36438     -2.13       5.68
2019.36712      9.41       5.44
2019.36986     12.60       5.64
2019.37260      3.78       5.63
2019.37534     10.36       5.90
2019.37808      2.70       5.67
2019.38082     -7.14       5.97
2019.38356     -2.56       5.47
2019.38630     -0.66       5.66
2019.38904      0.22       5.58
2019.39178    -11.76       5.71
2019.39452     -7.62       5.79
2019.39726      2.13       5.46
2019.40000      6.15       5.44
2019.40274      1.15       5.84
2019.40548      0.10       5.62
2019.40822     -0.66       5.38
2019.41096      1.30       5.59
2019.41370     -1.40       5.54
2019.41644      4.78       5.61
2019.41918      4.92       5.97
2019.42192     -8.35       5.61
2019.42466     -2.49       5.69
2019.42740     -4.14       5.87
2019.43014     -8.57       5.70
2019.43288     -6.92       5.54
2019.43562     -1.87       6.00
2019.43836    -19.95       6.00
2019.44110      4.03       6.21
2019.44384     -8.72       5.85
2019.44658    -21.05       6.22
2019.44932    -17.69       7.86
2019.45205    -10.37       5.73
2019.45479    -12.71       5.82
2019.45753     -4.83       5.79
2019.46027      0.98       5.58
2019.46301     -4.32       6.46
2019.46575      2.50       6.58
2019.46849     -7.38       6.03
2019.47123     -9.16       6.08
2019.47397    -19.47       5.96
2019.47671    -27.03       5.94
2019.47945     -8.56       6.09
2019.48219     -7.26       5.76
2019.48493    -11.61       6.02
2019.48767     -2.36       6.11
2019.49041    -20.43       6.25
2019.49315     -3.12       5.85
2019.49589     12.02       6.09
2019.49863     -5.43       6.54
2019.50137      5.37       6.22
2019.50411     14.23       6.46
2019.50685     -0.53       5.99
2019.50959     12.47       6.21
2019.51233    -13.38       5.88
2019.51507      2.86       6.15
2019.51781     22.03       6.84
2019.52055     -9.55       7.26
2019.52329     -2.78       5.86
2019.52603      1.82       5.95
2019.52877     -0.59       5.89
2019.53151      6.90       5.89
2019.53425    -15.40       5.93
2019.53699     -0.64       5.97
2019.53973    -15.18       6.08
2019.54247     -3.76       7.02
2019.54521     -5.10       7.01
2019.54795    -11.23       6.28
2019.55068     -2.87       6.61
2019.55342      9.09       5.97
2019.55616     -7.59       6.28
2019.55890    -18.40       6.50
2019.56164      5.67       6.10
2019.56438      3.41       6.10
2019.56712     11.41       6.12
2019.56986      7.20       6.15
2019.57260      2.39       6.09
2019.57534      0.19       6.11
2019.57808      7.82       6.22
2019.58082     14.57       6.18
2019.58356      1.41       5.88
2019.58630      7.32       6.10
2019.58904     13.72       6.14
2019.59178     10.63       6.17
2019.59452     19.97       6.08
2019.59726     17.88       6.50
2019.60000      7.66       6.03
2019.60274      3.38       5.84
2019.60548     11.00       6.38
2019.60822     -1.78       6.38
2019.61096     18.69       6.91
2019.61370    -23.88       6.73
2019.61644     18.28       6.94
2019.61918    -17.72       7.14
2019.62192     10.99       6.93
2019.62466      2.11       6.04
2019.62740     -6.34       6.54
2019.63014      8.97       6.43
2019.63288     -1.68       6.17
2019.63562      5.29       5.94
2019.63836      5.08       5.94
2019.64110    -15.22       7.91
2019.64384      5.81       7.15
2019.64658     -0.55       6.12
2019.64932     16.99       5.92
2019.65205      4.11       6.26
2019.65479      5.32       6.21
2019.65753      2.55       6.48
2019.66027      4.70       6.49
2019.66301      9.17       6.57
2019.66575      3.15       6.09
2019.66849      0.24       5.95
2019.67123     -1.78       6.57
2019.67397     19.60       6.18
2019.67671      5.46       6.32
2019.67945     -8.61       7.02
2019.68219     13.28       6.26
2019.68493     -3.40       6.30
2019.68767      9.43       7.50
2019.69041     10.24       6.92
2019.69315      4.42       6.69
2019.69589     18.72       6.20
2019.69863     18.54       6.43
2019.70137      4.36       7.25
2019.70411      7.29       6.79
2019.70685     11.55       6.47
2019.70959     -0.47       6.28
2019.71233     -0.91       6.08
2019.71507      8.82       5.93
2019.71781      3.78       6.51
2019.72055     16.43       6.62
2019.72329      5.39       6.50
2019.72603     -4.91       5.91
2019.72877      1.22       6.61
2019.73151      9.79       6.30
2019.73425     17.24       6.21
2019.73699      9.24       6.53
2019.73973      6.28       7.10
2019.74247      4.89       6.78
2019.74521      1.90       6.70
2019.74795     -4.93       6.98
2019.75068     -0.16       7.09
2019.75342     -4.21       7.40
2019.75616    -13.85       7.21
2019.75890      3.82       6.83
2019.76164     -9.62       6.78
2019.76438     -0.40       6.94
2019.76712      7.59       6.56
2019.76986     11.93       6.97
2019.77260      4.73       6.44
2019.77534     12.61       6.79
2019.77808    -10.60       6.84
2019.78082      8.86       6.50
2019.78356     -2.70       6.73
2019.78630      9.58       6.40
2019.78904     -1.06       6.75
2019.79178     -0.35       6.50
2019.79452      7.41       6.94
2019.79726     10.11       6.69
2019.80000     -5.27       6.86
2019.80274     25.39       6.90
2019.80548     14.54       6.60
2019.80822      7.39       6.88
2019.81096      2.86       6.96
2019.81370     10.06       6.91
2019.81644      9.82       6.69
2019.81918      4.38       6.78
2019.82192      0.13       6.65
2019.82466      4.11       6.28
2019.82740      2.51       6.82
2019.83014     19.56       6.97
2019.83288     12.13       7.15
2019.83562      6.37       6.63
2019.83836      6.67       6.76
2019.84110      9.49       7.01
2019.84384     11.91       7.41
2019.84658     13.03       6.94
2019.84932      9.15       6.98
2019.85205      0.93       6.70
2019.85479     -6.91       6.65
2019.85753      0.74       6.63
2019.86027     15.58       6.47
2019.86301      7.46       6.62
2019.86575      3.07       6.78
2019.86849      0.83       6.68
2019.87123     12.05       6.58
2019.87397      9.02       6.34
2019.87671      5.46       7.14
2019.87945      1.07       6.96
2019.88219      9.44       7.04
2019.88493     -1.48       6.78
2019.88767     -9.08       7.02
2019.89041     17.98       6.85
2019.89315      8.09       6.76
2019.89589     -0.30       7.15
2019.89863     -7.88       7.01
2019.90137      4.61       6.83
2019.90411      8.89       7.04
2019.90685     10.48       6.81
2019.90959      6.97       6.89
2019.91233     -0.52       6.97
2019.91507      7.62       7.06
2019.91781     11.21       6.99
2019.92055      2.36       6.93
2019.92329     -1.39       7.00
2019.92603     15.17       7.12
2019.92877      2.75       7.33
2019.93151      2.53       7.05
2019.93425     -5.37       7.19
2019.93699      6.77       6.66
2019.93973     -1.98       7.16
2019.94247     14.72       7.30
2019.94521      4.10       7.23
2019.94795     12.04       7.23
2019.95068     12.86       7.21
2019.95342      1.66       7.00
2019.95616     11.20       6.99
2019.95890     15.89       6.75
2019.96164     14.19       7.11
2019.96438      7.66       7.28
2019.96712     14.67       7.31
2019.96986     10.62       6.64
2019.97260     20.77       6.69
2019.97534     15.45       6.81
2019.97808     11.01       7.12
2019.98082     14.65       7.03
2019.98356     14.56       7.00
2019.98630      8.34       6.77
2019.98904     11.21       6.99
2019.99178      5.83       7.05
2019.99452      4.42       7.03
2019.99726     13.10       6.66
2020.00000      8.63       6.59
2020.00273     17.67       6.67
2020.00546     13.24       6.53
2020.00820     21.21       6.77
2020.01093     14.54       6.63
2020.01366     12.29       6.56
2020.01639     18.99       6.58
2020.01913     11.15       6.24
2020.02186     22.20       6.81
2020.02459     19.53       6.32
2020.02732     25.73       6.64
2020.03005      2.60       6.82
2020.03279     10.64       6.92
2020.03552      3.58       6.57
2020.03825     15.68       6.43
2020.04098     29.45       6.73
2020.04372     10.71       6.97
2020.04645      9.99       6.75
2020.04918      4.56       6.43
2020.05191     15.64       6.34
2020.05464     14.70       6.24
2020.05738     16.11       6.20
2020.06011     11.47       6.20
2020.06284     22.23       6.69
2020.06557      9.09       6.62
2020.06831     13.87       6.53
2020.07104      6.29       6.44
2020.07377     -3.78       6.72
2020.07650     13.68       6.86
2020.07923     11.82       6.77
2020.08197     11.65       6.33
2020.08470      7.22       6.30
2020.08743     -1.89       6.52
2020.09016     13.88       6.39
2020.09290     14.38       6.57
2020.09563      5.36       6.60
2020.09836     16.22       6.38
2020.10109     14.44       6.55
2020.10383      1.14       6.43
2020.10656      8.25       6.38
2020.10929     12.10       6.16
2020.11202      2.38       6.36
2020.11475     11.65       6.15
2020.11749      7.11       6.52
2020.12022     13.37       6.84
2020.12295     16.11       6.69
2020.12568     14.67       6.63
2020.12842      6.46       6.87
2020.13115      4.98       7.17
2020.13388      5.46       6.83
2020.13661     -2.27       6.95
2020.13934      1.79       6.95
2020.14208     -0.31       6.73
2020.14481      3.88       6.80
2020.14754     -2.61       6.79
2020.15027     14.65       6.60
2020.15301      5.07       6.67
2020.15574      3.72       6.66
2020.15847     -0.46       6.70
2020.16120      0.97       6.73
2020.16393     12.59       6.76
2020.16667     -0.45       6.83
2020.16940      3.44       6.71
2020.17213      8.80       6.87
2020.17486     10.27       6.76
2020.17760     13.70       6.62
2020.18033     -5.52       6.55
2020.18306      3.69       6.72
2020.18579      5.18       6.73
2020.18852      0.99       6.90
2020.19126      0.35       6.77
2020.19399    -13.68       6.61
2020.19672     -0.29       6.64
2020.19945      0.67       6.74
2020.20219     -1.15       6.95
2020.20492     -4.03       6.70
2020.20765     -0.17       6.72
2020.21038     -0.65       6.58
2020.21311     -4.81       7.56
2020.21585     -9.30       7.11
2020.21858      1.20       6.89
2020.22131      4.57       6.65
2020.22404     -5.37       6.72
2020.22678      0.74       6.56
2020.22951     -0.61       6.61
2020.23224     16.56       6.63
2020.23497     -2.20       6.93
2020.23770      5.65       6.85
2020.24044     -9.82       6.52
2020.24317     -7.33       6.67
2020.24590      4.23       6.42
2020.24863      1.06       6.56
2020.25137     -9.83       6.70
2020.25410     -9.41       6.67
2020.25683     -1.64       6.67
2020.25956     -0.76       6.53
2020.26230      9.97       6.68
2020.26503      8.84       5.37
2020.26776     11.78       5.32
2020.27049      4.93       5.41
2020.27322      3.17       5.67
2020.27596      8.87       5.52
2020.27869      1.78       5.52
2020.28142      5.15       5.43
2020.28415      7.52       5.48
2020.28689     15.20       5.31
2020.28962      7.59       5.01
2020.29235     17.81       5.13
2020.29508     10.06       5.10
2020.29781     10.62       5.12
2020.30055      4.73       5.14
2020.30328     13.66       5.30
2020.30601      8.06       4.99
2020.30874      8.23       5.30
2020.31148      0.86       5.40
2020.31421      3.67       5.26
2020.31694     11.50       5.06
2020.31967      6.66       5.21
2020.32240     -1.67       5.28
2020.32514     -0.92       5.25
2020.32787      6.50       5.30
2020.33060     12.09       5.27
2020.33333     19.44       5.15
2020.33607     19.31       5.16
2020.33880     10.60       5.31
2020.34153      6.59       5.53
2020.34426     14.10       5.43
2020.34699     11.17       5.24
2020.34973     11.62       5.44
2020.35246     15.84       5.34
2020.35519      7.92       5.37
2020.35792     19.94       5.27
2020.36066     11.33       5.63
2020.36339     16.23       5.27
2020.36612     11.86       5.14
2020.36885      1.38       5.28
2020.37158     14.84       5.49
2020.37432     11.22       5.36
2020.37705      4.59       5.26
2020.37978     25.19       5.44
2020.38251     22.22       5.27
2020.38525      6.75       5.57
2020.38798     20.66       5.64
2020.39071      9.46       5.22
2020.39344     10.33       5.14
2020.39617      8.47       5.25
2020.39891     23.31       5.98
2020.40164     11.58       5.58
2020.40437      7.39       5.50
2020.40710      8.17       5.34
2020.40984      7.70       5.20
2020.41257      3.31       5.26
2020.41530     -2.00       5.20
2020.41803     11.81       5.54
2020.42077     11.53       5.24
2020.42350     23.86       5.82
2020.42623      6.72       5.73
2020.42896     10.21       5.76
2020.43169      4.56       5.44
2020.43443      7.38       5.65
2020.43716      9.03       5.56
2020.43989      8.88       5.61
2020.44262      0.88       5.65
2020.44536     18.18       5.54
2020.44809      8.37       5.55
2020.45082     13.15       5.34
2020.45355     13.13       5.39
2020.45628      4.71       5.41
2020.45902      7.13       5.55
2020.46175     -0.37       5.37
2020.46448      2.40       5.39
2020.46721     16.87       5.47
2020.46995     -3.41       5.47
2020.47268      0.59       5.52
2020.47541    -12.11       5.76
2020.47814      6.65       5.77
2020.48087      3.63       5.48
2020.48361     16.33       5.50
2020.48634      7.29       5.37
2020.48907     23.11       5.78
2020.49180      5.84       5.55
2020.49454      4.34       5.81
2020.49727     -0.76       5.46
2020.50000     18.32       5.85
2020.50273      6.91       5.64
2020.50546     20.53       5.56
2020.50820     12.71       5.57
2020.51093      7.70       5.75
2020.51366     21.47       5.49
2020.51639     22.42       5.79
2020.51913      2.92       5.76
2020.52186      8.32       5.81
2020.52459      9.22       5.74
2020.52732     24.65       5.72
2020.53005     10.45       5.63
2020.53279     13.80       5.65
2020.53552     18.02       6.01
2020.53825     31.82       6.08
2020.54098      7.24       5.82
2020.54372     20.77       5.63
2020.54645     20.28       5.71
2020.54918     19.41       6.17
2020.55191     15.11       5.90
2020.55464      1.12       5.91
2020.55738     26.36       6.09
2020.56011     19.32       6.09
2020.56284      9.52       5.99
2020.56557     18.46       6.16
2020.56831     17.23       6.14
2020.57104      7.40       6.04
2020.57377     13.69       6.12
2020.57650      6.63       6.25
2020.57923     11.12       6.11
2020.58197     15.34       6.18
2020.58470     17.27       6.24
2020.58743     18.52       6.11
2020.59016     17.46       5.94
2020.59290      3.97       6.37
2020.59563     17.76       6.66
2020.59836     20.03       6.95
2020.60109     15.16       6.03
2020.60383     10.71       5.80
2020.60656      2.97       6.02
2020.60929     15.68       6.17
2020.61202     16.66       6.19
2020.61475    -12.58       7.24
2020.61749     15.79       5.85
2020.62022      0.74       5.92
2020.62295      9.75       6.43
2020.62568     11.77       6.20
2020.62842     -5.10       5.87
2020.63115      6.43       6.17
2020.63388      2.86       6.08
2020.63661      5.25       6.22
2020.63934     12.55       6.77
2020.64208     19.74       6.33
2020.64481     17.18       6.08
2020.64754     30.67       6.93
2020.65027     17.64       6.99
2020.65301     34.61       6.86
2020.65574     -9.48       6.73
2020.65847      3.93       6.42
2020.66120     -3.43       6.40
2020.66393      7.96       6.77
2020.66667     -4.12       6.57
2020.66940      0.81       6.51
2020.67213      3.36       6.55
2020.67486     -5.59       8.10
2020.67760      0.27       6.45
2020.68033     -0.00       6.37
2020.68306      4.95       6.65
2020.68579     -3.85       6.27
2020.68852     -0.15       6.13
2020.69126      0.83       6.48
2020.69399      5.73       7.16
2020.69672     -8.78       6.63
2020.69945    -11.30       6.34
2020.70219      0.30       6.33
2020.70492     -3.22       6.94
2020.70765     -1.19       6.88
2020.71038      4.78       6.71
2020.71311     -2.15       6.71
2020.71585    -27.26       6.56
2020.71858     -5.58       6.47
2020.72131     -6.47       6.29
2020.72404      1.28       6.15
2020.72678      2.25       6.31
2020.72951     -6.21       6.23
2020.73224     -4.77       6.20
2020.73497     -5.68       6.44
2020.73770     -1.46       6.57
2020.74044      2.48       6.30
2020.74317     -1.01       6.35
2020.74590      1.80       6.34
2020.74863      0.27       6.55
2020.75137      0.87       6.94
2020.75410      0.34       6.89
2020.75683     -6.94       6.42
2020.75956      8.90       6.50
2020.76230      7.77       6.74
2020.76503      0.23       6.73
2020.76776      7.90       7.03
2020.77049      0.62       6.77
2020.77322      1.11       6.72
2020.77596     -2.90       7.10
2020.77869     14.22       7.01
2020.78142     -0.75       6.84
2020.78415    -11.12       6.79
2020.78689    -11.10       6.30
2020.78962     -6.41       6.58
2020.79235    -15.10       6.95
2020.79508    -12.01       6.96
2020.79781      8.71       6.64
2020.80055     -5.15       6.61
2020.80328      6.83       6.76
2020.80601     -5.48       7.20
2020.80874     -5.60       6.98
2020.81148     -3.24       6.66
2020.81421      4.70       6.73
2020.81694     -5.19       6.69
2020.81967    -12.54       6.46
2020.82240      3.85       6.67
2020.82514     14.74       6.93
2020.82787     -7.92       7.01
2020.83060      6.19       6.89
2020.83333    -10.16       6.82
2020.83607      2.19       6.54
2020.83880      1.60       6.45
2020.84153      1.81       6.36
2020.84426    -20.28       6.65
2020.84699     -1.01       6.61
2020.84973      2.59       6.64
2020.85246     -5.74       6.79
2020.85519     -2.28       6.34
2020.85792      4.20       6.62
2020.86066     -5.90       6.47
2020.86339    -11.04       6.22
2020.86612     -9.25       6.47
2020.86885     -4.16       6.19
2020.87158     -6.27       5.96
2020.87432      2.24       6.01
2020.87705      3.99       6.04
2020.87978     10.54       6.16
2020.88251     11.66       5.92
2020.88525      9.20       6.28
2020.88798      3.04       6.11
2020.89071      1.40       6.08
2020.89344     -3.86       5.96
2020.89617      3.99       6.28
2020.89891     15.54       6.07
2020.90164      6.77       6.32
2020.90437      0.05       6.05
2020.90710     -0.28       6.42
2020.90984     -1.54       6.45
2020.91257    -14.72       6.55
2020.91530      7.65       6.33
2020.91803     23.32       6.61
2020.92077     12.46       7.02
2020.92350     26.00       6.69
2020.92623     25.16       6.66
2020.92896     34.14       6.52
2020.93169     31.61       6.74
2020.93443     30.45       6.97
2020.94262     24.29       7.46
2020.94536     24.37       6.18
2020.94809     24.44       6.20
2020.95082      6.80       6.31
2020.95355     17.12       6.25
2020.95628     21.16       6.14
2020.95902     10.82       5.96
2020.96175     25.63       6.40
2020.96448     19.73       6.13
2020.96721     18.50       6.18
2020.96995     13.59       6.46
2020.97268     21.98       6.41
2020.97541     18.20       6.32
2020.97814     27.97       6.34
2020.98087     27.86       6.29
2020.98361     20.89       6.42
2020.98634     10.94       6.31
2020.98907     11.66       6.12
2020.99180     14.86       6.38
2020.99727     25.43       7.86
2021.00000     25.44       6.05
2021.00274     31.61       5.98
2021.00548     24.63       6.13
2021.00822     13.40       5.83
2021.01096     16.95       5.74
2021.01370     27.14       5.99
2021.01644      1.93       6.08
2021.01918     57.98       6.29
2021.02192    102.22       5.92
2021.02466     17.13       5.74
2021.02740     20.75       5.90
2021.03014     18.36       5.87
2021.03288     23.93       5.84
2021.03562     28.89       5.84
2021.03836     13.85       5.57
2021.04110     19.85       5.65
2021.04384     15.24       5.93
2021.04658     20.69       5.79
2021.04932     22.17       5.68
2021.05205     19.07       5.97
2021.05479     23.42       5.90
2021.05753     25.67       7.40
2021.06027     13.64       5.75
2021.06301     25.02       5.61
2021.06575     16.19       5.71
2021.06849     17.46       5.54
2021.07123     18.74       5.85
2021.07397     55.89       5.78
2021.07671     18.51       5.54
2021.07945     19.67       5.78
2021.08219     13.98       5.38
2021.08493      9.47       5.74
2021.08767     58.85       5.96
2021.09041     13.51       5.45
2021.09315      7.36       5.74
2021.09589     10.43       5.45
2021.09863     15.41       5.75
2021.10137     14.76       5.68
2021.10411     13.54       5.80
2021.10685     19.09       5.60
2021.10959     18.15       6.09
2021.11233     21.65       6.37
2021.11507     19.77       5.67
2021.11781     16.29       5.79
2021.12055     15.08       5.65
2021.12329      8.09       5.97
2021.12603      4.27       5.87
2021.12877     10.18       5.72
2021.13151     10.71       6.15
2021.13425     39.76       6.07
2021.13699     17.13       5.73
2021.13973     12.36       5.82
2021.14247      2.57       5.88
