2015.71233     32.78       1.02
2015.71507     33.92       0.90
2015.71781     38.72       3.17
2015.72603     33.37       1.02
2015.72877     30.79       0.92
2015.73151     31.09       0.97
2015.73425     31.54       0.96
2015.73699     32.21       0.97
2015.73973     29.18       1.06
2015.74247     35.29       1.01
2015.74521     30.21       1.02
2015.74795     30.57       0.98
2015.75068     31.08       0.90
2015.75342     29.08       0.90
2015.75616     31.43       0.90
2015.75890     32.45       0.93
2015.76164     31.90       0.94
2015.76438     29.70       0.90
2015.76712     29.25       0.92
2015.76986     31.19       0.91
2015.77260     30.49       0.89
2015.77534     31.62       0.90
2015.77808     30.00       0.89
2015.78082     34.08       0.90
2015.78356     30.03       0.94
2015.78630     32.83       0.86
2015.78904     32.00       0.88
2015.79178     31.70       0.87
2015.79452     31.65       0.89
2015.79726     32.28       0.94
2015.80000     33.06       0.92
2015.80274     29.87       0.94
2015.80548     30.65       0.91
2015.80822     32.15       0.88
2015.81096     32.06       0.94
2015.81370     28.20       0.88
2015.81644     30.97       0.91
2015.81918     31.98       0.88
2015.82192     30.14       0.88
2015.82466     34.32       0.90
2015.82740     34.32       0.87
2015.83014     28.76       0.93
2015.83288     32.08       0.93
2015.83562     32.87       0.90
2015.83836     31.43       0.89
2015.84110     32.42       0.88
2015.84384     34.25       0.87
2015.84658     32.91       0.86
2015.84932     30.91       0.90
2015.85205     33.29       0.89
2015.85479     32.18       0.89
2015.85753     32.37       0.89
2015.86027     31.71       0.90
2015.86301     32.38       0.90
2015.86575     33.42       0.91
2015.86849     32.41       0.90
2015.87123     32.19       0.90
2015.87397     33.65       0.89
2015.87671     32.55       0.89
2015.87945     29.35       0.90
2015.88219     28.25       0.91
2015.88493     33.14       0.94
2015.88767     30.12       0.90
2015.89041     30.41       0.90
2015.89315     29.81       0.89
2015.89589     31.21       0.90
2015.89863     31.26       0.90
2015.90137     33.30       0.90
2015.90411     31.56       0.88
2015.90685     32.16       0.90
2015.90959     33.79       0.90
2015.91233     33.64       0.88
2015.91507     32.65       0.90
2015.91781     32.55       0.88
2015.92055     30.89       0.89
2015.92329     32.43       0.89
2015.92603     31.27       0.90
2015.92877     31.77       0.89
2015.93151     32.65       0.88
2015.93425     32.00       0.88
2015.93699     30.31       0.91
2015.93973     31.12       0.93
2015.94247     32.14       0.91
2015.94521     31.18       0.88
2015.94795     31.30       0.88
2015.95068     29.81       0.89
2015.95342     29.67       0.88
2015.95616     30.31       0.88
2015.95890     30.71       0.90
2015.96164     30.10       0.91
2015.96438     31.82       0.87
2015.96712     31.35       0.89
2015.96986     30.97       0.89
2015.97260     31.07       0.87
2015.97534     28.86       0.86
2015.97808     31.33       0.88
2015.98082     31.43       0.89
2015.98356     31.30       0.88
2015.98630     31.48       0.88
2015.98904     31.46       0.88
2015.99178     30.47       0.89
2015.99452     30.79       0.87
2015.99726     31.42       0.88
2016.00000     29.13       0.88
2016.00273     30.63       0.89
2016.00546     29.67       0.92
2016.00820     30.34       0.89
2016.01093     29.75       0.88
2016.01366     29.22       0.93
2016.01639     29.65       0.92
2016.01913     31.20       0.95
2016.02186     30.18       0.92
2016.02459     29.67       0.90
2016.02732     29.85       0.92
2016.03005     28.11       0.92
2016.03279     27.78       0.94
2016.03552     29.44       0.91
2016.03825     30.85       0.93
2016.04098     29.19       0.95
2016.04372     30.99       0.95
2016.04645     30.09       0.91
2016.04918     30.15       0.90
2016.05191     29.99       0.91
2016.05464     29.43       0.91
2016.05738     27.14       0.90
2016.06011     27.89       0.91
2016.06284     28.45       0.90
2016.06557     28.24       0.93
2016.06831     29.70       0.92
2016.07104     29.30       0.93
2016.07377     30.44       0.93
2016.07650     32.44       0.99
2016.07923     31.22       0.93
2016.08197     28.42       0.96
2016.08470     30.08       0.93
2016.08743     31.04       0.91
2016.09016     30.69       0.90
2016.09290     29.27       0.96
2016.09563     32.73       0.90
2016.11475     44.90       0.93
2016.11749     43.45       0.93
2016.12842     44.75       0.93
2016.13115     43.25       0.90
2016.13661     44.27       0.91
2016.13934     42.73       0.96
2016.14208     43.38       0.90
2016.14481     42.76       0.90
2016.14754     41.38       0.90
2016.15027     41.69       0.89
2016.15301     41.75       0.93
2016.15574     42.50       0.94
2016.15847     40.97       0.91
2016.16120     42.71       0.90
2016.16393     41.37       0.90
2016.16667     42.24       0.91
2016.16940     43.29       0.91
2016.17213     41.55       0.96
2016.17486     41.27       0.94
2016.17760     40.80       0.92
2016.18033     39.22       0.91
2016.18306     41.72       0.97
2016.18579     41.86       0.96
2016.18852     41.64       0.95
2016.19126     43.06       0.88
2016.19399     42.06       0.88
2016.19672     42.11       0.94
2016.19945     40.56       0.91
2016.20219     38.56       0.90
2016.20492     41.57       0.92
2016.20765     41.64       0.93
2016.21038     39.27       0.93
2016.21311     41.33       0.92
2016.21585     39.25       0.92
2016.21858     41.37       0.91
2016.22131     39.01       0.91
2016.22404     41.98       0.95
2016.22678     41.21       0.89
2016.22951     40.27       0.89
2016.23224     39.44       0.90
2016.23497     39.33       0.91
2016.23770     39.01       0.89
2016.24044     40.26       0.92
2016.24317     39.32       0.92
2016.24590     37.85       0.91
2016.24863     37.54       0.91
2016.25137     39.75       0.91
2016.25410     39.27       0.89
2016.25683     39.61       0.91
2016.25956     36.77       0.90
2016.26230     38.39       0.90
2016.26503     37.62       0.91
2016.26776     39.29       0.92
2016.27049     42.58       0.91
2016.27322     40.53       0.95
2016.27596     39.02       0.92
2016.27869     36.61       0.94
2016.28142     40.04       0.95
2016.28415     41.23       1.03
2016.28689     38.01       0.92
2016.28962     36.32       0.91
2016.29235     38.82       0.92
2016.29508     39.22       0.91
2016.29781     39.03       0.92
2016.30055     38.52       0.94
2016.30328     37.37       0.91
2016.30601     40.25       0.89
2016.30874     39.97       0.93
2016.31148     37.83       0.93
2016.31421     36.12       0.91
2016.31694     37.91       0.92
2016.31967     36.93       0.92
2016.32240     37.25       0.90
2016.32514     37.20       0.92
2016.32787     37.17       0.90
2016.33060     39.36       0.92
2016.33333     35.39       0.91
2016.33607     36.95       0.93
2016.33880     36.72       0.92
2016.34153     35.78       0.92
2016.34426     37.30       0.92
2016.34699     38.15       0.91
2016.34973     37.69       0.90
2016.35246     37.82       0.92
2016.35519     38.70       0.93
2016.35792     36.86       0.95
2016.36066     37.44       0.92
2016.36339     32.72       0.95
2016.36612     36.33       0.94
2016.36885     36.28       0.91
2016.37158     35.88       0.92
2016.37432     34.32       0.91
2016.37705     35.78       0.90
2016.37978     35.21       0.91
2016.38251     35.12       0.91
2016.38525     37.16       0.91
2016.38798     36.72       0.97
2016.39071     31.84       0.95
2016.39344     35.81       0.93
2016.39617     36.78       0.94
2016.39891     35.34       0.92
2016.40164     37.95       0.93
2016.40437     33.70       0.90
2016.40710     36.16       0.91
2016.40984     37.46       0.93
2016.41257     33.45       0.90
2016.41530     34.30       0.90
2016.41803     34.51       0.91
2016.42077     36.59       0.90
2016.42350     35.15       0.92
2016.42623     38.31       0.96
2016.42896     36.55       0.91
2016.43169     33.96       1.02
2016.43443     33.20       0.95
2016.43716     33.42       0.94
2016.43989     36.44       0.93
2016.44262     34.70       0.92
2016.44536     34.98       0.95
2016.44809     35.41       0.97
2016.45082     33.13       0.93
2016.45355     36.61       0.94
2016.45628     36.01       0.92
2016.45902     34.56       0.91
2016.46175     34.77       0.91
2016.46448     34.70       0.93
2016.46721     32.84       0.91
2016.46995     32.55       0.91
2016.47268     33.35       0.90
2016.47541     33.40       0.93
2016.47814     31.82       0.96
2016.48087     32.01       0.96
2016.48361     33.71       0.95
2016.48634     34.80       0.90
2016.48907     34.75       0.93
2016.49180     33.54       0.93
2016.49454     35.45       0.95
2016.49727     32.41       0.94
2016.50000     32.21       0.93
2016.50273     36.89       0.97
2016.50546     33.39       0.94
2016.50820     34.34       0.91
2016.51093     33.89       0.93
2016.51366     30.74       0.95
2016.51639     31.39       1.01
2016.51913     35.45       0.95
2016.52186     33.99       0.94
2016.52459     35.45       0.99
2016.52732     30.88       0.96
2016.53005     33.19       0.92
2016.53279     32.88       0.92
2016.53552     31.18       0.92
2016.53825     32.44       0.94
2016.54098     31.75       0.95
2016.54372     27.68       0.95
2016.54645     34.01       0.94
2016.54918     27.81       0.95
2016.55191     28.72       0.92
2016.55464     27.05       0.98
2016.55738     29.57       0.94
2016.56011     29.38       0.97
2016.56284     32.04       0.91
2016.56557     30.83       0.92
2016.56831     31.93       0.91
2016.57104     32.77       0.95
2016.57377     32.84       0.95
2016.57650     33.48       0.94
2016.57923     30.56       0.95
2016.58197     29.60       0.93
2016.58470     31.20       0.90
2016.58743     29.55       0.91
2016.59016     30.49       0.94
2016.59290     30.80       0.90
2016.59563     28.63       0.94
2016.59836     28.91       0.99
2016.60109     31.80       0.97
2016.60383     28.49       0.98
2016.60656     27.97       0.94
2016.60929     29.12       0.95
2016.61202     30.31       0.89
2016.61475     29.50       0.92
2016.61749     29.50       0.94
2016.62022     30.82       0.95
2016.62295     28.94       0.98
2016.62568     31.65       0.92
2016.62842     30.18       0.93
2016.63115     29.00       0.99
2016.63388     27.26       0.95
2016.63661     28.12       0.94
2016.63934     27.63       0.96
2016.64208     28.21       0.92
2016.64481     30.11       0.97
2016.64754     29.94       0.94
2016.65027     25.56       0.98
2016.65301     29.65       0.99
2016.65574     28.82       0.97
2016.65847     26.70       0.94
2016.66120     27.34       0.91
2016.66393     29.07       0.93
2016.66667     28.85       0.96
2016.66940     23.48       1.19
2016.67213     27.96       0.95
2016.67486     25.10       0.96
2016.67760     28.65       1.06
2016.68033     29.95       1.00
2016.68306     27.18       1.03
2016.68579     28.02       1.00
2016.68852     27.86       0.94
2016.69126     27.74       0.91
2016.69399     26.80       0.96
2016.69672     26.70       0.95
2016.69945     25.63       0.94
2016.70219     29.53       1.05
2016.70492     27.15       0.96
2016.70765     26.43       0.98
2016.71038     25.36       0.96
2016.71311     26.34       0.92
2016.71585     21.54       0.94
2016.71858     26.63       0.93
2016.72131     25.51       0.90
2016.72404     24.09       0.96
2016.72678     24.17       0.98
2016.72951     26.56       0.95
2016.73224     27.00       0.92
2016.73497     25.03       0.94
2016.73770     23.87       0.95
2016.74044     23.50       1.04
2016.74317     23.17       0.96
2016.74590     26.15       0.92
2016.74863     23.86       0.93
2016.75137     25.13       0.92
2016.75410     25.76       0.92
2016.75683     22.82       0.95
2016.75956     23.97       0.95
2016.76230     22.93       0.93
2016.76503     24.01       0.94
2016.76776     25.88       0.94
2016.77049     26.38       0.96
2016.77322     26.66       0.91
2016.77596     24.75       0.96
2016.77869     24.25       0.93
2016.78142     23.08       0.93
2016.78415     22.31       0.91
2016.78689     22.08       0.96
2016.78962     24.47       0.92
2016.79235     26.27       0.91
2016.79508     24.84       0.88
2016.79781     22.95       0.94
2016.80055     26.27       1.01
2016.80328     24.68       0.97
2016.80601     28.52       0.89
2016.80874     26.49       0.89
2016.81148     26.96       0.91
2016.81421     25.28       0.91
2016.81694     23.62       0.90
2016.81967     22.74       0.91
2016.82240     23.30       0.89
2016.82514     25.50       0.89
2016.82787     22.35       0.91
2016.83060     23.55       0.89
2016.83333     24.03       0.90
2016.83607     23.74       0.89
2016.83880     24.24       0.89
2016.84153     24.57       0.89
2016.84426     24.13       0.90
2016.84699     25.49       0.92
2016.84973     25.14       0.90
2016.85246     24.89       0.90
2016.85519     24.60       0.89
2016.85792     23.50       0.95
2016.86066     24.13       0.90
2016.86339     23.42       0.89
2016.86612     22.68       0.90
2016.86885     24.22       0.90
2016.87158     23.75       0.89
2016.87432     24.41       0.88
2016.87705     24.67       0.89
2016.87978     25.35       0.92
2016.88251     24.75       0.90
2016.88525     21.72       0.91
2016.88798     21.26       0.90
2016.89071     21.58       0.90
2016.89344     23.56       0.91
2016.89617     23.98       0.89
2016.89891     23.38       0.89
2016.90164     25.74       0.93
2016.90437     21.34       0.95
2016.90710     18.99       0.93
2016.90984     21.70       0.89
2016.91257     22.47       0.95
2016.91530     21.17       0.90
2016.91803     20.83       0.90
2016.92077     20.82       0.88
2016.92350     23.38       0.90
2016.92623     23.84       0.90
2016.92896     22.57       0.93
2016.93169     21.58       0.93
2016.93443     20.51       0.90
2016.93716     22.45       0.92
2016.93989     22.20       0.90
2016.94262     22.20       0.89
2016.94536     23.07       0.89
2016.94809     19.85       1.79
2016.95082     17.97       1.79
2016.95355     21.54       1.04
2016.95628     20.55       0.91
2016.95902     22.60       0.89
2016.96175     19.55       0.91
2016.96448     20.18       0.89
2016.96721     20.76       1.15
2016.96995     22.71       1.06
2016.97268     23.75       0.92
2016.97541     22.12       0.90
2016.97814     22.81       0.89
2016.98087     21.70       0.89
2016.98361     22.28       1.30
2016.98634     22.76       2.15
2016.98907     21.13       1.08
2016.99180     21.50       0.89
2016.99454     22.23       0.89
2016.99727     22.07       0.90
2017.00000     19.98       0.92
2017.00274     20.16       0.91
2017.00548     20.43       0.90
2017.00822     22.56       0.89
2017.01096     21.35       0.90
2017.01370     22.00       0.91
2017.01644     22.16       0.93
2017.01918     22.13       0.91
2017.02192     22.28       0.91
2017.02466     21.10       0.93
2017.02740     21.34       0.91
2017.03014     23.04       0.91
2017.03288     21.55       0.91
2017.03562     23.36       0.90
2017.03836     21.51       0.91
2017.04110     24.18       0.89
2017.04384     23.86       0.92
2017.04658     23.13       0.93
2017.04932     22.51       0.90
2017.05205     23.44       0.90
2017.05479     22.00       0.91
2017.05753     23.03       0.89
2017.06027     23.06       0.88
2017.06301     22.16       0.90
2017.06575     21.82       0.90
2017.06849     22.32       0.90
2017.07123     20.59       0.88
2017.07397     23.01       0.90
2017.07671     21.48       0.92
2017.07945     22.77       0.91
2017.08219     20.48       0.91
2017.08493     21.76       0.90
2017.08767     22.93       0.90
2017.09041     20.22       0.90
2017.09315     22.41       0.91
2017.09589     23.63       0.89
2017.09863     20.82       0.89
2017.10137     21.70       0.90
2017.10411     21.62       0.90
2017.10685     19.92       0.89
2017.10959     23.28       0.89
2017.11233     21.16       0.89
2017.11507     20.64       0.90
2017.11781     22.18       0.88
2017.12055     19.56       0.88
2017.12329     22.28       0.88
2017.12603     21.01       0.90
2017.12877     20.17       0.89
2017.13151     21.88       0.89
2017.13425     19.11       0.91
2017.13699     20.60       0.90
2017.13973     18.61       0.89
2017.14247     20.09       0.90
2017.14521     19.78       0.89
2017.14795     19.36       0.89
2017.15068     20.86       0.89
2017.15342     19.09       0.89
2017.15616     20.95       0.92
2017.15890     19.36       0.91
2017.16164     21.90       0.89
2017.16438     19.91       0.90
2017.16712     20.31       0.90
2017.16986     20.70       0.90
2017.17260     17.50       0.93
2017.17534     16.65       0.92
2017.17808     18.82       0.90
2017.18082     19.43       0.90
2017.18356     19.54       0.90
2017.18630     17.51       0.91
2017.18904     16.47       0.89
2017.19178     19.18       0.90
2017.19452     19.07       0.90
2017.19726     18.08       0.89
2017.20000     19.17       0.90
2017.20274     19.34       0.89
2017.20548     19.24       0.89
2017.20822     17.38       0.89
2017.21096     18.23       0.88
2017.21370     18.24       0.89
2017.21644     19.06       0.89
2017.21918     17.94       0.89
2017.22192     18.55       0.89
2017.22466     18.92       0.90
2017.22740     18.89       0.90
2017.23014     19.98       0.89
2017.23288     20.68       0.93
2017.23562     20.83       0.91
2017.23836     18.92       0.89
2017.24110     18.07       0.89
2017.24384     18.46       0.90
2017.24658     17.80       0.91
2017.24932     18.75       0.88
2017.25205     20.07       0.89
2017.25479     19.09       0.88
2017.25753     18.56       0.89
2017.26027     19.86       0.90
2017.26301     17.45       0.90
2017.26575     21.87       0.90
2017.26849     19.12       0.90
2017.27123     18.85       0.89
2017.27397     19.30       0.95
2017.27671     17.73       0.94
2017.27945     16.68       0.90
2017.28219     18.29       0.90
2017.28493     16.77       0.91
2017.28767     15.78       0.90
2017.29041     19.08       0.89
2017.29315     18.51       0.90
2017.29589     18.09       0.99
2017.29863     15.27       0.91
2017.30137     16.27       0.93
2017.30411     16.12       0.92
2017.30685     15.11       0.92
2017.30959     17.07       0.91
2017.31233     17.45       0.90
2017.31507     16.09       0.89
2017.31781     14.49       0.89
2017.32055     17.35       0.90
2017.32329     15.08       0.90
2017.32603     17.15       0.90
2017.32877     17.07       0.89
2017.33151     15.56       0.91
2017.33425     14.65       0.89
2017.33699     14.06       0.91
2017.33973     15.37       0.92
2017.34247     15.36       0.90
2017.34521     17.08       0.89
2017.34795     15.63       0.91
2017.35068     16.99       0.90
2017.35342     15.53       0.91
2017.35616     17.35       0.92
2017.35890     17.18       0.91
2017.36164     14.77       0.90
2017.36438     17.02       0.90
2017.36712     15.56       0.91
2017.36986     15.12       0.91
2017.37260     15.80       0.91
2017.37534     12.20       0.92
2017.37808     14.72       0.92
2017.38082     16.80       0.91
2017.38356     16.32       0.91
2017.38630     15.53       0.89
2017.38904     13.64       0.92
2017.39178     13.60       0.97
2017.39452     14.14       0.93
2017.39726     15.03       0.89
2017.40000     12.43       0.91
2017.40274     13.90       0.89
2017.40548     14.71       0.91
2017.40822     15.34       0.91
2017.41096     14.74       0.89
2017.41370     13.80       0.94
2017.41644     14.62       0.91
2017.41918     12.78       0.98
2017.42192     13.51       0.92
2017.42466     13.33       0.90
2017.42740     13.44       0.92
2017.43014     13.87       0.91
2017.43288     18.28       0.93
2017.43562     13.43       0.94
2017.43836     14.60       0.91
2017.44110     14.64       0.90
2017.44384     10.34       0.96
2017.44658     11.56       0.92
2017.44932      9.58       0.93
2017.45205     11.23       1.00
2017.45479     11.08       1.05
2017.45753     12.01       1.00
2017.46027     13.41       0.94
2017.46301     13.61       0.91
2017.46575     17.12       0.94
2017.46849     13.35       0.90
2017.47123     13.52       0.90
2017.47397     10.36       0.91
2017.47671     15.49       0.92
2017.47945     12.87       0.92
2017.48219     13.54       0.90
2017.48493     13.09       0.89
2017.48767     11.54       0.94
2017.49041     10.66       0.95
2017.49315     10.83       0.93
2017.49589     14.28       0.93
2017.49863     11.73       0.98
2017.50137      6.02       0.97
2017.50411     15.23       0.93
2017.50685     11.37       0.91
2017.50959      9.92       0.97
2017.51233     11.12       0.93
2017.51507     14.03       0.95
2017.51781     11.21       0.91
2017.52055      8.97       0.94
2017.52329     10.82       0.94
2017.52603      9.50       0.99
2017.52877     10.65       0.95
2017.53151     11.81       0.94
2017.53425     11.41       0.96
2017.53699     12.41       0.96
2017.53973     10.46       0.90
2017.54247     10.01       0.92
2017.54521     10.63       0.94
2017.54795     10.65       0.91
2017.55068     10.69       0.93
2017.55342     12.19       0.90
2017.55616     10.86       0.91
2017.55890      8.57       0.98
2017.56164     11.01       0.93
2017.56438     12.81       0.94
2017.56712      9.00       0.94
2017.56986     12.53       0.93
2017.57260     11.84       0.95
2017.57534      7.98       1.04
2017.57808     12.96       0.99
2017.58082      5.59       0.97
2017.58356     10.62       0.92
2017.58630     11.11       0.93
2017.58904      8.80       0.93
2017.59178     10.16       0.90
2017.59452      9.52       0.92
2017.59726      9.50       0.93
2017.60000      9.10       0.92
2017.60274      7.57       0.94
2017.60548      9.34       0.95
2017.60822     10.60       0.95
2017.61096     11.13       0.92
2017.61370      7.37       0.90
2017.61644      8.78       0.92
2017.61918      5.77       0.92
2017.62192      6.92       0.91
2017.62466      7.76       0.93
2017.62740      8.84       0.98
2017.63014      5.52       0.90
2017.63288      9.74       0.94
2017.63562      7.67       0.95
2017.63836      8.06       0.93
2017.64110      8.65       0.91
2017.64384      7.23       0.92
2017.64658      7.37       0.92
2017.64932      6.16       0.91
2017.65205      7.61       0.92
2017.65479      4.20       0.94
2017.65753      8.93       0.93
2017.66027      5.39       1.00
2017.66301      5.92       0.96
2017.66575      6.86       0.96
2017.66849      5.25       0.91
2017.67123      8.65       1.00
2017.67397      3.18       0.97
2017.67671      6.27       0.90
2017.67945      6.27       0.92
2017.68219     11.03       0.97
2017.68493      8.39       0.91
2017.68767      6.41       0.92
2017.69041      5.70       0.90
2017.69315      3.63       0.91
2017.69589      7.70       0.90
2017.69863      5.37       0.92
2017.70137      2.93       0.93
2017.70411      1.90       0.90
2017.70685      5.45       0.89
2017.70959      8.13       0.93
2017.71233      6.97       0.90
2017.71507      7.66       0.92
2017.71781      5.03       0.90
2017.72055      9.16       0.90
2017.72329      4.75       0.91
2017.72603      5.69       0.91
2017.72877      6.47       0.93
2017.73151     10.43       0.94
2017.73425      6.96       0.93
2017.73699      7.27       0.90
2017.73973      2.97       0.92
2017.74247      6.81       0.98
2017.74521      6.31       0.91
2017.74795      6.93       0.91
2017.75068      6.18       0.92
2017.75342      5.27       0.92
2017.75616      6.14       0.97
2017.75890      7.10       0.91
2017.76164      7.03       0.90
2017.76438      5.63       0.94
2017.76712      5.65       0.96
2017.76986      5.30       0.94
2017.77260      4.18       0.95
2017.77534      5.99       0.93
2017.77808      3.45       0.93
2017.78082      4.69       0.92
2017.78356      3.01       0.96
2017.78630      4.06       0.97
2017.78904      6.60       0.94
2017.79178      3.59       0.92
2017.79452      7.07       0.92
2017.79726      4.97       0.91
2017.80000      5.64       0.91
2017.80274      4.08       0.90
2017.80548      7.48       0.91
2017.80822      5.34       0.90
2017.81096      5.01       0.91
2017.81370      3.37       0.92
2017.81644      4.17       0.90
2017.81918      4.30       0.94
2017.82192      7.09       0.91
2017.82466      5.35       0.89
2017.82740      4.97       0.92
2017.83014      3.48       0.90
2017.83288      3.43       0.90
2017.83562      6.07       0.93
2017.83836      6.94       0.89
2017.84110      3.37       0.88
2017.84384      4.21       0.89
2017.84658      4.41       0.91
2017.84932      5.32       0.89
2017.85205      5.10       0.90
2017.85479      5.18       0.93
2017.85753      5.28       0.94
2017.86027      5.67       0.92
2017.86301      6.21       0.89
2017.86575      6.21       0.88
2017.86849      4.36       0.89
2017.87123      4.94       0.88
2017.87397      4.42       0.89
2017.87671      2.69       0.90
2017.87945      3.11       0.89
2017.88219      4.62       0.88
2017.88493      6.16       0.88
2017.88767      4.46       0.89
2017.89041      2.81       0.88
2017.89315      5.18       0.89
2017.89589      5.90       0.91
2017.89863      5.52       0.88
2017.90137      5.26       0.89
2017.90411      3.65       0.89
2017.90685      3.58       0.90
2017.90959      5.69       0.92
2017.91233      4.69       0.91
2017.91507      4.06       0.94
2017.91781      4.20       0.88
2017.92055      5.62       0.91
2017.92329      1.52       0.88
2017.92603      5.44       0.89
2017.92877      4.02       0.89
2017.93151      3.24       0.89
2017.93425      6.20       0.89
2017.93699      5.37       0.89
2017.93973      6.33       0.89
2017.94247      4.12       0.90
2017.94521      5.90       0.89
2017.94795      5.23       0.89
2017.95068      1.42       0.93
2017.95342      4.39       0.89
2017.95616      2.37       0.89
2017.95890      4.71       0.89
2017.96164      4.49       0.89
2017.96438      2.32       0.95
2017.96712      5.22       0.92
2017.96986      5.56       0.90
2017.97260      4.74       0.90
2017.97534      4.09       0.91
2017.97808      4.47       0.91
2017.98082      5.05       0.92
2017.98356      3.70       0.92
2017.98630      6.60       0.92
2017.98904      4.47       0.91
2017.99178      4.87       0.90
2017.99452      5.48       0.91
2017.99726      5.74       0.90
2018.00000      6.85       0.89
2018.00274      5.94       0.90
2018.00548      6.25       0.92
2018.00822      5.13       0.91
2018.01096      5.00       0.90
2018.01370      6.11       0.90
2018.01644      5.00       0.91
2018.01918      3.25       0.91
2018.02192      4.77       0.90
2018.02466      2.75       0.89
2018.02740      4.40       0.90
2018.03014      4.72       0.89
2018.03288      4.06       0.89
2018.03562      4.43       0.89
2018.03836      3.71       0.90
2018.04110      5.88       0.89
2018.04384      3.68       0.89
2018.04658      5.75       0.89
2018.04932      5.50       0.89
2018.05205      3.88       0.89
2018.05479      5.60       0.91
2018.05753      4.90       0.92
2018.06027      4.56       0.89
2018.06301      3.88       0.90
2018.06575      6.18       0.90
2018.06849      4.37       0.91
2018.07123      4.24       0.92
2018.07397      4.76       0.91
2018.07671      6.33       0.90
2018.07945      4.91       0.90
2018.08219      5.50       0.91
2018.08493      4.79       0.89
2018.08767      5.02       0.90
2018.09041      5.50       0.90
2018.09315      4.96       0.89
2018.09589      4.38       0.92
2018.09863      4.50       0.89
2018.10137      1.44       0.90
2018.10411      4.65       0.92
2018.10685      4.79       0.89
2018.10959      3.52       0.89
2018.11233      2.92       0.90
2018.11507      4.43       0.90
2018.11781      5.80       0.93
2018.12055      5.80       0.94
2018.12329      5.28       0.91
2018.12603      5.50       0.93
2018.12877      3.17       0.91
2018.13151      5.81       0.91
2018.13425      6.05       0.91
2018.13699      3.75       0.91
2018.13973      4.96       0.92
2018.14247      3.65       0.92
2018.14521      4.01       0.94
2018.14795      3.90       0.93
2018.15068      3.30       0.91
2018.15342      3.63       0.90
2018.15616      3.64       0.93
2018.15890      3.12       0.94
2018.16164      4.38       0.92
2018.16438      4.14       0.90
2018.16712      3.29       0.90
2018.16986      4.93       0.92
2018.17260      2.83       0.92
2018.17534      3.09       0.95
2018.17808      3.37       0.97
2018.18082      3.19       0.92
2018.18356      2.24       0.91
2018.18630      4.28       0.89
2018.18904      4.31       0.91
2018.19178      2.69       0.90
2018.19452      1.95       0.90
2018.19726      2.86       0.89
2018.20000      0.57       0.94
2018.20274      0.27       0.91
2018.20548      1.19       0.91
2018.20822      1.07       0.90
2018.21096      2.19       0.93
2018.21370     -0.94       0.91
2018.21644      0.93       0.89
2018.21918      3.02       0.90
2018.22192      2.28       0.90
2018.22466      0.70       0.92
2018.22740      3.23       0.90
2018.23014      3.14       0.92
2018.23288      3.23       0.96
2018.23562      2.49       1.08
2018.23836      1.46       0.91
2018.24110      1.11       0.92
2018.24384      1.17       0.91
2018.24658      2.45       0.90
2018.24932      2.19       0.90
2018.25205      2.06       0.90
2018.25479      2.35       0.90
2018.25753      3.62       0.92
2018.26027      3.81       0.92
2018.26301      3.88       0.90
2018.26575      4.02       0.90
2018.26849      3.74       0.90
2018.27123      2.56       0.90
2018.27397      3.73       0.91
2018.27671      2.47       0.93
2018.27945      2.12       0.96
2018.28219      0.76       0.91
2018.28493      1.62       0.91
2018.28767      2.14       0.89
2018.29041     -1.20       0.92
2018.29315      1.84       0.91
2018.29589      2.79       0.91
2018.29863      2.24       0.91
2018.30137      3.20       0.91
2018.30411      3.28       0.91
2018.30685      3.25       0.92
2018.30959      2.21       0.92
2018.31233      2.40       0.90
2018.31507      2.30       0.90
2018.31781      1.25       0.92
2018.32055      1.95       0.90
2018.32329      1.58       0.90
2018.32603      2.10       0.91
2018.32877      2.54       0.92
2018.33151      0.42       0.92
2018.33425      3.04       0.95
2018.33699      1.15       1.07
2018.33973      0.48       0.90
2018.34247      3.70       0.91
2018.34521      3.43       0.93
2018.34795      1.94       0.96
2018.35068      4.20       0.91
2018.35342      1.07       0.90
2018.35616      0.68       0.90
2018.35890      1.79       0.91
2018.36164      2.21       0.92
2018.36438      1.33       0.89
2018.36712     -0.50       0.89
2018.36986      1.41       0.92
2018.37260      2.90       0.92
2018.37534      1.66       0.93
2018.37808      1.53       0.94
2018.38082      0.83       0.90
2018.38356      1.95       0.90
2018.38630     -0.93       0.92
2018.38904      0.65       0.92
2018.39178      1.04       0.92
2018.39452      0.95       0.91
2018.39726      3.39       0.91
2018.40000     -0.64       0.90
2018.40274     -2.74       0.94
2018.40548     -2.08       0.92
2018.40822      1.19       0.94
2018.41096      0.73       0.91
2018.41370      1.47       0.92
2018.41644      0.31       0.89
2018.41918     -1.61       0.93
2018.42192      2.30       0.94
2018.42466      2.58       0.93
2018.42740      1.92       0.98
2018.43014     -1.23       0.97
2018.43288     -0.95       0.94
2018.43562      1.86       0.94
2018.43836      3.81       1.01
2018.44110     -1.59       0.94
2018.44384     -1.67       0.94
2018.44658     -1.65       0.92
2018.44932      0.25       0.98
2018.45205     -1.31       0.92
2018.45479     -2.05       0.97
2018.45753     -0.32       0.95
2018.46027     -2.47       1.00
2018.46301     -2.74       0.96
2018.46575      2.96       0.94
2018.46849     -2.44       0.92
2018.47123      1.70       0.97
2018.47397     -1.96       0.95
2018.47671     -1.03       0.91
2018.47945     -2.38       0.93
2018.48219     -1.98       0.94
2018.48493     -2.15       0.94
2018.48767     -0.61       0.92
2018.49041     -0.44       0.93
2018.49315     -4.49       0.98
2018.49589     -4.82       1.02
2018.49863      3.67       1.09
2018.50137      0.11       1.06
2018.50411     -0.39       0.98
2018.50685     -0.96       0.96
2018.50959     -3.51       0.94
2018.51233     -2.22       0.96
2018.51507     -1.16       0.95
2018.51781     -2.39       0.96
2018.52055     -2.48       1.29
2018.52329     -2.85       0.99
2018.52603     -3.94       0.99
2018.52877     -1.12       0.93
2018.53151     -2.52       0.97
2018.53425     -2.37       0.92
2018.53699     -1.67       1.19
2018.53973     -1.58       0.94
2018.54247     -2.37       0.97
2018.54521     -0.83       0.96
2018.54795      1.36       1.08
2018.55068     -2.05       0.98
2018.55342     -3.90       0.99
2018.55616     -4.74       0.94
2018.55890     -2.34       0.95
2018.56164     -6.00       0.96
2018.56438     -2.60       0.92
2018.56712     -6.19       0.96
2018.56986      0.26       1.00
2018.57260     -7.26       0.96
2018.57534      1.40       0.98
2018.57808     -5.04       1.01
2018.58082     -1.83       1.00
2018.58356     -5.81       1.00
2018.58630     -2.95       0.95
2018.58904     -5.78       0.97
2018.59178     -6.61       0.93
2018.59452     -5.81       1.01
2018.59726     -3.06       1.00
2018.60000     -4.14       1.02
2018.60274     -8.42       1.01
2018.60548     -5.55       1.04
2018.60822     -4.94       0.99
2018.61096    -11.98       1.00
2018.61370     -8.50       0.98
2018.61644     -7.30       0.99
2018.61918     -3.19       0.98
2018.62192     -6.60       1.05
2018.62466     -4.55       0.97
2018.62740     -5.13       0.95
2018.63014     -5.46       0.93
2018.63288     -6.20       0.97
2018.63562     -4.40       0.96
2018.63836     -3.59       1.02
2018.64110     -5.35       1.03
2018.64384     -4.47       0.95
2018.64658     -6.33       0.97
2018.64932     -4.88       0.95
2018.65205     -3.27       0.97
2018.65479     -4.95       0.95
2018.65753     -5.16       0.95
2018.66027     -5.96       0.92
2018.66301     -6.05       0.92
2018.66575     -5.10       0.93
2018.66849     -6.19       0.93
2018.67123     -5.28       0.93
2018.67397     -7.79       0.96
2018.67671     -6.02       0.96
2018.67945     -5.72       0.99
2018.68219     -5.17       0.99
2018.68493     -5.59       0.96
2018.68767     -7.37       0.93
2018.69041     -9.98       0.94
2018.69315     -6.92       0.96
2018.69589     -6.45       0.92
2018.69863     -7.97       0.92
2018.70137     -9.54       0.96
2018.70411     -7.64       0.98
2018.70685     -8.17       0.98
2018.70959     -9.45       0.93
2018.71233     -6.06       0.93
2018.71507     -7.29       0.92
2018.71781     -9.80       0.92
2018.72055     -9.26       0.93
2018.72329    -10.29       0.95
2018.72603     -7.72       0.95
2018.72877     -8.24       0.91
2018.73151    -10.13       0.93
2018.73425    -10.01       0.92
2018.73699    -10.31       0.92
2018.73973     -9.06       0.92
2018.74247    -10.02       0.94
2018.74521     -8.64       0.91
2018.74795     -6.88       0.91
2018.75068     -9.13       0.93
2018.75342     -9.64       0.91
2018.75616     -9.91       0.93
2018.75890     -7.89       0.91
2018.76164     -8.93       0.93
2018.76438    -10.60       0.95
2018.76712     -9.74       0.96
2018.76986    -10.90       0.93
2018.77260     -9.14       0.93
2018.77534     -9.82       0.91
2018.77808    -10.43       0.91
2018.78082    -10.77       0.92
2018.78356     -9.34       0.90
2018.78630     -9.42       0.91
2018.78904    -10.00       0.97
2018.79178     -8.67       0.92
2018.79452     -8.90       0.92
2018.79726     -8.79       0.90
2018.80000     -8.64       0.90
2018.80274     -8.91       0.91
2018.80548     -9.18       0.92
2018.80822     -7.36       0.92
2018.81096     -7.54       0.91
2018.81370     -7.25       0.90
2018.81644     -9.07       0.90
2018.81918     -9.03       0.91
2018.82192     -8.09       0.90
2018.82466     -6.44       0.90
2018.82740     -9.20       0.94
2018.83014     -8.93       0.93
2018.83288     -9.39       0.94
2018.83562    -10.30       0.93
2018.83836    -10.03       0.91
2018.84110     -7.98       0.89
2018.84384     -7.95       0.90
2018.84932     -8.63       0.89
2018.85205     -8.41       0.91
2018.85479     -8.60       0.89
2018.85753     -9.78       0.90
2018.86027    -10.10       0.90
2018.86301     -8.80       0.95
2018.86575    -10.36       0.95
2018.86849     -8.63       0.91
2018.87123     -9.46       0.91
2018.87397    -11.05       0.90
2018.87671     -9.64       0.90
2018.87945     -8.44       0.91
2018.88219     -9.31       0.92
2018.88493     -8.56       0.91
2018.88767     -8.97       0.91
2018.89041     -9.84       0.92
2018.89315    -11.22       0.91
2018.89589     -9.13       0.92
2018.89863     -7.12       0.92
2018.90137     -8.51       0.92
2018.90411    -10.60       0.93
2018.90959    -10.15       0.91
2018.91233     -8.86       0.93
2018.91507     -8.03       0.93
2018.91781     -9.35       0.91
2018.92055    -11.68       0.89
2018.92329     -8.25       0.90
2018.92603    -11.08       0.91
2018.92877     -9.77       0.92
2018.93151     -9.55       0.92
2018.93425    -12.52       0.93
2018.93699    -10.06       0.93
2018.93973     -8.56       0.93
2018.94247     -8.91       0.91
2018.94521     -8.04       0.91
2018.94795    -10.29       0.90
2018.95068    -10.64       0.92
2018.95342    -11.50       0.90
2018.95616     -9.25       0.92
2018.95890     -9.79       0.91
2018.96164     -8.34       0.92
2018.96438     -8.75       0.90
2018.96712     -8.35       0.90
2018.96986     -9.48       0.93
2018.97260     -8.84       0.92
2018.97534     -9.10       0.91
2018.97808     -8.92       0.89
2018.98082     -9.62       0.90
2018.98356     -8.07       0.95
2018.98630     -9.21       0.91
2018.98904    -11.88       0.94
2018.99178    -10.68       0.93
2018.99452     -7.65       0.90
2018.99726     -9.37       0.92
2019.00000     -8.93       0.92
2019.00274     -9.60       0.93
2019.00548     -8.77       0.89
2019.00822     -7.13       0.90
2019.01096     -8.28       0.91
2019.01370     -7.92       0.90
2019.01644     -8.61       0.92
2019.01918     -8.68       0.90
2019.02192     -9.88       0.89
2019.02466     -7.30       0.90
2019.02740    -10.61       0.94
2019.03014     -7.50       0.96
2019.03288     -6.71       0.90
2019.03562     -8.82       0.90
2019.03836    -10.98       0.90
2019.04110     -6.16       0.90
2019.04384     -7.12       0.88
2019.04658     -9.01       0.91
2019.04932     -7.39       0.91
2019.05205     -7.47       0.94
2019.05479     -6.45       0.91
2019.05753     -8.50       0.92
2019.06027     -7.50       0.91
2019.06301     -7.87       0.90
2019.06575     -8.15       0.90
2019.06849     -6.95       0.90
2019.07123     -8.74       0.89
2019.07397     -7.87       0.90
2019.07671     -7.86       0.90
2019.07945     -8.64       0.89
2019.08219     -8.43       0.91
2019.08493     -8.46       0.88
2019.08767     -7.61       0.89
2019.09041     -6.02       0.94
2019.09315     -6.50       0.92
2019.09589     -7.96       0.90
2019.09863     -7.22       0.90
2019.10137     -9.61       0.89
2019.10411     -6.71       0.89
2019.10685     -7.79       0.89
2019.10959     -6.50       0.89
2019.11233     -8.32       0.90
2019.11507     -6.92       0.92
2019.11781     -9.00       0.91
2019.12055     -9.45       0.91
2019.12329     -9.90       0.92
2019.12603     -8.85       0.90
2019.12877     -7.81       0.90
2019.13151     -6.52       0.94
2019.13425     -8.77       0.90
2019.13699     -9.49       0.89
2019.13973     -9.92       0.89
2019.14247    -10.29       0.89
2019.14521     -9.53       0.89
2019.14795     -9.97       0.90
2019.15068     -9.23       0.89
2019.15342    -10.47       0.89
2019.15616    -10.09       0.89
2019.15890    -10.51       0.89
2019.16164    -12.65       0.93
2019.16438    -12.74       0.90
2019.16712    -11.84       0.90
2019.16986    -10.65       0.90
2019.17260    -12.31       0.93
2019.17534    -12.44       0.92
2019.17808    -12.56       0.90
2019.18082    -11.36       0.90
2019.18356    -14.01       0.94
2019.18630    -13.25       0.92
2019.18904    -11.95       0.90
2019.19178    -12.27       0.90
2019.19452    -12.68       0.91
2019.19726    -11.24       0.90
2019.20000    -11.98       0.93
2019.20274    -12.16       0.90
2019.20548    -13.48       0.90
2019.20822    -12.08       0.89
2019.21096    -10.15       0.90
2019.21370    -12.01       0.90
2019.21644    -11.11       0.92
2019.21918    -14.80       0.94
2019.22192    -11.24       0.90
2019.22466    -10.97       0.91
2019.22740    -10.14       0.89
2019.23014    -12.02       0.89
2019.23288    -10.96       0.90
2019.23562    -11.74       0.89
2019.23836     -9.94       0.91
2019.24110    -10.96       0.93
2019.24384    -10.60       0.91
2019.24658    -11.36       0.91
2019.24932    -10.38       0.89
2019.25205    -12.94       0.93
2019.25479    -12.01       0.91
2019.25753    -13.98       0.91
2019.26027    -14.09       0.92
2019.26301    -13.65       0.91
2019.26575     -9.82       0.90
2019.26849    -12.78       0.92
2019.27123    -12.86       0.94
2019.27397    -10.58       0.92
2019.27671    -11.79       0.93
2019.27945    -11.58       0.93
2019.28219    -11.91       0.92
2019.28493    -11.77       0.91
2019.28767    -14.41       0.91
2019.29041    -13.13       0.91
2019.29315    -14.11       0.93
2019.29589    -16.11       0.98
2019.29863    -12.06       0.96
2019.30137    -13.78       0.96
2019.30411    -11.13       0.93
2019.30685    -14.04       0.90
2019.30959    -14.03       0.92
2019.31233    -12.63       0.99
2019.31507    -14.27       0.90
2019.31781    -12.57       0.92
2019.32055    -12.44       0.90
2019.32329    -11.41       0.95
2019.32603    -13.58       0.92
2019.32877    -14.15       0.91
2019.33151    -17.93       0.93
2019.33425    -13.26       0.93
2019.33699    -15.16       0.89
2019.33973    -15.19       0.91
2019.34247    -14.09       0.92
2019.34521    -15.93       0.92
2019.34795    -15.15       0.91
2019.35068    -14.25       0.92
2019.35342    -14.61       0.92
2019.35616    -15.04       0.90
2019.35890    -14.74       0.92
2019.36164    -14.54       0.90
2019.36438    -16.73       0.91
2019.36712    -14.42       0.93
2019.36986    -15.42       0.92
2019.37260    -16.29       0.93
2019.37534    -14.27       0.97
2019.37808    -16.01       0.92
2019.38082    -15.61       0.94
2019.38356    -15.74       0.90
2019.38630    -15.90       0.91
2019.38904    -12.36       0.91
2019.39178    -14.59       0.91
2019.39452    -17.55       0.93
2019.39726    -17.17       0.91
2019.40000    -15.37       0.91
2019.40274    -16.10       0.91
2019.40548    -14.46       0.92
2019.40822    -15.31       0.91
2019.41096    -15.31       0.93
2019.41370    -17.30       0.93
2019.41644    -18.05       0.91
2019.41918    -15.87       0.96
2019.42192    -17.82       0.95
2019.42466    -17.01       0.91
2019.42740    -16.08       0.97
2019.43014    -16.55       0.94
2019.43288    -16.14       0.92
2019.43562    -11.69       0.96
2019.43836    -15.29       0.99
2019.44110    -16.03       1.01
2019.44384    -14.78       0.94
2019.44658    -13.44       1.15
2019.44932    -15.95       0.98
2019.45205    -15.34       0.98
2019.45479    -17.40       0.96
2019.45753    -18.96       0.92
2019.46027    -15.64       0.91
2019.46301    -17.59       0.98
2019.46575    -16.35       0.99
2019.46849    -14.87       0.97
2019.47123    -15.79       0.94
2019.47397    -16.67       1.00
2019.47671    -15.57       0.93
2019.47945    -16.94       0.95
2019.48219    -14.92       0.95
2019.48493    -15.83       0.94
2019.48767    -18.37       0.95
2019.49041    -13.33       0.97
2019.49315    -16.70       0.93
2019.49589    -19.53       0.95
2019.49863    -15.10       0.97
2019.50137    -13.22       0.97
2019.50411    -19.13       0.96
2019.50685    -16.08       0.94
2019.50959    -15.64       1.00
2019.51233    -18.14       1.02
2019.51507    -15.69       1.02
2019.51781    -12.86       1.04
2019.52055    -15.36       1.09
2019.52329    -16.08       0.98
2019.52603    -16.63       0.94
2019.52877    -16.74       1.01
2019.53151    -17.39       0.95
2019.53425    -19.11       0.96
2019.53699    -18.69       0.95
2019.53973    -17.97       0.97
2019.54247    -13.04       1.05
2019.54521    -21.22       1.09
2019.54795    -15.56       0.93
2019.55068    -17.22       0.95
2019.55342    -16.68       0.93
2019.55616    -17.40       0.93
2019.55890    -19.81       0.95
2019.56164    -16.78       0.94
2019.56438    -21.59       0.99
2019.56712    -19.52       0.94
2019.56986    -17.27       0.97
2019.57260    -21.67       0.96
2019.57534    -21.16       0.95
2019.57808    -18.43       0.96
2019.58082    -21.44       0.95
2019.58356    -20.06       0.97
2019.58630    -21.22       0.93
2019.58904    -19.65       0.94
2019.59178    -20.57       0.98
2019.59452    -20.68       1.01
2019.59726    -18.75       1.00
2019.60000    -21.36       2.99
2019.60274    -20.43       2.44
2019.60548    -18.84       1.63
2019.60822    -20.16       3.13
2019.61370    -20.17       1.65
2019.61644    -12.10       1.73
2019.61918    -16.92       2.19
2019.62192    -23.28       1.42
2019.62466    -23.60       1.99
2019.62740    -28.25       1.92
2019.63288    -24.79       2.17
2019.63562    -19.14       2.70
2019.63836    -19.32       3.68
2019.64110    -23.88       1.41
2019.64658    -19.66       2.52
2019.64932    -20.28       2.33
2019.65205    -24.28       1.80
2019.65479    -18.46       3.33
2019.65753    -24.69       1.69
2019.66027    -18.76       1.76
2019.66301    -20.72       3.76
2019.66575    -23.42       1.49
2019.66849    -27.24       1.46
2019.67123    -20.89       1.71
2019.67397    -28.78       1.60
2019.67671    -21.40       2.46
2019.68219    -24.25       1.32
2019.68493    -24.35       1.42
2019.69041    -19.07       2.19
2019.69315    -24.02       1.55
2019.69589    -21.93       1.39
2019.69863    -19.13       1.75
2019.70137    -22.74       3.40
2019.70411    -25.14       3.48
2019.70959    -17.18       4.15
2019.71233    -22.93       3.56
2019.71507    -27.09       2.38
2019.75616    -21.82       1.58
2019.75890    -27.41       1.41
2019.76164    -24.26       1.65
2019.76438    -29.77       1.83
2019.76712    -23.52       2.49
2019.77534    -27.02       2.97
2019.77808    -29.16       1.46
2019.78356    -25.96       2.64
2019.78904    -27.04       1.46
2019.79178    -22.51       2.16
2019.79452    -24.62       1.68
2019.79726    -27.13       1.30
2019.80000    -24.91       1.58
2019.80274    -22.78       2.31
2019.80548    -25.63       2.24
2019.80822    -24.15       2.07
2019.81096    -26.22       2.13
2019.81370    -26.62       1.86
2019.81918    -21.99       1.63
2019.82192    -24.61       3.98
2019.82740    -29.64       1.89
2019.83014    -29.88       1.61
2019.83288    -17.08       6.03
2019.83562    -24.58       1.33
2019.83836    -25.32       2.68
2019.84110    -25.36       1.48
2019.84384    -24.10       3.21
2019.84658    -25.84       2.03
2019.84932    -28.50       6.27
2019.85205    -26.30       1.78
2019.85479    -26.94       1.81
2019.85753    -23.98       3.13
2019.86027    -27.26       1.28
2019.86301    -27.06       1.70
2019.86575    -27.01       2.05
2019.86849    -28.33       1.68
2019.87123    -28.46       1.55
2019.87397    -26.53       3.94
2019.87671    -23.85       2.21
2019.88219    -29.19       2.03
2019.88493    -27.15       2.35
2019.88767    -27.92       2.38
2019.89041    -31.08       4.55
2019.89315    -27.95       2.16
2019.89589    -28.38       1.83
2019.89863    -26.93       1.64
2019.90137    -23.36       2.19
2019.90411    -26.33       2.95
2019.90685    -28.73       1.87
2019.90959    -23.88       3.18
2019.91233    -19.24       4.68
2019.91781    -26.39       1.52
2019.92055    -29.11       2.56
2019.92329    -27.04       1.92
2019.92877    -23.98       2.01
2019.93151    -22.30       3.69
2019.93425    -28.95       2.70
2019.93973    -24.61       2.07
2019.94247    -25.38       1.47
2019.94521    -25.10       2.24
2019.94795    -25.56       4.20
2019.95068    -29.20       5.25
2019.95890    -23.13       1.75
2019.96164    -26.41       1.78
2019.96438    -27.59       3.03
2019.96712    -22.56       2.30
2019.96986    -23.70       2.13
2019.97260    -27.08       3.16
2019.97808    -23.06       2.48
2019.98356    -26.22       2.30
2019.99178    -25.13       2.64
2019.99452    -28.21       2.24
2019.99726    -27.84       2.29
2020.00000    -23.88       1.47
2020.01093    -22.80       3.31
2020.01366    -23.08       2.72
2020.01639    -26.97       2.42
2020.01913    -24.54       3.02
2020.02186    -25.52       3.09
2020.02459    -28.78       2.13
2020.02732    -27.94       2.11
2020.03825    -24.26       2.55
2020.04098    -25.78       1.40
2020.04372    -23.85       1.87
2020.05191    -24.54       3.17
2020.05464    -23.69       2.83
2020.06011    -25.96       1.98
2020.06284    -27.96       1.74
2020.06557    -28.32       3.73
2020.06831    -25.52       2.49
2020.07923    -26.70       3.71
2020.16940    -23.76       0.95
2020.17213    -25.29       0.91
2020.17486    -25.94       0.89
2020.17760    -24.51       0.90
2020.18033    -23.61       0.91
2020.18306    -25.55       0.88
2020.18579    -22.50       0.90
2020.18852    -22.16       0.92
2020.19126    -23.86       0.89
2020.19399    -26.24       0.89
2020.19672    -25.95       0.93
2020.19945    -24.77       0.90
2020.20219    -23.20       0.87
2020.20492    -26.27       0.90
2020.20765    -26.40       0.89
2020.21038    -25.86       0.91
2020.21311    -25.46       1.01
2020.21585    -24.05       0.92
2020.21858    -24.22       0.90
2020.22131    -24.18       0.90
2020.22404    -25.95       0.90
2020.22678    -27.34       0.90
2020.22951    -25.06       0.91
2020.23224    -21.70       0.89
2020.23497    -24.16       0.95
2020.23770    -25.49       0.91
2020.24044    -22.01       0.91
2020.24317    -25.39       0.90
2020.24590    -24.93       0.91
2020.24863    -23.38       0.91
2020.25137    -23.43       0.92
2020.25410    -25.13       0.92
2020.25683    -25.55       0.91
2020.25956    -26.39       0.90
2020.26230    -28.14       0.94
2020.26503    -27.86       0.91
2020.26776    -27.78       0.91
2020.27049    -26.53       0.91
2020.27322    -27.30       0.91
2020.27596    -29.13       0.91
2020.27869    -26.41       0.96
2020.28142    -26.85       0.95
2020.28415    -27.00       0.94
2020.28689    -27.82       0.91
2020.28962    -25.14       0.93
2020.29235    -28.58       0.92
2020.29508    -29.83       0.92
2020.29781    -27.47       0.93
2020.30055    -26.84       0.93
2020.30328    -28.52       0.92
2020.30601    -29.22       0.91
2020.30874    -26.67       0.95
2020.31148    -26.45       0.95
2020.31421    -26.31       0.91
2020.31694    -27.23       0.89
2020.31967    -27.47       0.89
2020.32240    -27.93       0.90
2020.32514    -27.47       0.93
2020.32787    -28.12       0.90
2020.33060    -27.37       0.90
2020.33333    -25.79       0.91
2020.33607    -26.98       0.91
2020.33880    -28.34       0.90
2020.34153    -27.94       0.91
2020.34426    -28.37       0.90
2020.34699    -25.96       0.90
2020.34973    -26.80       0.92
2020.35246    -27.96       0.95
2020.35519    -25.64       0.98
2020.35792    -27.13       0.94
2020.36066    -27.85       0.94
2020.36339    -27.68       0.91
2020.36612    -28.24       0.91
2020.36885    -29.77       0.92
2020.37158    -30.41       0.94
2020.37432    -27.99       0.92
2020.37705    -30.88       0.94
2020.37978    -29.14       0.93
2020.38251    -28.54       0.96
2020.38525    -31.48       0.99
2020.38798    -27.59       0.99
2020.39071    -30.30       0.94
2020.39344    -31.04       0.93
2020.39617    -28.55       0.91
2020.39891    -26.25       1.01
2020.40164    -30.52       0.95
2020.40437    -28.66       0.96
2020.40710    -27.64       0.92
2020.40984    -27.05       0.92
2020.41257    -29.86       0.88
2020.41530    -28.99       0.89
2020.41803    -31.08       0.91
2020.42077    -29.83       0.89
2020.42350    -29.34       0.96
2020.42623    -27.04       0.94
2020.42896    -28.58       0.92
2020.43169    -28.04       0.89
2020.43443    -29.45       0.93
2020.43716    -29.03       0.89
2020.43989    -29.74       0.90
2020.44262    -27.48       0.91
2020.44536    -29.88       0.92
2020.44809    -29.21       0.95
2020.45082    -27.83       0.90
2020.45355    -28.36       0.89
2020.45628    -29.00       0.90
2020.45902    -28.77       0.89
2020.46175    -29.83       0.89
2020.46448    -27.46       0.90
2020.46721    -27.59       0.90
2020.46995    -27.92       0.94
2020.47268    -28.86       0.91
2020.47541    -30.79       1.01
2020.47814    -30.38       1.00
2020.48087    -28.59       0.98
2020.48361    -27.53       0.94
2020.48634    -31.84       0.94
2020.48907    -29.04       0.93
2020.49180    -30.39       0.99
2020.49454    -33.50       0.95
2020.49727    -27.23       0.98
2020.50000    -26.04       0.95
2020.50273    -29.37       0.94
2020.50546    -26.60       0.95
2020.50820    -31.58       0.92
2020.51093    -35.58       0.95
2020.51366    -33.45       0.94
2020.51639    -30.89       0.96
2020.51913    -28.85       0.94
2020.52186    -28.36       0.93
2020.52459    -29.63       0.93
2020.52732    -33.23       1.00
2020.53005    -35.81       0.94
2020.53279    -32.22       0.95
2020.53552    -34.11       0.95
2020.53825    -32.57       0.98
2020.54098    -33.41       0.93
2020.54372    -33.47       0.92
2020.54645    -29.46       0.93
2020.54918    -31.79       0.97
2020.55191    -35.29       0.94
2020.55464    -34.68       0.97
2020.55738    -34.45       0.96
2020.56011    -29.78       1.23
2020.56284    -30.47       1.12
2020.56557    -32.51       0.99
2020.56831    -32.69       0.96
2020.57104    -34.42       0.98
2020.57377    -29.43       0.96
2020.57650    -30.51       0.94
2020.57923    -34.44       0.94
2020.58197    -35.13       0.95
2020.58470    -30.44       1.00
2020.58743    -29.47       0.98
2020.59016    -30.70       0.94
2020.59290    -31.82       0.92
2020.59563    -37.06       1.01
2020.59836    -33.41       1.01
2020.60109    -33.34       0.95
2020.60383    -30.92       0.92
2020.60656    -33.57       0.94
2020.60929    -32.09       0.97
2020.61202    -33.91       0.93
2020.61475    -30.78       0.95
2020.61749    -34.26       0.96
2020.62022    -29.73       0.93
2020.62295    -30.62       0.91
2020.62568    -31.18       0.93
2020.62842    -34.89       0.96
2020.63115    -34.17       0.94
2020.63388    -35.28       0.93
2020.63661    -37.84       1.00
2020.63934    -34.89       1.01
2020.64208    -32.30       0.98
2020.64481    -32.56       0.94
2020.64754    -34.58       1.05
2020.65027    -32.16       0.99
2020.65301    -34.86       1.00
2020.65574    -34.93       0.98
2020.65847    -34.56       0.94
2020.66120    -36.89       0.94
2020.66393    -34.26       0.97
2020.66667    -32.51       0.93
2020.66940    -34.81       1.00
2020.67213    -35.83       0.97
2020.67486    -32.69       0.96
2020.67760    -37.80       0.95
2020.68033    -31.80       0.97
2020.68306    -34.20       0.96
2020.68579    -34.21       0.94
2020.68852    -34.97       0.92
2020.69126    -37.02       0.98
2020.69399    -35.96       0.96
2020.69672    -37.01       0.95
2020.69945    -39.37       0.99
2020.70219    -35.99       0.94
2020.70492    -37.92       1.01
2020.70765    -34.52       0.99
2020.71038    -36.98       0.98
2020.71311    -36.05       1.04
2020.71585    -37.54       0.98
2020.71858    -33.27       0.95
2020.72131    -33.23       0.92
2020.72404    -35.47       0.94
2020.72678    -34.82       0.95
2020.72951    -33.46       0.92
2020.73224    -34.08       0.91
2020.73497    -33.10       0.91
2020.73770    -34.20       0.93
2020.74044    -36.48       0.92
2020.74317    -33.73       0.90
2020.74590    -34.46       0.92
2020.74863    -35.74       0.91
2020.75137    -36.43       0.92
2020.75410    -35.76       0.91
2020.75683    -37.24       0.95
2020.75956    -36.25       0.90
2020.76230    -34.60       0.91
2020.76503    -38.03       0.91
2020.76776    -36.97       0.91
2020.77049    -37.96       0.90
2020.77322    -35.53       0.90
2020.77596    -36.48       0.91
2020.77869    -37.23       0.92
2020.78142    -35.75       0.95
2020.78415    -35.64       0.92
2020.78689    -39.02       0.92
2020.78962    -35.48       0.92
2020.79235    -34.77       0.93
2020.79508    -37.66       0.93
2020.79781    -38.55       0.92
2020.80055    -37.91       0.95
2020.80328    -38.06       0.94
2020.80601    -36.67       0.98
2020.80874    -36.88       0.93
2020.81148    -35.88       0.92
2020.81421    -35.17       0.93
2020.81694    -36.75       0.95
2020.81967    -38.32       0.91
2020.82240    -36.34       0.94
2020.82514    -38.13       0.93
2020.82787    -37.14       0.93
2020.83060    -37.57       0.92
2020.83333    -36.97       0.95
2020.83607    -38.38       0.94
2020.83880    -36.44       0.93
2020.84153    -36.00       0.93
2020.84426    -36.25       0.98
2020.84699    -34.64       0.97
2020.84973    -32.70       0.95
2020.85246    -35.86       0.96
2020.85519    -36.26       0.99
2020.85792    -35.48       0.96
2020.86066    -35.34       0.94
2020.86339    -33.20       0.99
2020.86612    -35.59       0.97
2020.86885    -38.05       0.94
2020.87158    -37.38       0.95
2020.87432    -36.44       0.97
2020.87705    -36.93       1.00
2020.87978    -37.60       0.94
2020.88251    -35.41       0.95
2020.88525    -33.54       0.96
2020.88798    -35.30       0.96
2020.89071    -35.27       0.94
2020.89344    -35.93       0.93
2020.89617    -36.12       0.94
2020.89891    -34.91       0.95
2020.90164    -33.46       0.93
2020.90437    -36.46       0.92
2020.90710    -36.20       0.98
2020.90984    -38.55       0.98
2020.91257    -37.57       0.94
2020.91530    -36.41       0.95
2020.91803    -36.45       0.94
2020.92077    -34.75       0.94
2020.92350    -34.08       0.93
2020.92623    -35.25       0.93
2020.92896    -34.20       0.94
2020.93169    -34.92       0.93
2020.93443    -35.76       0.92
2020.93716    -36.76       0.97
2020.93989    -35.32       0.94
2020.94262    -34.82       0.93
2020.94536    -36.58       0.93
2020.94809    -35.13       0.92
2020.95082    -37.57       0.91
2020.95355    -37.52       0.92
2020.95628    -36.45       0.93
2020.95902    -36.63       0.92
2020.96175    -37.34       0.91
2020.96448    -34.10       0.92
2020.96721    -37.22       0.93
2020.96995    -35.79       0.94
2020.97268    -34.85       0.95
2020.97541    -34.16       0.92
2020.97814    -33.34       0.94
2020.98087    -35.77       0.93
2020.98361    -36.38       0.92
2020.98634    -33.15       0.94
2020.98907    -35.77       0.92
2020.99180    -37.00       0.92
2020.99454    -33.20       0.93
2020.99727    -33.74       0.90
2021.00000    -34.42       0.92
2021.00274    -33.87       0.93
2021.00548    -33.66       0.92
2021.00822    -33.30       0.92
2021.01096    -32.24       0.91
2021.01370    -33.32       0.91
2021.01644    -32.91       0.91
2021.01918    -32.80       1.05
2021.02192    -35.20       1.11
2021.02466    -34.59       0.90
2021.02740    -34.70       0.92
2021.03014    -34.44       0.93
2021.03288    -34.87       0.92
2021.03562    -35.10       0.93
2021.03836    -33.02       0.92
2021.04110    -32.61       0.91
2021.04384    -34.98       0.93
2021.04658    -34.22       0.92
2021.04932    -33.78       0.93
2021.05205    -35.59       0.95
2021.05479    -38.70       0.98
2021.05753    -35.66       0.96
2021.06027    -34.80       0.92
2021.06301    -34.84       0.92
2021.06575    -35.47       0.91
2021.06849    -35.79       0.92
2021.07123    -36.89       0.91
2021.07397    -41.00       1.02
2021.07671    -37.77       0.91
2021.07945    -37.92       0.92
2021.08219    -34.73       0.92
2021.08493    -35.39       0.91
2021.08767    -37.92       1.00
2021.09041    -37.71       0.91
2021.09315    -38.72       0.92
2021.09589    -35.33       0.93
2021.09863    -36.79       0.92
2021.10137    -35.67       0.90
2021.10411    -34.77       0.92
2021.10685    -33.09       0.92
2021.10959    -33.97       0.94
2021.11233    -36.02       0.94
2021.11507    -35.68       0.91
2021.11781    -36.83       0.90
2021.12055    -35.33       0.91
2021.12329    -36.22       0.92
2021.12603    -36.85       0.93
2021.12877    -35.71       0.91
2021.13151    -36.63       0.95
2021.13425    -38.33       1.04
2021.13699    -33.56       0.91
2021.13973    -34.59       0.91
2021.14247    -35.00       0.90
2021.14521    -34.03       0.92
2021.14795    -35.63       0.92
2021.15068    -34.44       0.93
2021.15342    -35.70       0.92
2021.15616    -36.11       0.91
2021.15890    -37.97       0.91
2021.16164    -35.66       0.94
2021.16438    -38.20       0.95
2021.16712    -34.56       0.90
2021.16986    -35.92       0.90
