2012.00000     12.78       0.89
2012.00273     15.48       0.89
2012.00546     13.21       0.89
2012.00820     13.77       0.89
2012.01093     12.36       0.89
2012.01366     15.04       0.89
2012.01639     13.69       0.89
2012.01913     12.01       0.89
2012.02186     11.68       0.89
2012.02459     13.78       0.89
2012.02732     12.28       0.91
2012.03005     12.95       0.89
2012.03279     11.93       0.90
2012.03552     12.07       0.91
2012.03825     12.82       0.89
2012.04098     16.42       0.90
2012.04372     14.84       0.91
2012.04645     15.00       0.90
2012.04918     13.31       0.90
2012.05191     13.56       0.90
2012.05464     13.57       0.89
2012.05738     13.45       0.91
2012.06011     11.04       0.92
2012.06284     13.57       0.91
2012.06557     11.36       0.90
2012.06831     10.20       0.91
2012.07104     14.42       0.91
2012.07377     16.26       0.91
2012.07650     13.19       0.91
2012.07923     12.16       0.90
2012.08197     11.36       0.90
2012.08470     12.61       0.92
2012.08743     12.36       0.94
2012.09016     14.40       0.90
2012.09290     12.28       0.91
2012.09563     14.16       0.90
2012.09836     15.11       0.91
2012.10109     14.24       0.93
2012.10383     14.07       0.89
2012.10656     12.41       0.93
2012.10929     11.14       0.93
2012.11202     10.38       0.93
2012.11475     11.07       0.92
2012.11749     10.22       0.93
2012.12022     10.04       0.93
2012.12295     11.60       0.95
2012.12568     11.78       0.93
2012.12842     11.07       0.92
2012.13115     10.98       0.94
2012.13388      9.83       0.94
2012.13661     10.00       0.93
2012.13934     10.30       0.96
2012.14208      9.34       0.94
2012.14481     11.54       0.97
2012.14754     11.59       0.94
2012.15027     10.20       0.91
2012.15301     11.99       0.91
2012.15574     12.46       0.91
2012.15847     12.91       0.92
2012.16120     12.33       0.90
2012.16393     11.89       0.94
2012.16667     13.18       0.96
2012.16940     12.25       0.90
2012.17213     11.85       0.90
2012.17486     12.89       0.92
2012.17760     12.76       0.92
2012.18033     13.68       0.91
2012.18306     16.06       0.96
2012.18579     14.43       0.91
2012.18852     14.43       0.90
2012.19126     15.56       0.91
2012.19399     14.90       0.96
2012.19672     13.15       0.89
2012.19945     13.36       0.90
2012.21585     10.24       1.04
2012.21858     12.62       0.90
2012.22131     12.97       0.90
2012.22404     13.15       0.96
2012.22678     12.75       0.94
2012.22951     14.77       0.93
2012.23224     13.31       1.00
2012.23497     12.21       0.94
2012.23770     10.68       0.90
2012.24044     12.03       0.92
2012.24317     12.31       0.95
2012.24590     11.84       0.94
2012.24863      9.99       0.90
2012.25137     13.94       0.91
2012.25410     12.79       0.90
2012.25683     11.64       0.93
2012.25956     13.25       0.90
2012.26230     14.86       0.96
2012.26503     13.60       0.97
2012.26776     14.37       0.90
2012.27049     12.86       0.95
2012.27322     13.51       0.92
2012.27596     12.04       0.91
2012.27869     11.28       0.94
2012.28142     14.72       0.91
2012.28415     13.46       0.90
2012.28689     12.85       0.90
2012.28962     13.64       0.93
2012.29235     13.85       0.93
2012.29508     14.39       0.90
2012.29781     15.82       0.94
2012.30055     15.52       0.92
2012.30328     15.81       0.96
2012.30601     13.86       0.90
2012.30874     12.10       0.93
2012.31148     11.00       0.93
2012.31421     15.57       1.00
2012.31694     11.63       0.93
2012.31967     12.04       0.94
2012.32240     16.33       2.42
2012.33060     12.84       1.00
2012.33333      9.16       1.05
2012.33607     12.28       0.97
2012.34699     13.05       1.02
2012.34973     14.76       0.91
2012.35246     14.73       0.92
2012.35519     15.35       1.01
2012.36612     13.08       1.09
2012.36885     13.64       0.91
2012.37158     14.15       0.91
2012.37432     12.49       0.90
2012.37705     14.10       0.92
2012.37978     17.32       0.98
2012.38251     10.90       0.93
2012.38525     13.59       0.91
2012.38798     13.96       0.92
2012.39071     12.60       0.92
2012.39344     13.94       0.92
2012.39617     14.18       0.92
2012.39891     12.93       0.89
2012.40164     13.45       0.93
2012.40437     14.16       0.91
2012.40710     12.23       0.93
2012.40984     11.38       0.92
2012.41257     12.15       0.90
2012.41530     11.56       0.89
2012.41803     10.18       0.91
2012.42077     11.13       0.96
2012.43169     10.00       1.04
2012.43443     12.41       0.90
2012.43716      8.14       0.97
2012.43989      8.90       0.93
2012.44809     11.59       0.96
2012.45082     12.38       0.92
2012.45355      9.38       0.91
2012.45628     10.62       0.89
2012.45902     11.47       0.97
2012.46175      9.55       0.92
2012.46448     13.61       1.06
2012.46995     12.33       1.09
2012.47268     11.83       0.94
2012.47541      9.39       0.94
2012.47814     10.65       0.92
2012.48087     10.24       0.91
2012.48361     10.37       0.90
2012.48634     10.15       0.92
2012.48907     10.29       0.91
2012.49180     11.58       0.93
2012.49454     10.06       0.92
2012.49727     10.00       0.91
2012.50000      8.97       0.93
2012.50273      7.70       0.92
2012.50546      8.02       0.91
2012.50820      9.12       0.94
2012.51093      7.55       0.94
2012.51366      8.12       0.91
2012.51639      7.62       0.92
2012.51913     12.40       0.93
2012.52186      8.62       0.93
2012.52459      7.68       0.90
2012.52732      6.79       0.90
2012.53005      9.42       0.93
2012.53279     10.53       0.96
2012.53552      8.58       0.99
2012.53825      9.32       0.93
2012.54098      9.09       0.92
2012.54372      7.49       0.92
2012.54645      8.97       0.93
2012.54918      8.05       0.91
2012.55191     10.80       0.93
2012.55464     10.43       0.91
2012.55738      7.58       0.91
2012.56011     10.04       0.92
2012.56284     12.44       1.77
2012.56831      9.92       1.04
2012.57104     10.16       0.89
2012.57377      7.62       0.92
2012.57650      8.69       0.90
2012.57923     10.37       0.90
2012.58197     10.83       1.13
2012.60109      7.33       1.02
2012.60383     11.52       0.93
2012.60656     12.33       0.96
2012.60929     11.38       0.92
2012.61202     11.21       0.91
2012.61475     11.20       0.90
2012.61749     10.34       0.92
2012.62022     10.82       0.91
2012.62295     10.88       0.93
2012.62568     11.84       0.92
2012.62842     12.64       0.91
2012.63115     10.55       0.95
2012.63388     12.63       0.91
2012.63661     11.26       0.95
2012.63934     10.37       0.94
2012.64208      9.53       0.93
2012.64481      9.69       0.94
2012.64754     11.85       0.93
2012.65027     10.60       0.94
2012.65301      9.25       0.93
2012.65574     10.24       1.36
2012.65847     12.62       1.17
2012.66120     10.06       1.37
2012.69126     14.28       1.16
2012.69399     13.02       0.94
2012.69672      9.27       0.95
2012.69945     10.58       0.94
2012.70219     12.88       0.93
2012.70492     12.78       0.89
2012.70765     13.75       0.89
2012.71038     12.53       0.91
2012.71311     14.55       0.91
2012.71585     12.43       0.91
2012.71858     13.93       0.89
2012.72131     13.88       0.92
2012.72404     12.42       0.94
2012.72678     13.26       0.97
2012.72951     11.79       0.95
2012.73224     13.88       0.95
2012.73497     12.30       0.96
2012.73770     14.52       0.86
2012.74044     12.08       0.84
2012.74317     12.18       0.83
2012.74590     12.87       0.80
2012.74863     12.78       0.78
2012.75137     14.98       0.79
2012.75410     13.33       0.82
2012.75683     13.08       0.80
2012.75956     14.78       0.77
2012.76230     13.47       0.79
2012.76503     13.83       0.78
2012.76776     14.14       0.78
2012.77049     13.58       0.79
2012.77322     15.20       0.79
2012.77596     13.43       0.80
2012.77869     13.92       0.79
2012.78142     14.86       0.79
2012.78415     13.70       0.79
2012.78689     14.37       0.78
2012.78962     13.15       0.81
2012.79235     12.68       0.79
2012.79508     13.48       0.83
2012.79781     13.44       0.83
2012.80055     12.99       0.80
2012.80328     13.71       0.79
2012.80601     13.63       0.79
2012.80874     14.64       0.80
2012.81148     14.82       0.79
2012.81421     14.18       0.83
2012.81694     13.38       0.86
2012.81967     11.64       0.80
2012.82240     13.60       0.79
2012.82514     13.37       0.81
2012.82787     13.05       0.82
2012.83060     13.44       0.83
2012.83333      9.80       0.80
2012.83607      9.50       0.80
2012.83880     10.70       0.82
2012.84153     10.75       0.80
2012.84426      8.35       0.79
2012.84699      9.56       0.79
2012.84973      9.61       0.79
2012.85246      8.70       0.80
2012.85519     11.07       0.79
2012.85792     10.97       0.79
2012.86066     10.88       0.78
2012.86339     12.49       0.79
2012.86612     12.92       0.81
2012.86885     13.68       0.78
2012.87158     13.56       0.80
2012.87432     13.03       0.80
2012.87705     13.99       0.78
2012.87978     12.29       0.78
2012.88251     10.89       0.79
2012.88525     13.64       0.79
2012.88798     12.40       0.79
2012.89071     12.76       0.78
2012.89344     12.87       0.81
2012.89617     10.82       0.78
2012.89891     11.52       0.77
2012.90164     13.28       0.78
2012.90437     12.29       0.78
2012.90710     11.78       0.79
2012.90984     12.24       0.79
2012.91257     13.39       0.79
2012.91530     11.38       0.80
2012.91803     10.36       0.78
2012.92077     10.13       0.77
2012.92350     10.70       0.78
2012.92623     10.68       0.79
2012.92896     11.37       0.80
2012.93169     12.79       0.79
2012.93443     12.77       0.78
2012.93716     11.33       0.79
2012.93989     11.16       0.77
2012.94262     10.85       0.77
2012.94536     10.27       0.79
2012.94809     11.98       0.80
2012.95082     10.37       0.78
2012.95355     11.83       0.77
2012.95628     13.29       0.78
2012.95902     11.59       0.79
2012.96175     11.63       0.79
2012.96448     12.12       0.77
2012.96721     11.25       0.78
2012.96995     11.60       0.79
2012.97268      9.35       0.78
2012.97541     11.46       0.78
2012.97814     10.71       0.77
2012.98087     11.89       0.78
2012.98361      9.64       0.77
2012.98634      9.04       0.78
2012.98907      8.72       0.78
2012.99180     11.02       0.80
2012.99454      8.49       0.78
2012.99727      7.90       0.78
2013.00000      9.75       0.80
2013.00274     11.51       0.78
2013.00548     10.55       0.79
2013.00822     12.21       0.78
2013.01096     14.22       0.77
2013.01370     11.80       0.78
2013.01644     13.92       0.78
2013.01918     11.60       0.79
2013.02192     11.76       0.78
2013.02466     11.78       0.79
2013.02740     12.25       0.78
2013.03014      9.10       0.81
2013.03288     10.06       0.79
2013.03562     12.77       0.77
2013.03836     12.95       0.78
2013.04110     12.95       0.80
2013.04384     10.92       0.79
2013.04658     12.07       0.79
2013.04932     11.64       0.78
2013.05205     12.22       0.79
2013.05479     11.83       0.79
2013.05753     10.22       0.79
2013.06027     10.44       0.79
2013.06301     10.67       0.81
2013.06575      9.45       0.77
2013.06849     10.32       0.77
2013.07123     11.77       0.78
2013.07397     11.77       0.77
2013.07671     12.20       0.77
2013.07945     10.16       0.78
2013.08219     11.78       0.78
2013.08493      8.79       0.80
2013.08767     10.38       0.78
2013.09041      8.48       0.78
2013.09315     10.22       0.77
2013.09589     10.00       0.82
2013.09863     13.05       0.85
2013.10137     12.06       0.78
2013.10411     11.29       0.77
2013.10685     12.31       0.76
2013.10959     11.06       0.80
2013.11233      9.41       0.78
2013.11507      8.35       0.79
2013.11781      8.36       0.81
2013.12055      9.93       0.78
2013.12329      8.67       0.79
2013.12603     10.01       0.79
2013.12877      9.89       0.77
2013.13151      9.71       0.79
2013.13425      9.45       0.77
2013.13699     12.92       0.80
2013.13973     10.55       0.79
2013.14247     10.18       0.82
2013.14521     11.65       0.83
2013.14795      7.87       0.77
2013.15068     10.36       0.78
2013.15342      8.76       0.78
2013.15616     10.58       0.78
2013.15890     11.73       0.77
2013.16164     10.31       0.78
2013.16438      9.35       0.79
2013.16712      9.09       0.78
2013.16986      9.77       0.78
2013.17260     11.06       0.78
2013.17534     10.25       0.80
2013.17808     12.18       0.81
2013.18082     11.73       0.81
2013.18356     10.34       0.79
2013.18630     11.57       0.81
2013.18904     10.37       0.80
2013.19178      9.61       0.82
2013.19452     11.31       0.80
2013.19726     11.63       0.82
2013.20000     10.72       0.80
2013.20274     11.63       0.78
2013.20548     11.11       0.80
2013.20822     11.75       0.82
2013.21096     10.48       0.78
2013.21370     10.78       0.79
2013.21644     12.24       0.78
2013.21918     11.35       0.80
2013.22192     11.91       0.79
2013.22466     12.67       0.86
2013.22740     13.16       0.79
2013.23014     11.90       0.81
2013.23288     12.18       0.82
2013.23562     14.73       0.83
2013.23836     13.61       0.80
2013.24110     12.73       0.80
2013.24384     11.85       0.80
2013.24658     13.34       0.79
2013.24932     15.29       0.80
2013.25205     14.20       0.88
2013.25479     13.09       0.83
2013.25753     11.37       0.89
2013.26027     12.29       0.85
2013.26301     10.30       0.84
2013.26575     11.75       0.87
2013.26849     13.60       0.87
2013.27123     12.35       0.89
2013.27397     11.89       0.83
2013.27671     11.87       0.82
2013.27945     10.53       0.80
2013.28219     11.71       0.80
2013.28493     11.10       0.84
2013.28767      9.90       0.90
2013.29041     10.68       0.84
2013.29315     10.26       0.85
2013.29589     11.64       0.87
2013.29863     11.29       0.84
2013.30137     10.45       0.81
2013.30411     11.41       0.81
2013.30685     11.70       0.81
2013.30959     13.18       0.80
2013.31233     12.23       0.82
2013.31507     11.57       0.81
2013.31781      8.64       0.84
2013.32055     11.37       0.82
2013.32329     10.67       0.83
2013.32603     12.53       0.85
2013.32877     12.60       0.81
2013.33151     12.31       0.81
2013.33425     13.66       0.80
2013.33699     13.07       0.82
2013.33973     12.84       0.82
2013.34247     11.31       0.82
2013.34521     11.48       0.82
2013.34795     11.89       0.80
2013.35068     13.36       0.80
2013.35342     11.85       0.90
2013.35616     11.91       0.81
2013.35890      8.73       0.84
2013.36164     13.20       0.83
2013.36438     10.55       0.83
2013.36712     10.92       0.81
2013.36986     11.49       0.83
2013.37260     10.06       0.84
2013.37534     12.01       0.87
2013.37808     11.93       0.85
2013.38082      8.56       0.88
2013.38356     10.34       0.83
2013.38630      9.28       0.82
2013.38904      9.07       0.82
2013.39178     11.27       0.82
2013.39452     11.15       0.80
2013.39726     11.01       0.81
2013.40000     10.03       0.84
2013.40274      9.88       0.81
2013.40548      7.62       0.80
2013.40822      6.94       0.82
2013.41096      9.28       0.79
2013.41370      8.98       0.80
2013.41644      9.54       0.80
2013.41918      8.00       0.85
2013.42192      9.26       0.84
2013.42466      9.20       0.81
2013.42740      9.00       0.81
2013.43014      7.56       0.81
2013.43288      8.30       0.83
2013.43562     10.16       0.83
2013.43836     10.13       0.84
2013.44110     12.55       0.83
2013.44384      9.48       0.85
2013.44658      8.50       0.82
2013.44932      9.66       0.82
2013.45205      9.81       0.81
2013.45479      9.51       0.83
2013.45753      8.17       0.84
2013.46027      5.95       0.84
2013.46301      8.41       0.84
2013.46575      7.77       0.84
2013.46849     10.22       0.82
2013.47123      7.78       0.83
2013.47397      7.74       0.86
2013.47671      8.65       0.83
2013.47945      7.03       0.82
2013.48219      8.83       0.82
2013.48493      7.44       0.80
2013.48767      8.28       0.80
2013.49041      8.51       0.83
2013.49315      6.93       0.82
2013.49589      7.72       0.82
2013.49863      6.84       0.82
2013.50137      5.17       0.84
2013.50411      5.10       0.83
2013.50685      9.33       0.84
2013.50959      9.14       0.81
2013.51233      7.55       0.83
2013.51507      5.17       0.81
2013.51781      5.80       0.83
2013.52055      6.91       0.82
2013.52329      6.83       0.84
2013.52603      8.68       0.84
2013.52877      8.02       0.86
2013.53151      7.96       0.81
2013.53425      9.17       0.80
2013.53699      7.21       0.81
2013.53973      7.71       0.81
2013.54247      7.89       0.80
2013.54521      8.82       0.80
2013.54795      8.80       0.81
2013.55068      9.90       0.81
2013.55342      6.54       0.82
2013.55616      8.27       0.80
2013.55890      9.89       0.85
2013.56164      7.93       0.85
2013.56438      8.21       0.80
2013.56712      7.39       0.82
2013.56986      7.21       0.81
2013.57260      8.09       0.81
2013.57534      4.31       0.80
2013.57808      7.29       0.83
2013.58082      6.69       0.83
2013.58356      7.40       0.80
2013.58630      4.84       0.82
2013.58904      5.73       0.82
2013.59178      6.01       0.83
2013.59452      6.87       0.80
2013.59726      6.34       0.81
2013.60000      6.57       0.81
2013.60274      8.44       0.81
2013.60548      5.60       0.85
2013.60822      7.98       0.81
2013.61096      7.03       0.81
2013.61370      8.35       0.83
2013.61644      7.36       0.82
2013.61918      5.83       0.82
2013.62192      2.83       0.83
2013.62466      7.15       0.82
2013.62740      8.67       0.82
2013.63014      7.74       0.83
2013.63288      6.68       0.83
2013.63562      7.80       0.82
2013.63836      4.70       0.90
2013.64110      7.25       0.80
2013.64384      8.02       0.80
2013.64658      7.12       0.82
2013.64932     10.19       0.83
2013.65205      9.20       0.83
2013.65479      5.74       0.86
2013.65753      4.26       0.93
2013.66027      6.92       0.86
2013.66301      6.99       0.83
2013.66575      5.77       0.83
2013.66849     11.22       0.79
2013.67123      7.92       0.82
2013.67397      8.33       0.83
2013.67671      8.15       0.79
2013.67945      7.47       0.80
2013.68219      8.75       0.79
2013.68493      8.74       0.80
2013.68767     10.02       0.83
2013.69041      7.21       0.83
2013.69315      7.61       0.81
2013.69589      9.05       0.82
2013.69863      7.93       0.81
2013.70137      8.85       0.82
2013.70411     14.31       0.84
2013.70685     11.76       0.85
2013.70959      8.53       0.81
2013.71233      7.59       0.83
2013.71507      9.40       0.82
2013.71781      8.10       0.81
2013.72055      6.91       0.83
2013.72329      9.75       0.82
2013.72603      9.16       0.83
2013.72877      8.26       0.86
2013.73151      7.69       0.86
2013.73425      7.74       0.86
2013.73699      6.89       0.82
2013.73973      9.05       0.82
2013.74247      7.01       0.90
2013.74521      6.45       0.85
2013.74795      6.83       0.85
2013.75068      6.68       0.81
2013.75342      9.71       0.82
2013.75616      9.28       0.82
2013.75890     10.35       0.82
2013.76164      8.01       0.80
2013.76438      8.53       0.80
2013.76712      8.93       0.80
2013.76986      8.30       0.80
2013.77260      9.64       0.82
2013.77534      8.16       0.81
2013.77808      9.89       0.81
2013.78082     10.11       0.83
2013.78356      9.75       0.83
2013.78630      9.11       0.81
2013.78904      7.36       0.79
2013.79178      6.95       0.81
2013.79452      8.38       0.80
2013.79726      9.19       0.80
2013.80000      8.04       0.82
2013.80274      8.33       0.81
2013.80548      8.46       0.79
2013.80822      9.17       0.80
2013.81096      9.27       0.79
2013.81370      8.38       0.81
2013.81644      8.57       0.79
2013.81918      6.83       0.80
2013.82192      8.42       0.80
2013.82466      8.43       0.84
2013.82740      7.64       0.79
2013.83014      6.43       0.85
2013.83288      9.55       0.82
2013.83562      9.32       0.85
2013.83836      8.70       0.81
2013.84110      8.76       0.82
2013.84384      8.93       0.81
2013.84658      8.06       0.79
2013.84932      8.64       0.81
2013.85205     10.55       0.81
2013.85479      8.80       0.80
2013.85753     10.04       0.79
2013.86027      8.94       0.79
2013.86301      7.08       0.79
2013.86575      9.42       0.79
2013.86849      8.05       0.79
2013.87123      8.66       0.79
2013.87397      9.33       0.80
2013.87671      8.96       0.80
2013.87945      8.89       0.81
2013.88219      6.68       0.81
2013.88493      6.08       0.79
2013.88767      7.91       0.79
2013.89041      5.39       0.81
2013.89315      7.83       0.79
2013.89589      8.92       0.80
2013.89863      6.69       0.82
2013.90137      6.15       0.81
2013.90411      7.31       0.79
2013.90685      5.88       0.79
2013.90959      5.95       0.78
2013.91233      6.17       0.80
2013.91507      6.60       0.78
2013.91781      7.89       0.81
2013.92055      7.05       0.81
2013.92329      9.51       0.79
2013.92603      6.77       0.81
2013.92877      8.09       0.79
2013.93151      7.84       0.79
2013.93425      9.13       0.79
2013.93699      7.48       0.80
2013.93973      7.04       0.80
2013.94247      7.84       0.80
2013.94521      9.80       0.84
2013.94795      7.59       0.83
2013.95068     10.34       0.79
2013.95342      7.34       0.79
2013.95616      8.09       0.81
2013.95890      7.75       0.83
2013.96164      9.33       0.80
2013.96438      6.19       0.80
2013.96712      8.87       0.80
2013.96986      9.78       0.80
2013.97260      9.76       0.79
2013.97534     10.41       0.82
2013.97808      7.44       0.80
2013.98082      8.57       0.79
2013.98356      6.68       0.80
2013.98630      6.77       0.79
2013.98904      6.74       0.78
2013.99178      6.24       0.79
2013.99452      5.72       0.78
2013.99726      6.90       0.80
2014.00000      7.71       0.80
2014.00274      6.46       0.81
2014.00548      5.82       0.79
2014.00822      8.28       0.79
2014.01096      7.54       0.81
2014.01370      6.61       0.81
2014.01644      7.46       0.82
2014.01918      7.11       0.80
2014.02192      7.29       0.81
2014.02466      8.48       0.81
2014.02740      7.52       0.80
2014.03014      6.71       0.82
2014.03288      6.30       0.80
2014.03562      8.00       0.80
2014.03836      7.97       0.78
2014.04110      8.62       0.83
2014.04384      8.79       0.83
2014.04658      7.01       0.79
2014.04932      6.49       0.80
2014.05205      7.76       0.79
2014.05479      7.60       0.79
2014.05753      5.99       0.78
2014.06027      7.11       0.79
2014.06301      7.95       0.80
2014.06575     10.03       0.80
2014.06849      7.04       0.82
2014.07123      6.67       0.80
2014.07397      6.29       0.81
2014.07671      6.91       0.80
2014.07945      5.71       0.79
2014.08219      5.10       0.80
2014.08493      8.98       0.84
2014.08767      8.37       0.87
2014.09041      9.42       0.82
2014.09315      8.31       0.82
2014.09589      8.57       0.81
2014.09863      8.80       0.82
2014.10137      8.45       0.81
2014.10411     10.03       0.80
2014.10685      7.56       0.82
2014.10959      7.60       0.88
2014.11233      7.70       0.80
2014.11507      6.68       0.79
2014.11781      8.23       0.79
2014.12055      8.35       0.81
2014.12329      8.36       0.79
2014.12603      6.74       0.80
2014.12877      8.80       0.81
2014.13151      9.28       0.84
2014.13425      8.24       0.83
2014.13699      7.24       0.81
2014.13973      7.98       0.80
2014.14247      8.64       0.81
2014.14521      8.78       0.83
2014.14795     11.57       0.82
2014.15068      9.58       0.87
2014.15342      8.21       0.90
2014.15616      9.58       0.90
2014.15890      8.58       0.92
2014.16164      8.89       0.90
2014.16438      8.36       0.87
2014.16712      6.66       0.85
2014.16986      7.61       0.83
2014.17260      6.45       0.87
2014.17534      7.32       0.84
2014.17808      7.56       0.90
2014.18082      9.89       0.93
2014.18356      9.67       0.96
2014.18630      6.54       0.82
2014.18904      6.29       0.89
2014.19178     10.53       0.94
2014.19452      7.94       0.86
2014.19726      7.95       0.87
2014.20000      6.50       0.86
2014.20274      5.08       0.88
2014.20548      5.49       0.87
2014.20822      7.91       0.89
2014.21096      9.62       0.96
2014.21370      7.05       0.88
2014.21644      8.22       0.81
2014.21918      7.49       0.82
2014.22192      9.58       0.83
2014.22466      7.78       0.86
2014.22740      9.00       0.82
2014.23014      8.72       0.83
2014.23288      7.04       0.83
2014.23562      7.25       0.87
2014.23836      7.59       0.86
2014.24110      8.52       0.87
2014.24384      4.42       0.93
2014.24658      7.51       0.88
2014.24932      9.44       0.88
2014.25205      8.19       0.82
2014.25479      7.02       0.84
2014.25753      8.05       0.81
2014.26027      8.00       0.86
2014.26301      6.13       0.80
2014.26575      8.92       0.84
2014.26849      6.44       0.82
2014.27123      7.32       0.88
2014.27397      7.96       0.84
2014.27671      5.96       0.79
2014.27945      6.99       0.82
2014.28219      9.33       0.81
2014.28493      7.62       0.84
2014.28767      7.47       0.87
2014.29041      9.66       0.82
2014.29315      8.52       0.87
2014.29589      8.61       0.81
2014.29863      8.09       0.85
2014.30137      8.77       0.80
2014.30411      7.39       0.80
2014.30685      7.75       0.80
2014.30959      7.45       0.81
2014.31233      8.17       0.81
2014.31507      8.99       0.81
2014.31781      8.89       0.81
2014.32055      8.18       0.81
2014.32329      6.96       0.83
2014.32603      6.32       0.85
2014.32877      7.70       0.82
2014.33151      8.46       0.81
2014.33425      6.91       0.82
2014.33699      7.50       0.83
2014.33973      7.36       0.81
2014.34247      7.00       0.81
2014.34521      9.35       0.81
2014.34795      7.39       0.81
2014.35068      7.59       0.83
2014.35342      6.85       0.80
2014.35616      7.79       0.81
2014.35890      7.53       0.82
2014.36164      8.43       0.83
2014.36438      6.44       0.81
2014.36712      8.05       0.84
2014.36986      6.95       0.83
2014.37260      8.50       0.81
2014.37534      6.97       0.82
2014.37808      7.02       0.87
2014.38082      5.69       0.93
2014.38356      7.54       0.84
2014.38630      6.14       0.83
2014.38904      5.38       0.85
2014.39178      6.08       0.85
2014.39452      5.83       0.82
2014.39726      5.06       0.85
2014.40000      6.54       0.83
2014.40274      4.62       0.84
2014.40548      5.84       0.84
2014.40822      6.23       0.81
2014.41096      4.58       0.81
2014.41370      7.33       0.83
2014.41644      5.40       0.84
2014.41918      4.96       0.86
2014.42192      5.36       0.85
2014.42466      7.09       0.84
2014.42740      6.66       0.82
2014.43014      5.02       0.82
2014.43288      2.46       0.84
2014.43562      4.19       0.84
2014.43836      4.38       0.81
2014.44110      4.44       0.83
2014.44384      5.03       0.85
2014.44658      4.91       0.85
2014.44932      4.53       0.83
2014.45205      3.78       0.84
2014.45479      7.12       0.83
2014.45753      4.10       0.82
2014.46027      4.94       0.81
2014.46301      4.01       0.83
2014.46575      2.78       0.83
2014.46849      4.03       0.82
2014.47123      5.23       0.81
2014.47397      4.41       0.83
2014.47671      3.42       0.83
2014.47945      2.47       0.85
2014.48219      4.61       0.81
2014.48493      3.36       0.81
2014.48767      4.10       0.83
2014.49041      2.97       0.80
2014.49315      3.90       0.81
2014.49589      6.01       0.79
2014.49863      6.30       0.79
2014.50137      3.11       0.81
2014.50411      4.55       0.83
2014.50685      3.66       0.82
2014.50959      3.52       0.80
2014.51233      1.61       0.83
2014.51507      2.01       0.82
2014.51781      5.16       0.81
2014.52055      5.18       0.83
2014.52329      3.66       0.79
2014.52603      3.56       0.79
2014.52877      5.63       0.79
2014.53151      3.51       0.80
2014.53425      2.88       0.82
2014.53699      4.64       0.80
2014.53973      3.88       0.88
2014.54247      5.51       0.82
2014.54521      1.76       0.84
2014.54795     -1.01       0.81
2014.55068      1.23       0.81
2014.55342      1.95       0.86
2014.55616      0.58       0.86
2014.55890      3.22       0.83
2014.56164      2.96       0.80
2014.56438      1.84       0.90
2014.56986      2.53       0.86
2014.83836      0.12       0.89
2014.84110     -2.39       0.80
2014.84384      2.05       0.82
2014.84658      0.72       0.82
2014.84932      0.69       0.81
2014.85205      1.19       0.81
2014.85479     -0.52       0.80
2014.85753     -0.81       0.84
2014.86027      0.45       0.81
2014.86301      2.58       0.81
2014.86575      0.37       0.79
2014.86849      1.08       0.80
2014.87123     -0.10       0.81
2014.87397      0.16       0.82
2014.87671     -1.10       0.85
2014.87945      0.51       0.82
2014.88219      1.49       0.80
2014.88493      0.26       0.83
2014.88767     -0.82       0.84
2014.89041      1.63       0.84
2014.89315     -1.27       0.81
2014.89589     -1.51       0.80
2014.89863     -0.13       0.83
2014.90137      1.77       0.80
2014.90411     -2.36       0.80
2014.90685      0.29       0.81
2014.90959      1.98       0.80
2014.91233      1.53       0.81
2014.91507      0.83       0.80
2014.91781     -0.94       0.80
2014.92055      1.40       0.81
2014.92329      2.17       0.81
2014.92603      3.04       0.79
2014.92877      1.01       0.78
2014.93151      2.19       0.81
2014.93425      1.70       0.80
2014.93699      1.30       0.79
2014.93973      1.52       0.79
2014.94247     -0.15       0.79
2014.94521     -0.95       0.78
2014.94795     -2.01       0.78
2014.95068     -0.61       0.79
2014.95342      1.18       0.79
2014.95616      0.67       0.79
2014.95890      1.02       0.78
2014.96164      1.56       0.78
2014.96438      0.08       0.80
2014.96712     -0.05       0.78
2014.96986     -0.72       0.77
2014.97260     -2.31       0.77
2014.97534     -0.42       0.77
2014.97808      1.01       0.78
2014.98082     -1.97       0.80
2014.98356     -2.18       0.79
2014.98630      0.26       0.78
2014.98904      0.95       0.77
2014.99178      0.38       0.79
2014.99452      1.41       0.78
2014.99726      0.38       0.78
2015.00000      0.44       0.77
2015.00274      0.93       0.78
2015.00548      0.19       0.77
2015.00822     -2.19       0.79
2015.01096      0.17       0.79
2015.01370     -0.28       0.79
2015.01644      1.19       0.80
2015.01918     -0.19       0.79
2015.02192      1.04       0.83
2015.02466     -1.19       0.79
2015.02740     -1.64       0.79
2015.03014      0.23       0.79
2015.03288      0.31       0.80
2015.03562     -0.47       0.79
2015.03836     -0.18       0.80
2015.04110     -1.01       0.79
2015.04384     -1.27       0.79
2015.04658     -0.26       0.80
2015.04932     -2.59       0.80
2015.05205      0.02       0.80
2015.05479     -0.49       0.79
2015.05753     -1.19       0.79
2015.06027     -0.74       0.78
2015.06301     -0.16       0.79
2015.06575      0.77       0.80
2015.06849      0.47       0.79
2015.07123      0.55       0.79
2015.07397     -1.63       0.80
2015.07671     -0.33       0.79
2015.07945      0.68       0.81
2015.08219     -0.13       0.80
2015.08493     -0.98       0.78
2015.08767      0.55       0.79
2015.09041      1.46       0.81
2015.09315     -0.17       0.79
2015.09589      0.22       0.80
2015.09863      0.09       0.81
2015.10137     -0.98       0.80
2015.10411     -0.34       0.80
2015.10685     -1.22       0.80
2015.10959      1.23       0.85
2015.11233      0.17       0.83
2015.11507      0.57       0.80
2015.11781      0.55       0.80
2015.12055      0.50       0.91
2015.12329      0.13       0.82
2015.12603      0.90       0.82
2015.12877      1.58       0.79
2015.13151      1.20       0.80
2015.13425     -0.11       0.83
2015.13699     -1.03       0.80
2015.13973     -2.18       0.81
2015.14247      1.41       0.81
2015.14521      0.59       0.80
2015.14795      1.12       0.80
2015.15068      1.24       0.79
2015.15342      0.47       0.82
2015.15616      0.89       0.86
2015.15890      0.15       0.80
2015.16164      0.46       0.79
2015.16438     -0.66       0.80
2015.16712      1.02       0.83
2015.16986      0.26       0.83
2015.17260      0.55       0.86
2015.17534      0.29       0.85
2015.17808      1.56       0.80
2015.18082     -0.12       0.80
2015.18356      3.17       0.83
2015.18630      0.47       0.80
2015.18904      0.60       0.85
2015.19178      2.96       0.85
2015.19452      0.77       0.89
2015.19726      1.19       0.90
2015.20000     -0.94       0.83
2015.20274      3.30       0.87
2015.20548      0.09       0.81
2015.20822     -0.97       0.80
2015.21096      0.47       0.80
2015.21370      1.59       0.81
2015.21644      2.37       0.80
2015.21918     -0.54       0.80
2015.22192     -1.24       0.81
2015.22466      0.32       0.81
2015.22740     -0.49       0.80
2015.23014      0.85       0.82
2015.23288     -1.61       0.83
2015.23562     -1.26       0.82
2015.23836     -0.65       0.82
2015.24110      1.96       0.83
2015.24384      1.07       0.85
2015.24658      0.11       0.88
2015.24932      0.89       0.85
2015.25205      1.31       0.86
2015.25479      4.89       0.88
2015.25753      2.04       0.84
2015.26027      4.46       0.96
2015.26301      2.71       0.89
2015.26575      2.68       0.84
2015.26849      1.62       0.82
2015.27123      0.66       0.82
2015.27397      1.00       0.82
2015.27671      1.06       0.81
2015.27945      0.71       0.80
2015.28219     -0.28       0.81
2015.28493     -1.24       0.82
2015.28767     -1.28       0.83
2015.29041      2.18       0.82
2015.29315     -0.22       0.80
2015.29589     -1.32       0.80
2015.29863      0.32       0.84
2015.30137      1.10       0.85
2015.30411      1.64       0.81
2015.30685     -0.19       0.81
2015.30959     -0.53       0.79
2015.31233      0.23       0.84
2015.31507     -1.51       0.81
2015.31781      0.08       0.81
2015.32055      0.08       0.78
2015.32329      1.08       0.79
2015.32603     -0.58       0.81
2015.32877     -0.23       0.80
2015.33151     -1.14       0.79
2015.33425     -0.99       0.79
2015.33699     -0.32       0.82
2015.33973     -1.65       0.80
2015.34247     -2.88       0.79
2015.34521     -0.73       0.80
2015.34795     -0.41       0.83
2015.35068     -2.41       0.80
2015.35342     -1.94       0.81
2015.35616     -2.19       0.81
2015.35890     -2.35       0.84
2015.36164     -0.10       0.80
2015.36438      0.84       0.81
2015.36712     -0.43       0.79
2015.36986     -0.59       0.83
2015.37260     -1.95       0.81
2015.37534     -1.93       0.80
2015.37808     -1.68       0.82
2015.38082     -0.02       0.82
2015.38356      0.19       0.80
2015.38630     -0.08       0.80
2015.38904     -3.99       0.79
2015.39178     -3.50       0.80
2015.39452     -1.38       0.81
2015.39726     -3.49       0.80
2015.40000     -1.39       0.80
2015.40274     -4.09       0.80
2015.40548      1.02       0.80
2015.40822     -0.96       0.82
2015.41096     -2.52       0.80
2015.41370     -1.88       0.79
2015.41644      0.15       0.80
2015.41918     -1.14       0.80
2015.42192     -1.60       0.80
2015.42466     -2.16       0.81
2015.42740     -3.20       0.80
2015.43014     -5.24       0.81
2015.43288     -3.18       0.79
2015.43562     -2.18       0.79
2015.43836     -1.38       0.79
2015.44110     -3.44       0.85
2015.44384     -0.87       0.81
2015.44658     -4.01       0.81
2015.44932     -5.65       0.80
2015.45205     -3.22       0.83
2015.45479     -4.56       0.80
2015.45753     -6.14       0.83
2015.46027     -2.84       0.81
2015.46301     -0.36       0.83
2015.46575     -1.25       0.83
2015.46849     -3.87       0.82
2015.47123     -2.18       0.80
2015.47397     -1.79       0.82
2015.47671     -3.54       0.82
2015.47945     -2.90       0.81
2015.48219     -2.70       0.81
2015.48493     -3.85       0.80
2015.48767     -3.62       0.80
2015.49041     -3.03       0.81
2015.49315     -1.59       0.81
2015.49589     -5.12       0.82
2015.49863     -3.08       0.81
2015.50137     -2.49       0.80
2015.50411     -3.39       0.81
2015.50685     -2.13       0.82
2015.50959     -3.99       0.79
2015.51233     -3.69       0.81
2015.51507     -5.51       0.80
2015.51781     -3.73       0.80
2015.52055     -4.04       0.81
2015.52329     -6.04       0.83
2015.52603     -4.32       0.80
2015.52877     -3.13       0.84
2015.53151     -0.45       0.83
2015.53425     -7.03       0.81
2015.53699     -3.63       0.79
2015.53973     -5.58       0.86
2015.54247     -2.23       0.84
2015.54521     -2.21       0.82
2015.54795     -3.23       0.81
2015.55068     -5.69       0.80
2015.55342     -4.34       0.83
2015.55616     -5.14       0.80
2015.55890     -3.02       0.81
2015.56164     -3.51       0.81
2015.56438     -6.14       0.81
2015.56712     -5.63       0.83
2015.56986     -5.68       0.83
2015.57260     -4.91       0.82
2015.57534     -2.93       0.82
2015.57808     -4.80       0.83
2015.58082     -2.94       0.83
2015.58356     -4.18       0.82
2015.58630     -2.86       0.82
2015.58904     -4.20       0.81
2015.59178     -5.65       0.83
2015.59452     -4.35       0.81
2015.59726     -3.14       0.81
2015.60000     -2.07       0.83
2015.60274     -3.17       0.88
2015.60548     -2.38       0.83
2015.60822     -4.02       0.81
2015.61096     -3.95       0.84
2015.61370     -4.86       0.82
2015.61644     -4.14       0.80
2015.61918     -2.90       0.81
2015.62192     -2.35       0.80
2015.62466     -5.44       0.81
2015.62740     -5.54       0.80
2015.63014     -5.06       0.82
2015.63288     -3.52       0.79
2015.63562     -4.84       0.81
2015.63836     -7.03       0.80
2015.64110     -2.96       0.82
2015.64384     -2.87       0.84
2015.64658     -6.50       0.83
2015.64932     -6.01       0.82
2015.65205     -5.30       0.79
2015.65479     -4.47       0.79
2015.65753     -3.36       0.80
2015.66027     -4.93       0.79
2015.66301     -4.17       0.80
2015.66575     -5.55       0.80
2015.66849     -4.83       0.82
2015.67123     -7.67       0.79
2015.67397     -5.96       0.79
2015.67671     -3.87       0.79
2015.67945     -4.00       0.80
2015.68219     -3.95       0.79
2015.68493     -1.61       0.81
2015.68767     -3.23       0.81
2015.69041     -5.84       0.80
2015.69315     -4.07       0.79
2015.69589     -4.52       0.79
2015.69863     -5.53       0.80
2015.70137     -4.14       0.82
2015.70411     -2.37       0.79
2015.70685     -5.50       0.81
2015.70959     -5.63       0.79
2015.71233     -4.54       0.80
2015.71507     -5.15       0.79
2015.71781     -5.18       0.79
2015.72055     -2.44       0.81
2015.72329     -3.77       0.80
2015.72603     -3.75       0.79
2015.72877     -2.38       0.80
2015.73151     -5.36       0.84
2015.73425     -3.06       0.82
2015.73699     -2.39       0.83
2015.73973     -3.76       0.88
2015.74247     -3.91       0.84
2015.74521     -2.53       0.88
2015.74795     -1.59       0.87
2015.75068     -6.06       0.81
2015.75342     -5.29       0.80
2015.75616     -2.05       0.81
2015.75890     -3.73       0.82
2015.76164     -3.64       0.82
2015.76438     -3.96       0.81
2015.76712     -3.84       0.83
2015.76986     -2.74       0.80
2015.77260     -3.24       0.80
2015.77534     -2.17       0.81
2015.77808     -4.05       0.80
2015.78082     -3.05       0.82
2015.78356     -4.29       0.83
2015.78630     -3.09       0.81
2015.78904     -4.15       0.81
2015.79178     -3.38       0.81
2015.79452     -4.33       0.79
2015.79726     -1.74       0.86
2015.80000     -2.90       0.83
2015.80274     -1.00       0.85
2015.80548     -2.73       0.84
2015.80822     -4.09       0.79
2015.81096     -0.98       0.84
2015.81370     -4.51       0.79
2015.81644     -3.91       0.83
2015.81918     -1.73       0.80
2015.82192     -4.32       0.81
2015.82466     -2.83       0.82
2015.82740     -5.02       0.80
2015.83014     -3.44       0.85
2015.83288     -5.01       0.82
2015.83562     -4.38       0.83
2015.83836     -4.59       0.82
2015.84110     -4.91       0.80
2015.84384     -3.58       0.81
2015.84658     -4.22       0.80
2015.84932     -3.13       0.83
2015.85205     -4.78       0.83
2015.85479     -3.45       0.82
2015.85753     -2.38       0.80
2015.86027     -5.39       0.82
2015.86301     -5.41       0.81
2015.86575     -3.17       0.82
2015.86849     -3.42       0.81
2015.87123     -4.03       0.81
2015.87397     -6.07       0.81
2015.87671     -4.26       0.85
2015.87945     -3.77       0.81
2015.88219     -4.15       0.82
2015.88493     -6.29       0.84
2015.88767     -3.03       0.82
2015.89041     -3.22       0.82
2015.89315     -3.86       0.83
2015.89589     -2.11       0.83
2015.89863     -2.27       0.81
2015.90137     -4.14       0.80
2015.90411     -4.86       0.81
2015.90685     -4.93       0.80
2015.90959     -5.79       0.82
2015.91233     -3.74       0.82
2015.91507     -3.17       0.81
2015.91781     -3.39       0.81
2015.92055     -4.97       0.80
2015.92329     -5.74       0.80
2015.92603     -7.74       0.82
2015.92877     -4.73       0.81
2015.93151     -5.11       0.82
2015.93425     -5.17       0.83
2015.93699     -5.68       0.84
2015.93973     -5.87       0.84
2015.94247     -6.68       0.83
2015.94521     -5.43       0.80
2015.94795     -5.10       0.81
2015.95068     -4.71       0.79
2015.95342     -4.29       0.79
2015.95616     -4.79       0.79
2015.95890     -4.48       0.81
2015.96164     -3.76       0.80
2015.96438     -3.27       0.79
2015.96712     -4.22       0.81
2015.96986     -5.53       0.79
2015.97260     -4.75       0.79
2015.97534     -4.55       0.78
2015.97808     -5.08       0.79
2015.98082     -3.10       0.78
2015.98356     -3.82       0.79
2015.98630     -4.13       0.79
2015.98904     -4.67       0.78
2015.99178     -3.49       0.78
2015.99452     -5.13       0.79
2015.99726     -4.44       0.79
2016.00000     -5.57       0.78
2016.00273     -5.45       0.80
2016.00546     -5.13       0.81
2016.00820     -4.40       0.79
2016.01093     -5.42       0.80
2016.01366     -4.62       0.80
2016.01639     -5.76       0.82
2016.01913     -5.10       0.83
2016.02186     -5.65       0.80
2016.02459     -2.11       0.79
2016.02732     -5.75       0.80
2016.03005     -2.03       0.81
2016.03279     -7.97       0.81
2016.03552     -6.12       0.79
2016.03825     -6.32       0.82
2016.04098     -3.12       0.83
2016.04372     -5.30       0.82
2016.04645     -5.70       0.79
2016.04918     -6.00       0.78
2016.05191     -2.77       0.80
2016.05464     -2.57       0.79
2016.05738     -3.72       0.79
2016.06011     -3.88       0.78
2016.06284     -2.32       0.79
2016.06557     -6.53       0.80
2016.06831     -6.72       0.79
2016.07104     -6.43       0.79
2016.07377     -6.05       0.80
2016.07650     -6.25       0.83
2016.07923     -5.55       0.80
2016.08197     -2.74       0.83
2016.08470     -4.62       0.81
2016.08743     -3.68       0.79
2016.09016     -4.23       0.79
2016.09290     -4.10       0.81
2016.09563     -7.75       0.80
2016.10929     -9.56       0.79
2016.11475     -9.55       0.82
2016.11749    -10.55       0.81
2016.12568     -9.97       0.81
2016.13115     -8.93       0.79
2016.13388     -8.80       0.79
2016.13661    -10.52       0.80
2016.13934     -7.08       0.81
2016.14208     -8.83       0.79
2016.14481     -8.52       0.80
2016.14754     -7.96       0.79
2016.15027     -9.16       0.79
2016.15301    -10.41       0.82
2016.15574    -10.77       0.83
2016.15847     -9.75       0.82
2016.16120     -9.63       0.82
2016.16393     -8.44       0.82
2016.16667     -8.47       0.80
2016.16940     -9.20       0.80
2016.17213     -8.42       0.85
2016.17486     -7.61       0.82
2016.17760     -8.90       0.81
2016.18033     -9.51       0.81
2016.18306     -8.45       0.83
2016.18579     -9.11       0.82
2016.18852     -6.12       0.80
2016.19126     -9.32       0.77
2016.19399     -7.24       0.78
2016.19672     -8.57       0.81
2016.19945    -10.35       0.81
2016.20219     -8.72       0.80
2016.20492     -7.78       0.83
2016.20765     -9.61       0.81
2016.21038     -7.89       0.83
2016.21585     -8.18       0.79
2016.21858     -6.83       0.79
2016.22131     -7.89       0.80
2016.22404     -6.80       0.83
2016.22678     -7.32       0.78
2016.22951     -8.24       0.78
2016.23224     -7.29       0.78
2016.23497     -9.18       0.78
2016.23770    -10.87       0.79
2016.24044     -9.37       0.80
2016.24317     -8.12       0.79
2016.24590     -6.70       0.79
2016.24863     -8.96       0.78
2016.25137     -9.04       0.79
2016.25410     -7.06       0.79
2016.25683     -9.55       0.79
2016.25956     -6.60       0.79
2016.26230     -8.96       0.81
2016.26503     -8.04       0.80
2016.26776     -6.57       0.81
2016.27049     -8.71       0.80
2016.27322     -6.38       0.82
2016.27596     -6.56       0.80
2016.27869     -8.60       0.79
2016.28142     -9.69       0.83
2016.28415     -8.39       0.91
2016.28689     -7.12       0.80
2016.28962     -8.47       0.80
2016.29235     -6.93       0.80
2016.29508     -7.06       0.79
2016.29781     -7.17       0.80
2016.30055     -7.97       0.78
2016.30328     -7.95       0.80
2016.30601     -8.49       0.79
2016.30874     -7.92       0.80
2016.31148     -9.56       0.79
2016.31421     -7.95       0.78
2016.31694     -7.39       0.80
2016.31967     -6.60       0.80
2016.32240     -7.39       0.79
2016.32514     -8.96       0.79
2016.32787     -8.64       0.79
2016.33060     -8.20       0.78
2016.33333     -6.96       0.82
2016.33607     -6.38       0.80
2016.33880     -4.34       0.81
2016.34153     -7.55       0.83
2016.34426     -7.00       0.82
2016.34699     -4.01       0.83
2016.34973     -4.40       0.82
2016.35246     -4.46       0.79
2016.35519     -6.49       0.83
2016.35792     -8.34       0.80
2016.36066     -8.01       0.81
2016.36339     -6.28       0.82
2016.36612     -5.02       0.82
2016.36885     -5.93       0.79
2016.37158     -6.38       0.78
2016.37432     -8.12       0.78
2016.37705     -7.08       0.80
2016.37978     -6.15       0.81
2016.38251     -4.55       0.80
2016.38525     -6.11       0.80
2016.38798     -3.27       0.81
2016.39071     -3.37       0.81
2016.39344     -3.32       0.82
2016.39617     -7.10       0.82
2016.39891     -7.79       0.81
2016.40164     -4.79       0.81
2016.40437     -5.03       0.79
2016.40710     -5.08       0.79
2016.40984     -6.17       0.82
2016.41257     -8.21       0.79
2016.41530     -7.27       0.79
2016.41803     -7.99       0.81
2016.42077     -7.75       0.80
2016.42350     -5.96       0.80
2016.42623     -9.06       0.83
2016.42896     -9.32       0.81
2016.43169     -8.39       0.85
2016.43443     -6.11       0.83
2016.43716     -6.32       0.80
2016.43989     -8.07       0.79
2016.44262     -8.21       0.80
2016.44536     -9.22       0.82
2016.44809     -7.38       0.81
2016.45082     -6.49       0.83
2016.45355    -10.88       0.80
2016.45628     -9.43       0.79
2016.45902     -8.64       0.80
2016.46175     -6.16       0.81
2016.46448     -9.34       0.83
2016.46721     -8.84       0.79
2016.46995     -9.58       0.80
2016.47268     -6.09       0.80
2016.47541     -6.46       0.82
2016.47814     -7.96       0.84
2016.48087     -7.45       0.81
2016.48361     -9.29       0.86
2016.48634     -8.51       0.80
2016.48907     -8.98       0.81
2016.49180     -9.20       0.81
2016.49454     -8.02       0.83
2016.49727    -10.78       0.80
2016.50000    -11.50       0.83
2016.50273     -9.06       0.81
2016.50546     -9.51       0.81
2016.50820     -9.35       0.80
2016.51093     -8.21       0.81
2016.51366     -9.09       0.80
2016.51639     -8.41       0.83
2016.51913    -11.39       0.80
2016.52186     -9.85       0.81
2016.52459    -10.30       0.83
2016.52732     -8.42       0.81
2016.53005     -9.52       0.79
2016.53279     -8.36       0.78
2016.53552    -10.51       0.79
2016.53825     -9.30       0.80
2016.54372    -10.30       0.81
2016.54645    -10.06       0.81
2016.54918     -6.44       0.82
2016.55191     -7.95       0.79
2016.55464     -7.35       0.83
2016.55738    -10.54       0.81
2016.56011     -7.00       0.80
2016.56284     -9.22       0.79
2016.56557     -8.38       0.82
2016.56831    -10.14       0.82
2016.57104     -8.20       0.83
2016.57377     -9.54       0.83
2016.57923     -7.27       0.81
2016.58197     -6.02       0.80
2016.58470     -6.56       0.79
2016.58743     -9.68       0.78
2016.59016     -9.74       0.81
2016.59290     -6.34       0.77
2016.59563     -8.83       0.81
2016.59836     -9.74       0.83
2016.60109     -6.84       0.82
2016.60383     -8.91       0.81
2016.60656     -7.25       0.82
2016.60929    -10.15       0.79
2016.61202     -8.20       0.77
2016.61475     -9.16       0.78
2016.61749     -9.39       0.80
2016.62022     -8.73       0.82
2016.62295     -8.39       0.81
2016.62568     -7.25       0.80
2016.62842     -8.56       0.81
2016.63115     -6.85       0.83
2016.63388     -9.21       0.81
2016.63661     -4.46       0.82
2016.63934     -8.54       0.80
2016.64208     -8.54       0.79
2016.64481     -8.97       0.81
2016.64754    -10.83       0.81
2016.65027     -6.06       0.84
2016.65301     -8.12       0.85
2016.65574     -7.96       0.82
2016.65847     -8.24       0.82
2016.66120     -8.39       0.78
2016.66393     -6.07       0.79
2016.66667    -10.43       0.81
2016.66940    -10.53       0.99
2016.67213     -9.80       0.79
2016.67486     -9.43       0.84
2016.69945     -5.53       0.93
2016.70219     -7.11       0.85
2016.70492     -8.25       0.84
2016.70765     -9.14       0.82
2016.71038     -7.84       0.80
2016.73497     -7.19       0.85
2016.73770     -6.58       0.81
2016.74044     -5.43       0.87
2016.74317     -8.38       0.81
2016.74590     -7.28       0.81
2016.74863     -7.01       0.78
2016.75137     -8.30       0.78
2016.75410     -7.04       0.78
2016.75683     -7.23       0.81
2016.75956     -8.45       0.80
2016.76230     -8.52       0.80
2016.76503     -5.45       0.81
2016.76776     -6.06       0.79
2016.77049     -6.92       0.83
2016.77322     -7.45       0.79
2016.77596     -8.24       0.80
2016.77869     -7.73       0.80
2016.78142     -7.94       0.81
2016.78415     -9.94       0.81
2016.78689    -10.36       0.84
2016.78962     -8.68       0.80
2016.79235     -9.89       0.79
2016.79508     -8.50       0.78
2016.79781     -9.39       0.82
2016.80055     -8.42       0.84
2016.80328     -8.73       0.91
2016.80601     -8.53       0.79
2016.80874     -7.05       0.78
2016.81148     -9.14       0.86
2016.81421     -7.59       0.81
2016.81694     -7.72       0.78
2016.81967     -7.14       0.79
2016.82240     -5.50       0.77
2016.82514     -7.26       0.77
2016.82787     -7.39       0.78
2016.83060     -7.13       0.81
2016.83333     -6.75       0.78
2016.83607     -7.04       0.77
2016.83880     -7.11       0.78
2016.84153     -8.49       0.79
2016.84426     -7.53       0.77
2016.84699     -8.54       0.81
2016.84973     -6.74       0.79
2016.85246     -6.68       0.79
2016.85519     -7.82       0.78
2016.85792     -6.70       0.87
2016.86066     -8.01       0.77
2016.86339     -9.24       0.79
2016.86612     -7.82       0.79
2016.86885     -6.37       0.79
2016.87158     -7.46       0.77
2016.87432     -8.79       0.78
2016.87705     -8.23       0.77
2016.87978     -7.98       0.78
2016.88251     -7.21       0.79
2016.88525     -8.22       0.78
2016.88798     -4.61       0.78
2016.89071     -6.57       0.81
2016.89344     -9.79       0.78
2016.89617     -7.37       0.78
2016.89891     -8.45       0.77
2016.90164     -8.49       0.80
2016.90437     -7.74       0.82
2016.90710     -7.19       0.79
2016.90984     -8.05       0.77
2016.91257     -7.82       0.79
2016.91530     -8.35       0.79
2016.91803     -7.07       0.80
2016.92077     -7.43       0.77
2016.92350     -8.25       0.77
2016.92623     -5.23       0.78
2016.92896     -6.22       0.79
2016.93169     -5.42       0.78
2016.93443     -7.07       0.78
2016.93716     -6.83       0.79
2016.93989     -6.77       0.77
2016.94262     -7.36       0.77
2016.94536     -8.26       0.79
2016.94809     -6.63       0.79
2016.95082     -5.88       0.79
2016.95355     -5.69       0.81
2016.95628     -8.01       0.77
2016.95902     -7.86       0.77
2016.96175     -8.43       0.78
2016.96448     -7.49       0.77
2016.96721     -7.37       0.77
2016.96995     -7.00       0.77
2016.97268     -8.40       0.78
2016.97541     -6.39       0.77
2016.97814     -7.24       0.76
2016.98087     -9.76       0.77
2016.98361     -5.30       0.77
2016.98634     -7.52       0.77
2016.98907     -9.45       0.78
2016.99180     -7.32       0.77
2016.99454     -9.26       0.77
2016.99727     -8.24       0.77
2017.00000     -6.61       0.77
2017.00274     -7.76       0.77
2017.00548     -8.20       0.77
2017.00822     -8.19       0.77
2017.01096     -7.26       0.77
2017.01370     -6.98       0.78
2017.01644     -7.14       0.78
2017.01918     -7.42       0.77
2017.02192     -7.55       0.78
2017.02466     -8.12       0.79
2017.02740     -9.00       0.77
2017.03014     -7.20       0.78
2017.03288     -8.46       0.77
2017.03562     -7.54       0.77
2017.03836     -8.71       0.77
2017.04110     -7.69       0.78
2017.04384     -7.97       0.79
2017.04658    -10.29       0.78
2017.04932     -6.53       0.78
2017.05205     -8.42       0.77
2017.05479     -8.24       0.78
2017.05753     -8.95       0.77
2017.06027     -8.54       0.77
2017.06301     -8.69       0.77
2017.06575     -9.55       0.76
2017.06849     -8.02       0.78
2017.07123     -8.37       0.78
2017.07397     -9.30       0.78
2017.07671     -7.57       0.77
2017.07945     -5.64       0.77
2017.08219     -6.97       0.77
2017.08493     -8.44       0.78
2017.08767     -8.37       0.77
2017.09041     -7.68       0.78
2017.09315     -8.43       0.78
2017.09589     -6.79       0.77
2017.09863     -5.98       0.77
2017.10137     -7.40       0.78
2017.10411     -8.22       0.78
2017.10685     -5.93       0.77
2017.10959     -7.33       0.77
2017.11233     -8.39       0.77
2017.11507     -9.48       0.77
2017.11781     -7.36       0.77
2017.12055     -7.32       0.77
2017.12329     -8.33       0.77
2017.12603     -7.63       0.78
2017.12877     -8.83       0.77
2017.13151     -9.45       0.78
2017.13425     -7.69       0.78
2017.13699     -6.51       0.78
2017.13973     -9.46       0.79
2017.14247     -8.47       0.78
2017.14521     -7.11       0.78
2017.14795     -5.26       0.77
2017.15068     -7.75       0.78
2017.15342     -6.63       0.78
2017.15616     -6.48       0.79
2017.15890     -6.52       0.77
2017.16164     -8.04       0.78
2017.16438     -6.90       0.77
2017.16712     -6.46       0.78
2017.16986     -7.42       0.78
2017.17260     -9.13       0.79
2017.17534     -7.03       0.78
2017.17808     -7.80       0.78
2017.18082     -7.16       0.78
2017.18356     -7.59       0.78
2017.18630     -6.88       0.78
2017.18904     -6.49       0.77
2017.19178     -5.85       0.78
2017.19452     -8.18       0.79
2017.19726     -8.05       0.78
2017.20000     -6.66       0.77
2017.20274     -8.69       0.79
2017.20548     -7.89       0.78
2017.20822     -8.19       0.78
2017.21096     -8.56       0.79
2017.21370     -7.80       0.79
2017.21644     -9.05       0.79
2017.21918     -9.04       0.80
2017.22192     -8.42       0.81
2017.22466     -6.58       0.81
2017.22740     -6.89       0.78
2017.23014     -8.34       0.79
2017.23288     -9.74       0.78
2017.23562     -9.44       0.78
2017.23836     -7.79       0.78
2017.24110     -8.93       0.81
2017.24384    -13.00       5.13
2017.27397     -7.38       0.86
2017.27671     -6.58       0.80
2017.27945     -5.19       0.78
2017.28219     -5.61       0.78
2017.28493     -6.60       0.79
2017.28767     -7.53       0.78
2017.29041     -6.85       0.79
2017.29315     -9.57       0.79
2017.29589     -8.85       0.84
2017.29863     -4.88       0.81
2017.30137     -8.14       0.82
2017.30411     -6.18       0.79
2017.30685     -7.53       0.78
2017.30959     -6.90       0.77
2017.31233     -7.56       0.78
2017.31507     -7.03       0.80
2017.31781     -7.38       0.80
2017.32055     -7.11       0.79
2017.32329     -5.00       0.78
2017.32603     -5.49       0.80
2017.32877     -6.39       0.78
2017.33151     -7.57       0.80
2017.33425     -6.67       0.80
2017.33699     -7.35       0.79
2017.33973     -7.19       0.80
2017.34247     -6.70       0.80
2017.34521     -9.18       0.80
2017.34795     -7.36       0.79
2017.35068     -8.09       0.79
2017.35342     -5.94       0.80
2017.35616     -5.73       0.80
2017.35890     -9.35       0.80
2017.36164     -7.23       0.80
2017.36438     -7.04       0.80
2017.36712     -7.70       0.79
2017.36986     -6.13       0.79
2017.37260     -8.29       0.78
2017.37534     -3.51       0.80
2017.37808     -8.25       0.79
2017.38082     -3.77       0.77
2017.38356     -6.79       0.78
2017.38630     -8.75       0.78
2017.38904     -6.60       0.78
2017.39178     -7.99       0.80
2017.39452     -9.25       0.80
2017.39726     -4.82       0.77
2017.40000     -7.69       0.77
2017.40274     -7.02       0.78
2017.40548     -6.30       0.79
2017.40822     -7.36       0.79
2017.41096     -8.98       0.78
2017.41370    -10.00       0.82
2017.41644     -6.53       0.82
2017.41918     -7.68       0.82
2017.42192     -7.03       0.80
2017.42466     -8.16       0.78
2017.42740     -7.71       0.78
2017.43014     -8.18       0.81
2017.43288     -7.01       0.80
2017.43562    -11.80       0.81
2017.43836     -8.20       0.80
2017.44110     -9.94       0.78
2017.44384     -7.75       0.80
2017.44658     -8.53       0.81
2017.44932     -7.43       0.80
2017.45205     -5.92       0.84
2017.45479     -4.45       0.88
2017.45753    -10.11       0.84
2017.46027     -9.91       0.81
2017.46301     -7.67       0.78
2017.46575     -9.46       0.81
2017.46849     -9.17       0.79
2017.47123     -8.81       0.78
2017.47397     -6.77       0.80
2017.47671     -8.53       0.80
2017.47945     -9.92       0.78
2017.48219     -7.07       0.78
2017.48493     -7.61       0.79
2017.48767     -8.76       0.82
2017.49041     -8.47       0.81
2017.49315     -8.55       0.79
2017.49589     -8.15       0.79
2017.49863     -6.65       0.83
2017.50137    -10.14       0.84
2017.50411     -8.54       0.80
2017.50685    -10.34       0.79
2017.50959    -11.70       0.83
2017.51233     -9.06       0.81
2017.51507     -8.04       0.81
2017.51781     -9.45       0.80
2017.52055    -10.71       0.81
2017.52329    -13.86       4.15
2017.52603     -8.43       0.86
2017.52877    -10.04       0.83
2017.53151     -9.48       0.81
2017.53425     -7.97       1.04
2017.56438     -2.97       1.25
2017.59726     -9.98       0.83
2017.60000    -10.24       0.80
2017.60274    -11.37       0.81
2017.60548     -9.89       1.56
2017.62192    -10.40       0.96
2017.62466    -10.34       0.81
2017.62740    -11.21       0.85
2017.63014     -9.22       0.82
2017.63288     -9.97       0.81
2017.63562     -8.04       0.81
2017.63836     -5.86       0.82
2017.64110     -9.02       0.79
2017.64384    -10.08       0.82
2017.64658    -10.12       0.81
2017.64932    -10.03       0.81
2017.65205     -9.46       0.80
2017.65479     -8.09       0.81
2017.65753    -11.37       0.81
2017.66027    -11.72       0.82
2017.66301    -10.02       0.80
2017.66575     -7.98       0.82
2017.66849    -11.49       0.80
2017.67123    -11.47       0.85
2017.67397     -8.32       0.85
2017.67671    -11.28       0.80
2017.67945     -9.41       0.79
2017.68219    -10.88       0.82
2017.68493     -8.99       0.80
2017.68767     -8.74       0.81
2017.69041     -8.85       0.81
2017.69315     -9.07       0.80
2017.69589    -10.05       0.81
2017.69863     -8.43       0.83
2017.70137    -10.93       0.83
2017.70411     -8.19       0.81
2017.70685     -8.58       0.80
2017.70959    -10.89       0.81
2017.71233    -11.25       0.80
2017.71507     -6.90       0.83
2017.71781     -9.48       0.79
2017.72055     -9.21       0.78
2017.72329     -9.48       0.81
2017.72603     -9.27       0.80
2017.72877    -12.16       0.81
2017.73151     -9.37       0.84
2017.73425     -8.62       0.81
2017.73699     -9.90       0.80
2017.73973     -8.34       0.80
2017.74247     -9.67       0.85
2017.74521    -10.93       0.80
2017.74795     -9.26       0.82
2017.75068    -10.45       0.81
2017.75342    -10.14       0.82
2017.75616    -12.93       0.86
2017.75890    -13.74       0.81
2017.76164    -11.44       0.82
2017.76438    -10.65       0.81
2017.76712     -8.53       0.83
2017.76986    -10.74       0.82
2017.77260     -8.00       0.85
2017.77534    -11.48       0.83
2017.77808     -7.07       0.83
2017.78082     -8.45       0.82
2017.78356    -10.60       0.83
2017.78630    -11.02       0.85
2017.78904    -10.55       0.82
2017.79178     -7.53       0.81
2017.79452     -9.85       0.81
2017.79726    -11.04       0.82
2017.80000    -10.86       0.82
2017.80274     -9.85       0.79
2017.80548     -9.92       0.80
2017.80822    -10.54       0.79
2017.81096    -11.98       0.79
2017.81370     -9.95       0.81
2017.81644    -11.32       0.80
2017.81918    -10.78       0.82
2017.82192    -10.15       0.83
2017.82466    -12.06       0.79
2017.82740    -12.43       0.79
2017.83014    -11.56       0.80
2017.83288    -10.23       0.80
2017.83562    -10.60       0.82
2017.83836     -9.40       0.80
2017.84110     -9.67       0.80
2017.84384    -10.02       0.80
2017.84658    -11.06       0.80
2017.84932    -12.34       0.80
2017.85205    -10.19       0.80
2017.85479     -8.84       0.81
2017.85753    -12.42       0.81
2017.86027     -9.59       0.84
2017.86301    -11.31       0.80
2017.86575    -10.73       0.80
2017.86849     -9.10       0.81
2017.87123     -8.33       0.81
2017.87397    -10.95       0.80
2017.87671    -10.02       0.80
2017.87945     -8.61       0.80
2017.88219     -7.71       0.80
2017.88493     -8.33       0.80
2017.88767    -10.49       0.80
2017.89041     -9.31       0.79
2017.89315    -10.93       0.80
2017.89589    -11.63       0.79
2017.89863    -10.09       0.79
2017.90137    -11.66       0.80
2017.90411    -11.57       0.79
2017.90685    -10.53       0.80
2017.90959    -10.44       0.79
2017.91233     -8.87       0.80
2017.91507     -7.14       0.80
2017.91781    -10.14       0.79
2017.92055    -10.40       0.80
2017.92329     -8.52       0.78
2017.92603    -10.50       0.79
2017.92877    -10.18       0.78
2017.93151    -10.14       0.79
2017.93425     -9.96       0.79
2017.93699    -10.80       0.79
2017.93973    -10.44       0.79
2017.94247     -9.21       0.79
2017.94521     -9.60       0.79
2017.94795    -10.75       0.78
2017.95068     -8.95       0.79
2017.95342     -8.81       0.79
2017.95616    -10.44       0.78
2017.95890    -11.61       0.78
2017.96164    -10.04       0.78
2017.96438     -9.53       0.80
2017.96712    -10.28       0.80
2017.96986    -10.18       0.79
2017.97260    -10.17       0.78
2017.97534    -10.12       0.78
2017.97808    -10.05       0.79
2017.98082    -10.42       0.79
2017.98356    -10.76       0.80
2017.98630    -10.02       0.79
2017.98904     -9.53       0.79
2017.99178     -8.46       0.78
2017.99452    -10.33       0.79
2017.99726     -8.01       0.79
2018.00000     -9.31       0.79
2018.00274     -9.65       0.79
2018.00548     -9.81       0.80
2018.00822    -10.17       0.79
2018.01096     -9.31       0.78
2018.01370     -9.44       0.79
2018.01644     -9.50       0.78
2018.01918     -8.03       0.79
2018.02192     -7.60       0.79
2018.02466     -7.57       0.79
2018.02740     -8.43       0.78
2018.03014     -7.48       0.78
2018.03288     -7.82       0.78
2018.03562     -8.36       0.77
2018.03836     -8.66       0.78
2018.04110     -7.38       0.79
2018.04384    -10.20       0.79
2018.04658     -8.80       0.79
2018.04932     -8.73       0.79
2018.05205     -6.60       0.78
2018.05479     -4.51       0.79
2018.05753     -5.62       0.78
2018.06027     -5.50       0.78
2018.06301     -5.74       0.80
2018.06575     -7.32       0.80
2018.06849     -6.36       0.81
2018.07123     -7.60       0.81
2018.07397     -9.67       0.81
2018.07671     -9.18       0.80
2018.07945     -8.72       0.80
2018.08219     -8.29       0.80
2018.08493     -6.45       0.81
2018.08767     -8.39       0.80
2018.09041     -7.48       0.80
2018.09315     -6.94       0.79
2018.09589     -8.15       0.82
2018.09863     -8.69       0.80
2018.10137     -7.97       0.81
2018.10411     -8.86       0.81
2018.10685     -9.21       0.79
2018.10959     -7.63       0.79
2018.11233     -8.50       0.79
2018.11507    -11.46       0.79
2018.11781     -9.07       0.81
2018.12055     -8.18       0.81
2018.12329     -9.80       0.82
2018.12603    -11.28       0.82
2018.12877     -9.82       0.80
2018.13151    -10.76       0.79
2018.13425     -9.83       0.80
2018.13699     -9.53       0.81
2018.13973     -9.61       0.80
2018.14247     -8.17       0.80
2018.14521     -9.33       0.83
2018.14795     -8.35       0.81
2018.15068    -10.06       0.81
2018.15342    -10.07       0.79
2018.15616     -9.77       0.80
2018.15890    -10.02       0.81
2018.16164     -9.93       0.83
2018.16438    -10.83       0.83
2018.16712    -10.13       0.80
2018.16986    -10.12       0.83
2018.17260    -10.24       0.81
2018.17534     -9.68       0.79
2018.17808    -11.40       0.80
2018.18082    -11.63       0.81
2018.18356    -11.26       0.81
2018.18630    -11.86       0.80
2018.18904    -13.21       0.81
2018.19178    -12.93       0.81
2018.19452    -13.51       0.81
2018.19726    -10.92       0.81
2018.20000     -9.21       0.82
2018.20274    -11.23       0.80
2018.20548    -12.33       0.80
2018.20822    -10.58       0.80
2018.21096     -9.97       0.81
2018.21370    -10.50       0.80
2018.21644     -8.62       0.78
2018.21918    -11.96       0.78
2018.22192     -9.60       0.78
2018.22466    -11.62       0.79
2018.22740    -10.82       0.78
2018.23014    -10.53       0.78
2018.23288    -11.43       0.85
2018.23562    -10.55       0.93
2018.23836    -10.16       0.79
2018.24110     -9.07       0.80
2018.24384    -10.65       0.79
2018.24658    -11.26       0.78
2018.24932    -10.15       0.78
2018.25205     -9.96       0.79
2018.25479    -10.77       0.79
2018.25753    -11.67       0.82
2018.26027     -8.12       0.82
2018.26301    -10.06       0.78
2018.26575    -12.27       0.79
2018.26849    -12.02       0.79
2018.27123    -11.70       0.78
2018.27397    -11.93       0.86
2018.27671    -11.15       0.80
2018.27945     -8.92       0.82
2018.28219    -12.93       0.79
2018.28493     -9.77       0.79
2018.28767     -9.40       0.79
2018.29041    -11.98       0.80
2018.29315     -9.94       0.80
2018.29589     -9.43       0.80
2018.29863    -10.46       0.81
2018.30137    -10.41       0.80
2018.30411     -9.40       0.79
2018.30685     -9.83       0.81
2018.30959    -10.33       0.80
2018.31233     -9.37       0.78
2018.31507    -11.24       0.79
2018.31781    -10.56       0.80
2018.32055     -8.53       0.78
2018.32329    -10.10       0.79
2018.32603    -10.53       0.79
2018.32877     -8.17       0.83
2018.33151    -10.38       0.80
2018.33425    -11.09       0.81
2018.33699    -10.72       0.98
2018.33973     -9.46       0.79
2018.34247    -10.74       0.80
2018.34521    -10.22       0.81
2018.34795     -9.77       0.88
2018.35068     -7.90       0.79
2018.35342    -11.07       0.78
2018.35616     -9.26       0.78
2018.35890    -10.10       0.77
2018.36164    -11.19       0.79
2018.36438     -9.93       0.78
2018.36712     -7.47       0.79
2018.36986     -9.78       0.80
2018.37260    -10.07       0.80
2018.37534    -10.73       0.80
2018.37808    -10.87       0.80
2018.38082     -7.64       0.79
2018.38356    -10.71       0.79
2018.38630     -8.26       0.80
2018.38904     -9.85       0.78
2018.39178    -12.66       0.80
2018.39452    -10.48       0.81
2018.39726     -8.48       0.78
2018.40000     -8.61       0.79
2018.40274     -6.92       0.81
2018.40548     -8.85       0.79
2018.40822     -9.83       0.83
2018.41096    -12.04       0.80
2018.41370    -11.35       0.80
2018.41644     -9.67       0.78
2018.41918    -10.37       0.79
2018.42192     -9.81       0.81
2018.42466     -9.84       0.79
2018.42740    -10.69       0.83
2018.43014    -11.46       1.06
2018.43288    -10.46       0.80
2018.43562    -12.16       0.81
2018.43836     -7.26       0.83
2018.44110    -12.40       0.82
2018.44384    -13.11       0.80
2018.44658    -11.99       0.80
2018.44932    -10.31       0.82
2018.45205    -11.48       0.78
2018.45479    -11.54       0.81
2018.45753    -12.40       0.80
2018.46027    -14.19       0.82
2018.46301    -11.48       0.80
2018.46575    -11.90       0.80
2018.46849    -12.46       0.79
2018.47123    -11.46       0.85
2018.47397    -13.84       0.78
2018.47671    -11.65       0.79
2018.47945    -10.64       0.82
2018.48219    -12.07       0.80
2018.48493    -12.84       0.80
2018.48767    -11.99       0.80
2018.49041    -10.60       0.81
2018.49315    -11.32       0.84
2018.49589    -11.71       0.85
2018.49863    -14.19       0.87
2018.50137    -14.48       0.88
2018.50411    -14.47       0.82
2018.50685    -11.31       0.79
2018.50959    -11.82       0.79
2018.51233    -11.51       0.79
2018.51507    -11.14       0.82
2018.51781    -13.54       0.80
2018.52055    -11.47       1.07
2018.52329    -13.87       0.81
2018.52603    -12.54       0.80
2018.52877    -11.58       0.80
2018.53151    -12.57       0.81
2018.53425    -14.09       0.79
2018.53699    -11.55       0.96
2018.53973    -13.02       0.89
2018.54247    -11.92       0.80
2018.54521    -11.80       0.81
2018.54795    -18.54       0.86
2018.59452    -10.82       0.88
2018.59726    -13.26       0.83
2018.60000    -12.65       0.83
2018.60274    -17.20       0.83
2018.60548    -13.31       0.82
2018.60822    -16.30       0.83
2018.61096    -18.15       0.84
2018.61370    -11.60       0.79
2018.61644    -16.29       0.80
2018.61918    -12.13       0.81
2018.62192    -15.03       0.83
2018.62466    -11.52       0.79
2018.62740    -14.66       0.78
2018.63014    -12.19       0.79
2018.63288    -12.17       0.81
2018.63562    -14.61       0.80
2018.63836    -16.87       0.86
2018.64110    -12.97       0.85
2018.64384    -14.18       0.78
2018.64658    -14.33       0.79
2018.64932    -14.33       0.80
2018.65205    -16.59       1.26
2018.67397    -14.77       0.94
2018.67671    -14.66       0.81
2018.67945    -14.34       0.84
2018.68219    -13.16       0.83
2018.68493    -12.48       0.79
2018.68767    -10.77       0.78
2018.69041    -12.13       0.78
2018.69315    -12.05       0.80
2018.69589    -12.28       0.79
2018.69863    -12.99       0.80
2018.70137     -8.62       0.82
2018.70411    -11.72       0.84
2018.70685    -12.77       0.80
2018.70959    -11.54       0.79
2018.71233    -12.47       0.80
2018.71507    -12.89       0.80
2018.71781    -12.23       0.80
2018.72055    -13.18       0.80
2018.72329    -13.90       0.80
2018.72603    -13.20       0.82
2018.72877    -14.08       0.79
2018.73151    -11.27       0.79
2018.73425    -12.54       0.79
2018.73699    -12.22       0.79
2018.73973    -14.25       0.79
2018.74247    -11.62       0.79
2018.74521    -10.33       0.78
2018.74795    -14.13       0.79
2018.75068    -12.55       0.79
2018.75342    -11.92       0.78
2018.75616    -11.77       0.79
2018.75890    -12.30       0.78
2018.76164    -11.56       0.79
2018.76438    -13.08       0.81
2018.76712     -9.67       0.80
2018.76986    -11.80       0.79
2018.77260    -10.71       0.79
2018.77534    -12.80       0.78
2018.77808    -11.46       0.78
2018.78082    -10.38       0.79
2018.78356    -11.99       0.79
2018.78630    -11.53       0.77
2018.78904    -12.63       0.81
2018.79178    -13.25       0.80
2018.79452    -11.19       0.78
2018.79726    -12.74       0.78
2018.80000    -11.52       0.78
2018.80274    -12.41       0.78
2018.80548    -12.73       0.81
2018.80822    -13.36       0.78
2018.81096    -13.70       0.83
2018.81370    -15.23       0.79
2018.81644    -14.32       0.78
2018.81918    -12.57       0.78
2018.82192    -13.61       0.78
2018.82466    -13.25       0.79
2018.82740    -13.51       0.81
2018.83014    -12.83       0.80
2018.83288    -11.28       0.80
2018.83562    -11.81       0.80
2018.83836    -12.11       0.80
2018.84110    -11.71       0.79
2018.84384    -11.19       0.78
2018.84658    -13.28       0.78
2018.84932    -14.12       0.78
2018.85205    -11.95       0.78
2018.85479    -12.93       0.79
2018.85753    -12.51       0.79
2018.86027    -12.11       0.78
2018.86301    -14.61       0.81
2018.86575    -13.37       0.79
2018.86849    -11.86       0.78
2018.87123    -10.54       0.78
2018.87397    -12.10       0.79
2018.87671    -11.97       0.79
2018.87945    -13.14       0.80
2018.88219    -12.94       0.80
2018.88493    -11.82       0.79
2018.88767    -13.03       0.80
2018.89041    -11.69       0.80
2018.89315    -14.10       0.80
2018.89589    -12.00       0.82
2018.89863    -12.19       0.80
2018.90137    -12.37       0.79
2018.90411    -12.82       0.79
2018.90685    -12.21       0.81
2018.90959    -11.37       0.80
2018.91233    -12.96       0.81
2018.91507    -11.61       0.80
2018.91781    -10.45       0.79
2018.92055    -11.67       0.79
2018.92329     -9.40       0.79
2018.92603    -12.69       0.80
2018.92877    -11.40       0.80
2018.93151    -10.36       0.81
2018.93425    -12.86       0.82
2018.93699    -12.52       0.79
2018.93973    -12.25       0.80
2018.94247    -11.48       0.79
2018.94521    -12.21       0.79
2018.94795    -13.19       0.79
2018.95068    -12.19       0.80
2018.95342    -13.44       0.78
2018.95616    -11.80       0.79
2018.95890    -11.18       0.78
2018.96164    -14.42       0.79
2018.96438    -14.21       0.78
2018.96712    -12.32       0.78
2018.96986    -13.26       0.80
2018.97260    -11.96       0.80
2018.97534     -9.96       0.78
2018.97808    -10.43       0.78
2018.98082    -11.76       0.79
2018.98356     -8.33       0.79
2018.98630     -8.73       0.80
2018.98904    -10.35       0.79
2018.99178    -10.91       0.80
2018.99452    -11.05       0.80
2018.99726    -12.16       0.80
2019.00000    -12.38       0.80
2019.00274    -13.24       0.81
2019.00548    -10.39       0.78
2019.00822    -12.83       0.78
2019.01096    -11.79       0.80
2019.01370    -10.80       0.79
2019.01644    -13.08       0.79
2019.01918    -10.94       0.79
2019.02192    -12.40       0.79
2019.02466    -12.65       0.80
2019.02740    -15.42       0.81
2019.03014    -10.12       0.81
2019.03288    -11.36       0.78
2019.03562    -11.88       0.78
2019.03836    -12.52       0.78
2019.04110    -10.83       0.78
2019.04384    -11.72       0.79
2019.04658    -13.49       0.81
2019.04932    -12.62       0.80
2019.05205    -11.20       0.81
2019.05479    -11.72       0.79
2019.05753    -11.83       0.81
2019.06027    -10.75       0.80
2019.06301    -11.04       0.79
2019.06575    -11.90       0.80
2019.06849    -12.29       0.82
2019.07123    -13.05       0.81
2019.07397     -9.70       0.78
2019.07671    -11.35       0.78
2019.07945    -11.37       0.78
2019.08219    -13.68       0.80
2019.08493    -12.98       0.78
2019.08767    -14.48       0.79
2019.09041    -11.50       0.80
2019.09315    -11.22       0.79
2019.09589    -12.09       0.79
2019.09863    -11.76       0.78
2019.10137    -12.29       0.79
2019.10411    -11.24       0.78
2019.10685    -12.12       0.79
2019.10959    -12.79       0.78
2019.11233    -12.81       0.80
2019.11507    -13.17       0.82
2019.11781    -15.62       0.80
2019.12055    -12.77       0.84
2019.12329    -12.74       0.81
2019.12603    -11.79       0.79
2019.12877    -12.16       0.78
2019.13151    -15.09       0.81
2019.13425    -13.06       1.26
2019.13699    -12.88       0.79
2019.13973    -12.58       0.81
2019.14247    -12.40       0.78
2019.14521    -10.75       0.78
2019.14795    -12.79       0.81
2019.15068    -13.64       0.80
2019.15342    -13.44       0.78
2019.15616    -12.98       0.79
2019.15890    -14.14       0.79
2019.16164    -12.88       0.80
2019.16438    -13.46       0.78
2019.16712    -12.31       0.80
2019.16986    -12.98       0.79
2019.17260    -11.73       0.80
2019.17534    -12.34       0.79
2019.17808    -12.45       0.79
2019.18082    -12.16       0.79
2019.18356    -12.31       0.81
2019.18630    -13.21       0.82
2019.18904    -14.05       0.79
2019.19178    -13.65       0.78
2019.19452    -13.22       0.78
2019.19726    -11.31       0.79
2019.20000    -11.59       0.80
2019.20274    -12.63       0.77
2019.20548    -12.11       0.78
2019.20822    -12.75       0.78
2019.21096    -13.50       0.78
2019.21370    -13.78       0.78
2019.21644     -9.70       0.80
2019.21918    -10.57       0.79
2019.22192    -10.55       0.80
2019.22466    -11.66       0.79
2019.22740     -9.34       0.78
2019.23014    -10.93       0.79
2019.23288    -12.56       0.79
2019.23562    -11.25       0.79
2019.23836    -14.45       0.79
2019.24110    -12.03       0.79
2019.24384    -11.00       0.80
2019.24658    -12.70       0.80
2019.24932    -10.58       0.78
2019.25205     -8.81       0.80
2019.25479    -10.96       0.78
2019.25753    -12.23       0.78
2019.26027    -11.52       0.78
2019.26301    -12.11       0.80
2019.26575    -11.47       0.79
2019.26849    -10.84       0.81
2019.27123     -9.29       1.25
2019.27397    -10.07       1.14
2019.27671    -11.87       1.19
2019.27945    -11.43       1.09
2019.28219    -12.22       1.04
2019.28493    -14.08       0.97
2019.28767     -9.24       0.98
2019.29041    -10.45       1.00
2019.29315    -10.27       1.20
2019.29589    -14.06       1.18
2019.29863    -13.96       0.99
2019.30137    -10.79       1.03
2019.30411    -14.01       1.06
2019.30685    -12.89       1.07
2019.30959    -12.74       1.00
2019.31233     -9.78       1.07
2019.31507    -13.58       0.96
2019.31781    -13.89       0.89
2019.32055    -13.27       0.99
2019.32329    -13.78       0.97
2019.32603    -10.07       1.08
2019.32877    -11.25       1.00
2019.33151    -10.64       0.98
2019.33425    -13.90       1.03
2019.33699    -12.34       0.92
2019.33973    -12.88       0.98
2019.34247    -13.35       1.05
2019.34521    -12.17       1.02
2019.34795     -9.50       0.99
2019.35068    -11.45       0.92
2019.35342    -12.88       1.00
2019.35616    -10.88       1.04
2019.35890    -10.13       0.93
2019.36164    -14.29       1.00
2019.36438    -12.48       0.96
2019.36712    -16.58       1.03
2019.36986    -13.38       1.01
2019.37260    -11.84       1.08
2019.37534    -14.36       0.97
2019.37808    -11.85       0.97
2019.38082    -14.45       1.06
2019.38356    -14.39       1.04
2019.38630    -10.52       0.96
2019.38904    -13.33       0.98
2019.39178     -8.32       1.04
2019.39452     -9.87       1.02
2019.39726    -11.66       0.93
2019.40000    -13.89       0.98
2019.40274    -11.76       0.99
2019.40548    -10.87       0.99
2019.40822    -10.21       0.99
2019.41096    -10.37       0.92
2019.41370    -11.72       0.94
2019.41644    -10.12       0.87
2019.41918    -13.99       0.96
2019.42192    -11.85       0.98
2019.42466    -12.89       0.95
2019.42740    -11.26       1.03
2019.43014    -13.78       0.98
2019.43288    -14.48       0.94
2019.43562    -12.49       0.98
2019.43836    -12.13       1.10
2019.44110    -11.22       1.00
2019.44384    -12.18       1.00
2019.44658    -17.42       1.08
2019.44932     -9.67       1.01
2019.45205    -13.29       1.00
2019.45479    -13.05       1.03
2019.45753    -14.80       1.00
2019.46027    -16.03       1.03
2019.46301    -13.47       0.97
2019.46575    -11.25       1.01
2019.46849    -15.62       0.98
2019.47123    -12.09       1.01
2019.47397    -13.17       1.04
2019.47671     -9.09       0.97
2019.47945    -12.73       1.08
2019.48219    -13.11       1.01
2019.48493    -13.73       1.00
2019.48767    -11.24       0.99
2019.49041    -13.67       1.09
2019.49315    -13.45       0.99
2019.49589    -11.74       0.96
2019.49863    -14.24       1.05
2019.50137    -13.07       1.04
2019.50411    -10.63       1.00
2019.50685    -12.00       0.98
2019.50959    -10.56       1.05
2019.51233     -8.36       1.04
2019.51507    -11.43       1.09
2019.51781    -18.68       1.10
2019.52055    -14.31       1.21
2019.52329    -13.47       1.01
2019.52603    -14.89       0.83
2019.52877    -15.21       0.87
2019.53151    -13.93       0.82
2019.53425    -15.36       0.82
2019.53699    -13.33       0.92
2019.53973    -15.32       0.98
2019.54247    -16.20       0.99
2019.54521    -16.43       0.96
2019.54795    -13.83       1.10
2019.55068    -14.48       1.00
2019.55342    -16.44       1.03
2019.55616    -13.38       0.99
2019.55890    -12.30       0.98
2019.56164    -14.09       0.93
2019.56438    -14.91       0.95
2019.56712    -17.03       0.97
2019.56986    -14.27       0.92
2019.57260    -14.91       0.87
2019.57534    -18.81       1.00
2019.57808    -15.76       0.95
2019.58082    -15.05       0.89
2019.58356    -14.41       0.97
2019.58630    -12.61       0.92
2019.58904    -17.70       0.87
2019.59178    -16.77       0.94
2019.59452    -10.77       1.00
2019.59726    -13.50       0.97
2019.60000    -12.45       0.94
2019.60274    -15.90       0.94
2019.60548    -15.91       0.92
2019.60822    -13.63       0.89
2019.61370    -11.70       1.00
2019.61644    -13.15       1.05
2019.61918    -13.78       1.03
2019.62192    -18.47       0.98
2019.62466    -15.55       0.95
2019.62740    -15.01       0.85
2019.63014    -13.93       0.92
2019.63288    -14.16       0.90
2019.63562    -14.34       0.86
2019.63836    -14.23       0.96
2019.64110    -14.68       0.96
2019.64384    -13.20       0.91
2019.64658    -16.83       0.88
2019.64932    -16.13       0.99
2019.65205    -15.18       0.93
2019.65479    -14.71       0.88
2019.65753    -15.81       0.98
2019.66027    -15.20       0.93
2019.66301    -16.47       0.85
2019.66575    -12.39       0.91
2019.66849    -17.46       0.90
2019.67123    -15.08       0.90
2019.67397    -19.36       0.87
2019.67671    -16.20       0.89
2019.67945    -16.48       0.89
2019.68219    -18.51       0.82
2019.68767    -16.88       0.95
2019.69041    -15.70       0.87
2019.69315    -11.55       0.90
2019.69589    -15.90       0.85
2019.69863    -14.40       0.87
2019.70137    -18.32       0.97
2019.70411    -13.06       0.90
2019.70685    -13.38       0.86
2019.70959    -13.53       0.81
2019.71233    -14.50       0.87
2019.71507    -17.24       0.88
2019.71781    -16.25       0.87
2019.72055    -15.06       0.88
2019.72329    -14.85       0.87
2019.72603    -16.64       0.85
2019.72877    -14.40       0.86
2019.73151    -15.39       0.82
2019.73425    -14.10       0.83
2019.73699    -14.55       0.85
2019.73973    -14.50       0.92
2019.74247    -15.30       0.88
2019.74521    -16.75       0.89
2019.74795    -15.55       0.90
2019.75068    -14.72       0.91
2019.75342    -14.97       0.90
2019.75616    -14.85       0.91
2019.75890    -12.82       0.89
2019.76164    -17.23       0.86
2019.76438    -17.50       0.84
2019.76712    -18.50       0.90
2019.76986    -15.53       0.88
2019.77260    -13.91       0.87
2019.77534    -15.54       0.88
2019.77808    -17.39       0.94
2019.78082    -12.54       0.88
2019.78356    -11.81       0.86
2019.78630    -14.38       0.85
2019.78904    -14.72       0.84
2019.79178    -15.55       0.88
2019.79452    -13.69       0.88
2019.79726    -14.39       0.87
2019.80000    -14.69       0.87
2019.80274    -14.10       0.91
2019.80548    -15.43       0.89
2019.80822    -14.59       0.84
2019.81096    -13.65       0.89
2019.81370    -13.94       0.93
2019.81644    -14.10       0.90
2019.81918    -13.27       0.88
2019.82192    -14.23       0.89
2019.82466    -11.84       0.89
2019.82740    -12.87       0.89
2019.83014    -14.61       0.86
2019.83288    -14.58       0.89
2019.83562    -15.42       0.85
2019.83836    -12.84       0.82
2019.84110    -13.31       0.86
2019.84384    -14.33       0.89
2019.84658    -15.35       0.88
2019.84932    -18.20       0.87
2019.85205    -15.23       0.83
2019.85479    -13.57       0.88
2019.85753    -12.23       0.87
2019.86027    -14.80       0.85
2019.86301    -14.98       0.85
2019.86575    -14.36       0.93
2019.86849    -14.81       0.86
2019.87123    -14.21       0.85
2019.87397    -13.67       0.85
2019.87671    -13.92       0.87
2019.87945    -13.21       0.85
2019.88219    -11.75       0.81
2019.88493    -16.37       0.81
2019.88767    -15.41       0.86
2019.89041    -13.61       0.83
2019.89315    -14.50       0.83
2019.89589    -15.44       0.87
2019.89863    -14.46       0.86
2019.90137    -15.10       0.86
2019.90411    -14.64       0.81
2019.90685    -13.24       0.84
2019.90959    -13.71       0.85
2019.91233    -14.58       0.92
2019.91507    -14.86       0.84
2019.91781    -15.06       0.83
2019.92055    -15.96       0.87
2019.92329    -15.26       0.89
2019.92603    -13.70       0.84
2019.92877    -14.59       0.83
2019.93151    -16.33       0.84
2019.93425    -16.56       0.88
2019.93699    -15.66       0.83
2019.94521    -16.75       0.84
2019.94795    -18.30       0.83
2019.95068    -15.36       0.89
2019.95342    -13.33       0.83
2019.95616    -13.18       0.85
2019.95890    -10.81       0.85
2019.96164    -13.23       0.87
2019.96438    -14.97       0.88
2019.96712    -14.99       0.92
2019.96986    -12.07       0.82
2019.97260    -14.26       0.81
2019.97534    -12.77       0.85
2019.97808    -13.44       0.88
2019.98082    -15.07       0.84
2019.98356    -13.80       0.87
2019.98630    -15.13       0.90
2019.98904    -14.84       0.87
2019.99178    -11.58       0.84
2019.99452    -11.43       0.84
2019.99726    -11.75       0.85
2020.00000    -12.13       0.84
2020.00273    -12.62       0.88
2020.00546    -14.54       0.89
2020.00820    -15.50       0.87
2020.01093    -15.47       0.87
2020.01366    -13.62       0.88
2020.01639    -11.07       0.89
2020.01913    -13.16       0.86
2020.02186    -14.16       0.89
2020.02459    -12.98       0.85
2020.02732    -13.01       0.86
2020.03005    -13.82       0.87
2020.03279    -13.98       0.89
2020.03552    -12.88       0.89
2020.03825    -10.36       0.83
2020.04098    -12.76       1.00
2020.04372    -12.68       0.96
2020.04645    -12.85       0.92
2020.04918    -15.22       0.94
2020.05191    -15.19       0.83
2020.05464    -14.36       0.83
2020.05738    -14.85       0.83
2020.06011    -16.05       0.94
2020.06284    -13.28       0.98
2020.06557    -15.04       0.95
2020.06831    -14.87       0.92
2020.07104    -10.61       0.95
2020.07377    -16.00       0.93
2020.07650    -14.34       0.96
2020.07923    -12.74       0.95
2020.08197    -15.62       0.92
2020.08470    -17.97       0.96
2020.08743    -15.31       0.96
2020.09016    -13.13       0.94
2020.09290    -14.66       0.89
2020.09563    -13.41       0.92
2020.09836    -15.47       1.08
2020.10109    -14.73       0.90
2020.10383    -13.65       0.87
2020.10656    -11.74       0.96
2020.10929    -16.28       0.92
2020.11202    -15.34       0.98
2020.11475    -15.73       0.95
2020.11749    -14.76       1.04
2020.12022    -14.35       0.98
2020.12295    -11.95       1.00
2020.12568    -16.42       0.96
2020.12842    -16.90       0.94
2020.13115    -17.06       0.99
2020.13388    -16.59       0.99
2020.13661    -16.04       0.97
2020.13934    -16.58       0.93
2020.14208    -16.28       0.96
2020.14481    -15.03       0.91
2020.14754    -16.05       0.92
2020.15027    -17.15       1.05
2020.15301    -14.87       0.97
2020.15574    -15.30       0.93
2020.15847    -14.67       0.97
2020.16120    -15.27       0.99
2020.16393    -14.97       0.98
2020.16667    -15.35       0.97
2020.16940    -15.52       0.96
2020.17213    -16.10       0.88
2020.17486    -16.80       0.93
2020.17760    -14.86       1.05
2020.18033    -15.08       1.00
2020.18306    -15.13       0.92
2020.18579    -13.28       0.94
2020.18852    -12.83       0.97
2020.19126    -14.98       0.91
2020.19399    -13.59       0.90
2020.19672    -14.57       0.93
2020.19945    -15.70       0.88
2020.20219    -15.54       0.96
2020.20492    -15.44       0.90
2020.20765    -17.26       0.85
2020.21038    -19.72       0.93
2020.21311    -11.16       0.99
2020.21585    -14.86       0.95
2020.21858    -17.86       0.89
2020.22131    -13.74       0.93
2020.22404    -15.07       0.95
2020.22678    -13.80       0.84
2020.22951    -17.37       0.93
2020.23224    -14.83       0.90
2020.23497    -14.12       0.91
2020.23770    -12.78       0.87
2020.24044    -15.62       0.94
2020.24317    -15.48       0.92
2020.24590    -15.46       0.88
2020.24863    -15.14       0.92
2020.25137    -13.39       1.01
2020.25410    -14.79       0.90
2020.25683    -13.72       0.91
2020.25956    -15.37       0.98
2020.26230    -13.76       0.90
2020.26503    -13.98       0.98
2020.26776    -10.99       0.94
2020.27049    -15.13       0.91
2020.27322    -14.08       0.89
2020.27596    -13.25       0.87
2020.27869    -13.98       0.95
2020.28142    -16.74       0.91
2020.28415    -16.06       0.98
2020.28689    -17.26       0.99
2020.28962    -17.77       1.03
2020.29235    -15.29       0.95
2020.29508    -13.37       0.97
2020.29781    -16.06       1.00
2020.30055    -13.55       0.92
2020.30328    -14.57       0.86
2020.30601    -15.48       0.96
2020.30874    -15.13       0.97
2020.31148    -14.99       0.97
2020.31421    -14.34       0.99
2020.31694    -15.14       0.94
2020.31967    -15.20       0.98
2020.32240    -16.41       0.93
2020.32514    -15.48       0.89
2020.32787    -11.68       0.81
2020.33060    -13.43       0.82
2020.33333    -17.56       0.82
2020.33607    -15.18       0.82
2020.33880    -14.19       0.81
2020.34153    -15.14       0.85
2020.34426    -13.50       0.83
2020.34699    -14.18       0.82
2020.34973    -14.64       0.81
2020.35246    -15.51       0.82
2020.35519    -15.16       0.85
2020.35792    -15.86       0.82
2020.36066    -17.00       0.85
2020.36339    -18.54       0.84
2020.36612    -16.80       0.83
2020.36885    -17.80       0.85
2020.37158    -16.66       0.85
2020.37432    -17.53       0.83
2020.37705    -16.52       0.85
2020.37978    -17.27       0.83
2020.38251    -16.46       0.83
2020.38525    -14.64       0.86
2020.38798    -13.98       0.90
2020.39071    -14.49       0.82
2020.39344    -16.35       0.83
2020.39617    -15.52       0.82
2020.39891    -17.09       0.91
2020.40164    -14.56       0.86
2020.40437    -18.64       0.86
2020.40710    -17.67       0.83
2020.40984    -15.80       0.85
2020.41257    -18.00       0.82
2020.41530    -16.80       0.82
2020.41803    -18.55       0.82
2020.42077    -17.78       0.83
2020.42350    -17.16       0.86
2020.42623    -15.84       0.85
2020.42896    -17.14       0.90
2020.43169    -17.86       0.84
2020.43443    -17.27       0.85
2020.43716    -18.11       0.84
2020.43989    -15.72       0.83
2020.44262    -17.26       0.84
2020.44536    -18.79       0.84
2020.44809    -16.93       0.84
2020.45082    -18.83       0.83
2020.45355    -18.65       0.81
2020.45628    -18.50       0.82
2020.45902    -20.12       0.81
2020.46175    -18.56       0.81
2020.46448    -19.25       0.82
2020.46721    -18.26       0.84
2020.46995    -19.21       0.86
2020.47268    -17.55       0.84
2020.47541    -17.39       0.85
2020.47814    -17.89       0.83
2020.48087    -17.60       0.86
2020.48361    -17.18       0.85
2020.48634    -22.14       0.86
2020.48907    -16.29       0.86
2020.49180    -16.95       0.86
2020.49454    -17.07       0.87
2020.49727    -17.38       0.86
2020.50000    -20.19       1.36
2020.50273    -17.81       0.84
2020.50546    -18.13       0.88
2020.50820    -18.35       0.82
2020.51093    -18.84       0.86
2020.51366    -17.01       0.85
2020.51639    -20.59       0.86
2020.51913    -18.98       0.85
2020.52186    -18.19       0.84
2020.52459    -19.42       0.85
2020.52732    -20.13       0.89
2020.53005    -16.40       0.85
2020.53279    -15.72       0.87
2020.53552    -17.75       0.88
2020.53825    -19.00       0.86
2020.54098    -19.55       0.84
2020.54372    -16.63       0.83
2020.54645    -16.77       0.84
2020.54918    -19.95       0.89
2020.55191    -19.18       0.88
2020.55464    -18.89       0.87
2020.55738    -18.18       0.86
2020.56011    -19.48       0.86
2020.56284    -18.58       0.86
2020.56557    -19.20       0.89
2020.56831    -16.47       0.88
2020.57104    -16.53       0.88
2020.57377    -19.44       0.87
2020.57650    -20.86       0.87
2020.57923    -22.31       0.86
2020.58197    -19.55       0.86
2020.58470    -19.58       0.92
2020.58743    -19.02       0.86
2020.59016    -18.95       0.85
2020.59290    -20.79       0.88
2020.59563    -20.13       0.89
2020.59836    -21.94       0.91
2020.60109    -21.31       0.85
2020.60383    -21.68       0.87
2020.60656    -20.87       0.85
2020.60929    -21.58       0.86
2020.61202    -22.45       0.87
2020.61475    -21.43       0.87
2020.61749    -19.38       0.87
2020.62022    -21.13       0.86
2020.62295    -20.08       0.86
2020.62568    -20.20       0.86
2020.62842    -20.49       0.86
2020.63115    -21.21       0.86
2020.63388    -20.33       0.84
2020.63661    -16.98       1.94
2020.63934    -20.10       0.97
2020.64208    -19.36       0.90
2020.64481    -19.68       0.85
2020.64754    -18.42       0.92
2020.65027    -23.34       0.89
2020.65301    -20.46       0.91
2020.65574    -20.15       0.86
2020.65847    -20.00       0.85
2020.66120    -20.57       0.87
2020.66393    -20.16       0.90
2020.66667    -21.08       0.88
2020.66940    -20.41       0.88
2020.67213    -20.03       0.87
2020.67486    -18.04       0.89
2020.67760    -22.43       0.86
2020.68033    -22.33       0.86
2020.68306    -21.23       0.86
2020.68579    -21.87       0.86
2020.68852    -21.32       0.85
2020.69126    -19.00       0.88
2020.69399    -20.41       0.92
2020.69672    -19.77       0.89
2020.69945    -22.83       0.90
2020.70219    -19.57       0.88
2020.70492    -21.89       0.92
2020.70765    -21.34       0.89
2020.71038    -21.35       0.88
2020.71311    -23.14       0.96
2020.71585    -19.88       0.88
2020.71858    -20.71       0.87
2020.72131    -20.39       0.87
2020.72404    -20.35       0.89
2020.72678    -22.08       0.89
2020.72951    -19.05       0.86
2020.73224    -19.43       0.87
2020.73497    -20.62       0.86
2020.73770    -20.73       0.88
2020.74044    -19.46       0.86
2020.74317    -21.00       0.85
2020.74590    -15.66       0.87
2020.74863    -18.30       0.88
2020.75137    -21.54       0.87
2020.75410    -22.07       0.87
2020.75683    -18.68       0.87
2020.75956    -20.06       0.88
2020.76230    -18.06       0.85
2020.76503    -19.53       0.86
2020.76776    -20.56       0.87
2020.77049    -19.14       0.86
2020.77322    -17.88       0.87
2020.77596    -19.43       0.87
2020.77869    -21.10       0.88
2020.78142    -21.20       0.89
2020.78415    -21.25       0.90
2020.78689    -20.03       0.88
2020.78962    -20.50       0.90
2020.79235    -19.98       0.87
2020.79508    -22.75       0.89
2020.79781    -20.25       0.89
2020.80055    -22.93       0.91
2020.80328    -22.52       0.91
2020.80601    -21.98       0.92
2020.80874    -19.51       0.87
2020.81148    -22.71       0.85
2020.81421    -19.34       0.86
2020.81694    -21.59       0.89
2020.81967    -21.93       0.88
2020.82240    -20.07       0.89
2020.82514    -22.31       0.88
2020.82787    -18.46       0.87
2020.83060    -20.52       0.89
2020.83333    -20.47       0.91
2020.83607    -17.96       0.85
2020.83880    -19.45       0.86
2020.84153    -20.80       0.85
2020.84426    -20.06       0.88
2020.84699    -25.26       0.88
2020.84973    -22.47       0.89
2020.85246    -21.08       0.87
2020.85519    -21.61       0.89
2020.85792    -20.57       0.89
2020.86066    -20.94       0.88
2020.86339    -20.24       0.87
2020.86612    -19.75       0.88
2020.86885    -19.08       0.87
2020.87158    -21.75       0.89
2020.87432    -20.88       0.92
2020.87705    -20.67       0.95
2020.87978    -21.22       0.92
2020.88251    -23.15       0.94
2020.88525    -22.97       0.93
2020.88798    -22.26       0.88
2020.89071    -21.91       0.89
2020.89344    -23.51       0.90
2020.89617    -24.34       0.97
2020.89891    -22.83       0.88
2020.90164    -20.23       0.89
2020.90437    -24.67       0.88
2020.90710    -21.38       0.89
2020.90984    -20.35       0.91
2020.91257    -18.82       0.91
2020.91530    -21.84       0.87
2020.91803    -19.48       0.87
2020.92077    -20.74       0.86
2020.92350    -21.25       0.87
2020.92623    -17.43       0.85
2020.92896    -17.11       0.84
2020.93169    -19.60       0.85
2020.93443    -19.52       0.87
2020.93716    -19.18       0.87
2020.93989    -19.97       0.88
2020.94262    -17.56       0.83
2020.94536    -18.70       0.84
2020.94809    -17.93       0.86
2020.95082    -20.99       0.83
2020.95355    -19.93       0.85
2020.95628    -19.16       0.83
2020.95902    -18.86       0.83
2020.96175    -19.86       0.86
2020.96448    -20.85       0.83
2020.96721    -18.15       0.83
2020.96995    -19.30       0.83
2020.97268    -21.04       0.84
2020.97541    -19.96       0.83
2020.97814    -19.07       0.85
2020.98087    -21.64       0.84
2020.98361    -18.74       0.81
2020.98634    -18.06       0.84
2020.98907    -17.00       0.83
2020.99180    -19.13       0.82
2020.99454    -19.22       0.82
2021.00000    -19.17       0.81
2021.00274    -19.08       0.82
2021.00548    -20.46       0.81
2021.00822    -19.36       0.83
2021.01096    -18.80       0.81
2021.01370    -19.46       0.80
2021.01644    -18.78       0.82
2021.01918    -19.59       0.90
2021.02192    -20.96       0.93
2021.02466    -21.56       0.82
2021.02740    -24.71       0.82
2021.03014    -22.88       0.82
2021.03288    -20.98       0.82
2021.03562    -22.14       0.84
2021.03836    -20.39       0.82
2021.04110    -19.81       0.82
2021.04384    -20.71       0.80
2021.04658    -22.82       0.82
2021.04932    -20.95       0.83
2021.05205    -22.08       0.86
2021.05479    -21.21       0.85
2021.05753    -20.75       0.87
2021.06027    -21.05       0.82
2021.06301    -21.15       0.83
2021.06575    -21.23       0.83
2021.06849    -21.68       0.82
2021.07123    -19.86       0.83
2021.07397    -22.23       0.89
2021.07671    -21.30       0.82
2021.07945    -20.38       0.83
2021.08219    -21.08       0.82
2021.08493    -22.08       0.83
2021.08767    -18.70       0.93
2021.09041    -22.47       0.82
2021.09315    -21.13       0.86
2021.09589    -22.92       0.86
2021.09863    -22.08       0.83
2021.10137    -20.58       0.83
2021.10411    -22.98       0.86
2021.10685    -22.34       0.83
2021.10959    -20.15       0.84
2021.11233    -21.16       0.83
2021.11507    -22.05       0.82
2021.11781    -19.58       0.82
2021.12055    -20.53       0.84
2021.12329    -21.23       0.85
2021.12603    -20.25       0.83
2021.12877    -20.29       0.83
2021.13151    -19.87       0.84
2021.13425    -18.73       0.91
2021.13973    -24.29       0.86
2021.14247    -22.19       0.82
