2012.00000    -44.92       3.91
2012.00273    -48.91       3.93
2012.00546    -45.88       3.91
2012.00820    -44.97       3.91
2012.01093    -49.20       3.92
2012.01366    -48.00       3.89
2012.01639    -45.65       3.93
2012.01913    -49.74       3.89
2012.02186    -53.82       3.91
2012.02459    -53.33       3.90
2012.02732    -48.15       4.03
2012.03005    -44.09       3.91
2012.03279    -44.89       3.93
2012.03552    -43.39       3.98
2012.03825    -41.28       3.90
2012.04098    -47.13       3.97
2012.04372    -40.28       3.97
2012.04645    -48.12       3.96
2012.04918    -38.01       3.96
2012.05191    -42.64       3.93
2012.05464    -43.15       3.94
2012.05738    -47.12       4.01
2012.06011    -47.22       4.05
2012.06284    -40.53       4.08
2012.06557    -43.89       3.95
2012.06831    -48.87       4.00
2012.07104    -48.58       3.96
2012.07377    -46.50       3.95
2012.07650    -41.59       3.97
2012.07923    -41.77       3.95
2012.08197    -42.18       3.95
2012.08470    -40.99       3.97
2012.08743    -46.73       4.07
2012.09016    -42.33       3.93
2012.09290    -40.04       3.95
2012.09563    -37.91       3.96
2012.09836    -45.53       4.04
2012.10109    -38.63       4.19
2012.10383    -42.05       3.88
2012.10656    -45.16       4.03
2012.10929    -40.60       4.03
2012.11202    -39.90       4.03
2012.11475    -41.59       4.00
2012.11749    -38.29       4.06
2012.12022    -50.16       4.06
2012.12295    -37.14       4.17
2012.12568    -37.76       4.02
2012.12842    -40.20       4.01
2012.13115    -45.84       4.07
2012.13388    -45.59       4.07
2012.13661    -36.58       4.04
2012.13934    -39.63       4.21
2012.14208    -31.89       4.12
2012.14481    -38.70       4.11
2012.14754    -25.41       4.15
2012.15027    -51.96       3.98
2012.15301    -40.11       3.94
2012.15574    -36.79       3.95
2012.15847    -42.16       4.03
2012.16120    -42.70       3.93
2012.16393    -41.30       4.09
2012.16667    -41.45       4.15
2012.16940    -42.24       3.92
2012.17213    -34.85       3.93
2012.17486    -35.27       4.04
2012.17760    -38.65       4.02
2012.18033    -44.75       3.99
2012.18306    -40.25       4.16
2012.18579    -38.01       4.04
2012.18852    -40.35       4.04
2012.19126    -43.39       3.99
2012.19399    -40.59       4.24
2012.19672    -47.23       3.90
2012.19945    -42.94       3.95
2012.21585    -38.99       4.56
2012.21858    -43.65       3.94
2012.22131    -36.66       3.96
2012.22404    -41.44       4.09
2012.22678    -47.32       4.05
2012.22951    -45.88       4.04
2012.23224    -52.97       4.22
2012.23497    -46.51       4.16
2012.23770    -42.98       3.98
2012.24044    -36.93       4.04
2012.24317    -41.29       4.16
2012.24590    -47.61       4.06
2012.24863    -40.02       4.02
2012.25137    -36.57       4.01
2012.25410    -33.99       4.02
2012.25683    -39.64       4.03
2012.25956    -48.98       3.96
2012.26230    -42.55       4.20
2012.26503    -45.19       4.14
2012.26776    -35.13       3.94
2012.27049    -40.75       4.15
2012.27322    -40.91       4.02
2012.27596    -39.59       4.01
2012.27869    -40.47       4.11
2012.28142    -36.21       3.98
2012.28415    -38.80       3.96
2012.28689    -44.95       3.96
2012.28962    -43.36       4.17
2012.29235    -36.23       4.02
2012.29508    -42.72       4.01
2012.29781    -43.24       4.10
2012.30055    -36.32       4.14
2012.30328    -31.53       4.21
2012.30601    -32.80       4.01
2012.30874    -36.68       4.15
2012.31148    -39.51       4.11
2012.31421    -41.58       4.36
2012.31694    -39.95       4.10
2012.31967    -38.64       4.20
2012.32240    -39.14       9.96
2012.33060    -34.13       4.54
2012.33333    -35.27       4.71
2012.33607    -32.40       4.38
2012.34699    -34.21       4.60
2012.34973    -34.23       4.09
2012.35246    -40.54       4.05
2012.35519    -34.79       4.51
2012.36612    -44.75       4.79
2012.36885    -38.84       4.01
2012.37158    -40.00       4.03
2012.37432    -38.00       4.03
2012.37705    -29.56       4.06
2012.37978    -33.24       4.46
2012.38251    -37.52       4.18
2012.38525    -42.54       4.10
2012.38798    -43.80       4.16
2012.39071    -41.06       4.09
2012.39344    -43.03       4.15
2012.39617    -42.75       4.09
2012.39891    -41.50       3.97
2012.40164    -35.28       4.18
2012.40437    -35.30       4.02
2012.40710    -32.22       4.23
2012.40984    -43.54       4.16
2012.41257    -45.42       3.98
2012.41530    -37.54       4.02
2012.41803    -37.46       4.00
2012.42077    -38.25       4.29
2012.43169    -34.18       4.62
2012.43443    -26.89       4.07
2012.43716    -35.94       4.33
2012.43989    -30.97       4.19
2012.44809    -22.96       4.44
2012.45082    -44.18       4.20
2012.45355    -47.99       4.05
2012.45628    -31.50       3.96
2012.45902    -29.99       4.36
2012.46175    -37.83       4.14
2012.46448    -32.39       4.91
2012.46995    -39.09       4.72
2012.47268    -41.36       4.21
2012.47541    -38.48       4.27
2012.47814    -43.30       4.11
2012.48087    -35.69       4.07
2012.48361    -38.64       3.94
2012.48634    -39.27       4.11
2012.48907    -39.08       4.11
2012.49180    -35.07       4.17
2012.49454    -43.25       4.10
2012.49727    -35.06       4.00
2012.50000    -39.06       4.17
2012.50273    -40.06       4.04
2012.50546    -29.13       4.03
2012.50820    -25.83       4.19
2012.51093    -37.82       4.09
2012.51366    -41.48       3.98
2012.51639    -31.79       4.13
2012.51913    -25.31       4.14
2012.52186    -32.40       4.09
2012.52459    -40.60       3.95
2012.52732    -37.70       3.96
2012.53005    -39.26       4.11
2012.53279    -31.89       4.38
2012.53552    -43.66       4.46
2012.53825    -37.68       4.11
2012.54098    -35.61       4.09
2012.54372    -40.50       4.10
2012.54645    -38.03       4.23
2012.54918    -36.63       4.04
2012.55191    -39.65       4.16
2012.55464    -35.30       4.12
2012.55738    -35.79       4.12
2012.56011    -33.21       4.15
2012.56284    -34.43       8.10
2012.56831    -41.74       4.64
2012.57104    -33.00       4.01
2012.57377    -27.08       4.13
2012.57650    -30.31       4.07
2012.57923    -39.32       4.13
2012.58197    -26.79       5.07
2012.60109    -35.47       4.56
2012.60383    -34.64       4.16
2012.60656    -27.42       4.30
2012.60929    -41.10       4.09
2012.61202    -39.13       4.00
2012.61475    -32.52       4.03
2012.61749    -35.85       4.09
2012.62022    -42.30       4.09
2012.62295    -37.77       4.15
2012.62568    -49.17       4.16
2012.62842    -37.63       4.08
2012.63115    -41.85       4.41
2012.63388    -41.45       4.07
2012.63661    -35.50       4.22
2012.63934    -36.88       4.24
2012.64208    -39.65       4.32
2012.64481    -40.72       4.25
2012.64754    -37.90       4.25
2012.65027    -45.68       4.18
2012.65301    -39.29       4.19
2012.65574    -42.40       6.10
2012.65847    -41.78       5.01
2012.66120    -38.30       6.11
2012.69126    -40.00       5.30
2012.69399    -42.95       4.25
2012.69672    -45.42       4.31
2012.69945    -41.61       4.44
2012.70219    -40.02       4.22
2012.70492    -50.34       3.94
2012.70765    -45.30       4.00
2012.71038    -41.39       4.09
2012.71311    -39.36       4.07
2012.71585    -39.79       4.06
2012.71858    -41.20       3.98
2012.72131    -38.66       4.14
2012.72404    -35.84       4.11
2012.72678    -42.21       4.27
2012.72951    -34.73       4.39
2012.73224    -48.82       4.22
2012.73497    -42.13       4.30
2012.73770    -48.24       3.77
2012.74044    -48.08       3.57
2012.74317    -50.72       3.41
2012.74590    -52.46       3.40
2012.74863    -46.62       3.35
2012.75137    -45.77       3.36
2012.75410    -46.40       3.40
2012.75683    -46.99       3.40
2012.75956    -50.85       3.29
2012.76230    -45.58       3.37
2012.76503    -50.39       3.29
2012.76776    -47.14       3.31
2012.77049    -48.00       3.30
2012.77322    -39.76       3.34
2012.77596    -44.34       3.41
2012.77869    -48.43       3.31
2012.78142    -53.49       3.30
2012.78415    -47.18       3.35
2012.78689    -47.61       3.29
2012.78962    -48.14       3.39
2012.79235    -43.35       3.35
2012.79508    -42.05       3.50
2012.79781    -45.58       3.46
2012.80055    -47.54       3.37
2012.80328    -41.51       3.29
2012.80601    -38.14       3.28
2012.80874    -38.23       3.36
2012.81148    -42.50       3.37
2012.81421    -41.81       3.56
2012.81694    -42.89       3.61
2012.81967    -35.49       3.39
2012.82240    -37.79       3.37
2012.82514    -45.40       3.43
2012.82787    -42.51       3.47
2012.83060    -37.94       3.47
2012.83333    -40.98       3.39
2012.83607    -40.35       3.39
2012.83880    -43.06       3.49
2012.84153    -46.48       3.40
2012.84426    -42.39       3.33
2012.84699    -44.17       3.35
2012.84973    -40.45       3.36
2012.85246    -41.96       3.39
2012.85519    -42.62       3.36
2012.85792    -41.50       3.37
2012.86066    -43.61       3.29
2012.86339    -38.62       3.35
2012.86612    -39.95       3.40
2012.86885    -44.39       3.34
2012.87158    -42.67       3.42
2012.87432    -43.01       3.41
2012.87705    -36.67       3.30
2012.87978    -44.90       3.31
2012.88251    -40.92       3.36
2012.88525    -44.66       3.37
2012.88798    -41.29       3.42
2012.89071    -44.42       3.33
2012.89344    -40.47       3.48
2012.89617    -45.39       3.31
2012.89891    -38.88       3.30
2012.90164    -35.67       3.34
2012.90437    -39.80       3.34
2012.90710    -46.04       3.38
2012.90984    -42.42       3.36
2012.91257    -43.64       3.37
2012.91530    -37.77       3.40
2012.91803    -43.18       3.41
2012.92077    -37.64       3.31
2012.92350    -42.97       3.29
2012.92623    -46.29       3.37
2012.92896    -48.10       3.35
2012.93169    -50.82       3.33
2012.93443    -39.48       3.31
2012.93716    -47.81       3.32
2012.93989    -47.72       3.23
2012.94262    -48.96       3.24
2012.94536    -47.29       3.38
2012.94809    -44.87       3.39
2012.95082    -44.43       3.29
2012.95355    -47.16       3.25
2012.95628    -48.06       3.28
2012.95902    -40.65       3.38
2012.96175    -47.89       3.32
2012.96448    -52.68       3.23
2012.96721    -47.40       3.28
2012.96995    -46.98       3.33
2012.97268    -44.78       3.28
2012.97541    -40.83       3.32
2012.97814    -42.85       3.24
2012.98087    -44.47       3.25
2012.98361    -50.78       3.24
2012.98634    -42.60       3.27
2012.98907    -40.43       3.25
2012.99180    -46.94       3.43
2012.99454    -41.11       3.26
2012.99727    -42.97       3.24
2013.00000    -47.87       3.30
2013.00274    -42.20       3.36
2013.00548    -46.58       3.33
2013.00822    -44.14       3.24
2013.01096    -45.41       3.21
2013.01370    -40.86       3.26
2013.01644    -44.44       3.23
2013.01918    -40.64       3.33
2013.02192    -35.70       3.28
2013.02466    -44.96       3.33
2013.02740    -45.06       3.27
2013.03014    -36.18       3.45
2013.03288    -43.21       3.33
2013.03562    -48.32       3.21
2013.03836    -47.09       3.27
2013.04110    -47.21       3.41
2013.04384    -42.03       3.29
2013.04658    -48.38       3.27
2013.04932    -44.69       3.20
2013.05205    -42.20       3.23
2013.05479    -39.01       3.24
2013.05753    -36.94       3.32
2013.06027    -43.52       3.24
2013.06301    -37.01       3.36
2013.06575    -41.39       3.24
2013.06849    -44.56       3.21
2013.07123    -46.73       3.19
2013.07397    -46.75       3.19
2013.07671    -46.91       3.18
2013.07945    -45.41       3.24
2013.08219    -37.23       3.27
2013.08493    -45.74       3.35
2013.08767    -38.69       3.25
2013.09041    -37.93       3.23
2013.09315    -42.25       3.19
2013.09589    -38.47       3.40
2013.09863    -40.22       3.49
2013.10137    -42.59       3.26
2013.10411    -49.31       3.14
2013.10685    -41.46       3.15
2013.10959    -41.78       3.28
2013.11233    -41.33       3.17
2013.11507    -41.48       3.28
2013.11781    -41.61       3.39
2013.12055    -35.49       3.19
2013.12329    -43.50       3.22
2013.12603    -38.82       3.24
2013.12877    -40.35       3.13
2013.13151    -40.83       3.21
2013.13425    -41.27       3.14
2013.13699    -39.82       3.25
2013.13973    -43.82       3.28
2013.14247    -42.95       3.36
2013.14521    -39.72       3.43
2013.14795    -39.65       3.14
2013.15068    -40.46       3.22
2013.15342    -39.28       3.19
2013.15616    -40.39       3.17
2013.15890    -39.74       3.15
2013.16164    -45.27       3.14
2013.16438    -41.48       3.27
2013.16712    -48.62       3.20
2013.16986    -46.35       3.19
2013.17260    -38.31       3.27
2013.17534    -43.28       3.37
2013.17808    -39.43       3.42
2013.18082    -37.12       3.36
2013.18356    -43.05       3.27
2013.18630    -43.38       3.30
2013.18904    -42.50       3.35
2013.19178    -39.23       3.46
2013.19452    -39.85       3.40
2013.19726    -46.30       3.32
2013.20000    -45.39       3.36
2013.20274    -40.80       3.22
2013.20548    -41.15       3.32
2013.20822    -37.65       3.30
2013.21096    -34.90       3.27
2013.21370    -41.30       3.34
2013.21644    -32.58       3.27
2013.21918    -39.53       3.35
2013.22192    -40.24       3.35
2013.22466    -42.04       3.58
2013.22740    -37.64       3.26
2013.23014    -38.99       3.42
2013.23288    -37.51       3.38
2013.23562    -35.56       3.46
2013.23836    -40.32       3.33
2013.24110    -34.16       3.34
2013.24384    -45.44       3.34
2013.24658    -42.79       3.32
2013.24932    -37.68       3.36
2013.25205    -30.86       3.60
2013.25479    -30.37       3.58
2013.25753    -32.53       3.92
2013.26027    -33.22       3.55
2013.26301    -42.20       3.49
2013.26575    -41.65       3.61
2013.26849    -29.88       3.60
2013.27123    -37.30       3.68
2013.27397    -41.45       3.45
2013.27671    -35.64       3.43
2013.27945    -33.98       3.34
2013.28219    -39.63       3.34
2013.28493    -39.22       3.41
2013.28767    -35.18       3.77
2013.29041    -41.90       3.51
2013.29315    -36.87       3.63
2013.29589    -37.26       3.52
2013.29863    -39.69       3.44
2013.30137    -38.33       3.36
2013.30411    -38.38       3.39
2013.30685    -37.09       3.39
2013.30959    -38.70       3.35
2013.31233    -33.41       3.36
2013.31507    -34.83       3.37
2013.31781    -42.22       3.55
2013.32055    -38.86       3.41
2013.32329    -38.79       3.45
2013.32603    -40.40       3.55
2013.32877    -33.88       3.40
2013.33151    -37.07       3.43
2013.33425    -33.74       3.33
2013.33699    -31.13       3.40
2013.33973    -31.14       3.44
2013.34247    -37.65       3.38
2013.34521    -34.81       3.36
2013.34795    -38.23       3.35
2013.35068    -37.85       3.40
2013.35342    -25.88       3.71
2013.35616    -35.30       3.43
2013.35890    -26.59       3.54
2013.36164    -35.84       3.49
2013.36438    -33.33       3.60
2013.36712    -33.10       3.46
2013.36986    -42.84       3.52
2013.37260    -40.88       3.46
2013.37534    -29.98       3.57
2013.37808    -33.68       3.57
2013.38082    -45.09       3.70
2013.38356    -35.48       3.49
2013.38630    -31.18       3.44
2013.38904    -49.04       3.45
2013.39178    -36.08       3.45
2013.39452    -38.68       3.35
2013.39726    -34.59       3.39
2013.40000    -35.54       3.44
2013.40274    -36.31       3.29
2013.40548    -31.13       3.28
2013.40822    -34.16       3.39
2013.41096    -40.68       3.24
2013.41370    -38.44       3.30
2013.41644    -37.27       3.25
2013.41918    -34.47       3.55
2013.42192    -40.23       3.48
2013.42466    -34.82       3.34
2013.42740    -45.21       3.33
2013.43014    -33.62       3.29
2013.43288    -35.72       3.43
2013.43562    -35.67       3.48
2013.43836    -39.91       3.50
2013.44110    -39.23       3.42
2013.44384    -41.08       3.56
2013.44658    -31.34       3.35
2013.44932    -40.78       3.34
2013.45205    -32.47       3.31
2013.45479    -27.21       3.46
2013.45753    -31.99       3.50
2013.46027    -33.56       3.45
2013.46301    -39.73       3.42
2013.46575    -32.93       3.45
2013.46849    -39.81       3.35
2013.47123    -27.26       3.41
2013.47397    -24.23       3.61
2013.47671    -42.58       3.38
2013.47945    -38.21       3.35
2013.48219    -42.11       3.32
2013.48493    -41.03       3.17
2013.48767    -39.34       3.26
2013.49041    -33.14       3.37
2013.49315    -34.11       3.33
2013.49589    -30.34       3.30
2013.49863    -38.00       3.45
2013.50137    -21.45       3.54
2013.50411    -35.95       3.39
2013.50685    -31.73       3.61
2013.50959    -42.72       3.42
2013.51233    -25.17       3.53
2013.51507    -27.13       3.34
2013.51781    -29.46       3.40
2013.52055    -28.03       3.37
2013.52329    -44.44       3.53
2013.52603    -33.58       3.66
2013.52877    -41.01       3.64
2013.53151    -34.75       3.30
2013.53425    -40.96       3.30
2013.53699    -35.84       3.39
2013.53973    -36.91       3.39
2013.54247    -33.39       3.29
2013.54521    -35.49       3.26
2013.54795    -31.57       3.34
2013.55068    -24.62       3.32
2013.55342    -35.14       3.35
2013.55616    -35.81       3.28
2013.55890    -31.89       3.66
2013.56164    -25.51       3.49
2013.56438    -29.66       3.26
2013.56712    -38.59       3.41
2013.56986    -37.08       3.35
2013.57260    -32.71       3.30
2013.57534    -34.96       3.31
2013.57808    -32.86       3.48
2013.58082    -34.85       3.38
2013.58356    -37.27       3.33
2013.58630    -32.14       3.45
2013.58904    -43.80       3.41
2013.59178    -37.93       3.39
2013.59452    -44.70       3.32
2013.59726    -31.80       3.41
2013.60000    -34.95       3.31
2013.60274    -37.44       3.45
2013.60548    -30.65       3.67
2013.60822    -41.16       3.33
2013.61096    -37.93       3.36
2013.61370    -33.00       3.52
2013.61644    -40.60       3.36
2013.61918    -46.26       3.41
2013.62192    -29.75       3.60
2013.62466    -46.86       3.57
2013.62740    -28.83       3.43
2013.63014    -35.87       3.44
2013.63288    -35.18       3.54
2013.63562    -28.66       3.41
2013.63836    -26.90       3.79
2013.64110    -36.71       3.36
2013.64384    -36.48       3.34
2013.64658    -42.66       3.37
2013.64932    -37.48       3.42
2013.65205    -38.39       3.43
2013.65479    -37.75       3.63
2013.65753    -53.65       4.03
2013.66027    -45.36       3.69
2013.66301    -42.07       3.52
2013.66575    -51.05       3.55
2013.66849    -45.45       3.28
2013.67123    -43.50       3.39
2013.67397    -40.79       3.50
2013.67671    -42.32       3.27
2013.67945    -53.15       3.31
2013.68219    -48.13       3.31
2013.68493    -43.38       3.29
2013.68767    -39.75       3.43
2013.69041    -42.61       3.47
2013.69315    -39.44       3.35
2013.69589    -43.85       3.39
2013.69863    -42.47       3.34
2013.70137    -39.18       3.40
2013.70411    -34.31       3.44
2013.70685    -34.06       3.55
2013.70959    -35.69       3.39
2013.71233    -38.98       3.39
2013.71507    -32.95       3.53
2013.71781    -38.16       3.40
2013.72055    -25.24       3.51
2013.72329    -37.86       3.37
2013.72603    -42.28       3.51
2013.72877    -45.08       3.46
2013.73151    -30.16       3.54
2013.73425    -45.98       3.47
2013.73699    -40.98       3.30
2013.73973    -36.52       3.37
2013.74247    -44.16       3.61
2013.74521    -34.12       3.70
2013.74795    -49.54       3.31
2013.75068    -40.30       3.31
2013.75342    -41.52       3.41
2013.75616    -46.71       3.36
2013.75890    -41.69       3.39
2013.76164    -42.40       3.26
2013.76438    -41.82       3.32
2013.76712    -43.42       3.28
2013.76986    -41.19       3.32
2013.77260    -33.21       3.53
2013.77534    -30.66       3.31
2013.77808    -40.15       3.40
2013.78082    -33.06       3.44
2013.78356    -34.12       3.55
2013.78630    -42.20       3.35
2013.78904    -37.32       3.28
2013.79178    -36.13       3.34
2013.79452    -39.22       3.33
2013.79726    -37.24       3.35
2013.80000    -40.62       3.36
2013.80274    -41.69       3.37
2013.80548    -37.56       3.26
2013.80822    -35.98       3.27
2013.81096    -40.67       3.25
2013.81370    -47.17       3.30
2013.81644    -45.48       3.22
2013.81918    -38.01       3.28
2013.82192    -37.46       3.29
2013.82466    -39.05       3.44
2013.82740    -41.77       3.24
2013.83014    -34.63       3.52
2013.83288    -34.94       3.42
2013.83562    -35.20       3.43
2013.83836    -41.40       3.37
2013.84110    -38.89       3.33
2013.84384    -41.60       3.34
2013.84658    -40.76       3.31
2013.84932    -38.79       3.35
2013.85205    -38.78       3.38
2013.85479    -33.80       3.31
2013.85753    -38.17       3.30
2013.86027    -41.82       3.27
2013.86301    -35.73       3.28
2013.86575    -38.54       3.23
2013.86849    -43.55       3.26
2013.87123    -41.61       3.28
2013.87397    -31.63       3.28
2013.87671    -40.91       3.28
2013.87945    -37.23       3.33
2013.88219    -39.50       3.41
2013.88493    -42.35       3.29
2013.88767    -38.29       3.32
2013.89041    -39.11       3.33
2013.89315    -40.72       3.30
2013.89589    -38.66       3.33
2013.89863    -34.68       3.42
2013.90137    -39.84       3.33
2013.90411    -42.97       3.27
2013.90685    -39.35       3.29
2013.90959    -44.62       3.23
2013.91233    -39.43       3.32
2013.91507    -39.79       3.20
2013.91781    -37.75       3.32
2013.92055    -37.41       3.27
2013.92329    -36.63       3.26
2013.92603    -38.22       3.35
2013.92877    -32.82       3.26
2013.93151    -38.61       3.23
2013.93425    -34.01       3.28
2013.93699    -33.02       3.33
2013.93973    -37.68       3.34
2013.94247    -37.64       3.31
2013.94521    -31.75       3.43
2013.94795    -37.59       3.48
2013.95068    -36.92       3.26
2013.95342    -41.06       3.25
2013.95616    -33.68       3.38
2013.95890    -39.06       3.39
2013.96164    -41.02       3.28
2013.96438    -36.48       3.34
2013.96712    -38.50       3.32
2013.96986    -39.62       3.32
2013.97260    -42.96       3.28
2013.97534    -38.33       3.38
2013.97808    -37.36       3.38
2013.98082    -36.70       3.33
2013.98356    -36.65       3.31
2013.98630    -38.10       3.28
2013.98904    -37.67       3.25
2013.99178    -33.29       3.26
2013.99452    -33.38       3.25
2013.99726    -39.79       3.33
2014.00000    -34.57       3.32
2014.00274    -30.09       3.39
2014.00548    -37.95       3.28
2014.00822    -31.93       3.27
2014.01096    -30.62       3.37
2014.01370    -37.07       3.36
2014.01644    -37.80       3.38
2014.01918    -41.08       3.30
2014.02192    -37.83       3.40
2014.02466    -35.78       3.45
2014.02740    -40.00       3.32
2014.03014    -32.79       3.43
2014.03288    -39.41       3.32
2014.03562    -43.17       3.28
2014.03836    -39.40       3.25
2014.04110    -34.94       3.32
2014.04384    -36.06       3.33
2014.04658    -44.41       3.27
2014.04932    -37.92       3.28
2014.05205    -37.28       3.28
2014.05479    -39.26       3.26
2014.05753    -36.93       3.21
2014.06027    -39.04       3.24
2014.06301    -30.99       3.38
2014.06575    -33.82       3.35
2014.06849    -41.29       3.33
2014.07123    -35.84       3.27
2014.07397    -38.80       3.32
2014.07671    -36.32       3.31
2014.07945    -39.87       3.24
2014.08219    -36.09       3.28
2014.08493    -33.09       3.42
2014.08767    -24.27       3.58
2014.09041    -35.41       3.38
2014.09315    -32.97       3.34
2014.09589    -35.80       3.32
2014.09863    -29.95       3.40
2014.10137    -38.49       3.27
2014.10411    -37.67       3.28
2014.10685    -36.42       3.39
2014.10959    -44.89       3.57
2014.11233    -34.45       3.31
2014.11507    -41.68       3.28
2014.11781    -43.48       3.29
2014.12055    -38.38       3.32
2014.12329    -37.71       3.25
2014.12603    -41.41       3.29
2014.12877    -34.50       3.35
2014.13151    -43.54       3.44
2014.13425    -37.19       3.33
2014.13699    -45.22       3.34
2014.13973    -38.19       3.35
2014.14247    -38.96       3.36
2014.14521    -41.84       3.46
2014.14795    -41.95       3.44
2014.15068    -42.41       3.56
2014.15342    -39.45       3.72
2014.15616    -36.57       3.83
2014.15890    -42.62       3.78
2014.16164    -33.12       3.71
2014.16438    -37.97       3.59
2014.16712    -38.22       3.47
2014.16986    -39.19       3.43
2014.17260    -36.89       3.62
2014.17534    -43.04       3.52
2014.17808    -45.85       3.78
2014.18082    -42.56       3.89
2014.18356    -34.58       3.97
2014.18630    -36.81       3.47
2014.18904    -42.01       3.64
2014.19178    -37.46       3.93
2014.19452    -44.03       3.65
2014.19726    -43.10       3.71
2014.20000    -42.09       3.56
2014.20274    -37.88       3.62
2014.20548    -39.34       3.64
2014.20822    -37.19       3.62
2014.21096    -40.38       3.80
2014.21370    -33.83       3.76
2014.21644    -39.21       3.37
2014.21918    -36.67       3.40
2014.22192    -37.33       3.46
2014.22466    -41.11       3.51
2014.22740    -30.67       3.45
2014.23014    -37.74       3.54
2014.23288    -30.92       3.47
2014.23562    -34.70       3.63
2014.23836    -38.25       3.60
2014.24110    -32.85       3.63
2014.24384    -52.19       3.83
2014.24658    -33.08       3.79
2014.24932    -20.51       3.90
2014.25205    -35.17       3.46
2014.25479    -41.66       3.54
2014.25753    -41.64       3.37
2014.26027    -29.03       3.63
2014.26301    -34.36       3.39
2014.26575    -42.96       3.48
2014.26849    -42.00       3.44
2014.27123    -40.94       3.70
2014.27397    -33.36       3.53
2014.27671    -33.96       3.32
2014.27945    -37.75       3.45
2014.28219    -43.54       3.41
2014.28493    -41.45       3.47
2014.28767    -37.02       3.64
2014.29041    -34.32       3.46
2014.29315    -32.93       3.53
2014.29589    -27.26       3.42
2014.29863    -39.26       3.52
2014.30137    -33.35       3.36
2014.30411    -30.28       3.36
2014.30685    -41.12       3.37
2014.30959    -34.32       3.37
2014.31233    -36.33       3.39
2014.31507    -35.02       3.39
2014.31781    -31.24       3.38
2014.32055    -34.75       3.39
2014.32329    -38.71       3.47
2014.32603    -39.44       3.51
2014.32877    -30.76       3.45
2014.33151    -27.32       3.40
2014.33425    -30.60       3.38
2014.33699    -33.49       3.49
2014.33973    -37.69       3.36
2014.34247    -33.65       3.38
2014.34521    -31.91       3.40
2014.34795    -32.49       3.39
2014.35068    -30.81       3.44
2014.35342    -30.98       3.32
2014.35616    -27.80       3.37
2014.35890    -22.41       3.44
2014.36164    -18.87       3.52
2014.36438    -22.86       3.39
2014.36712    -28.63       3.64
2014.36986    -40.50       3.47
2014.37260    -37.20       3.34
2014.37534    -31.92       3.41
2014.37808    -30.36       3.59
2014.38082    -42.25       4.02
2014.38356    -24.94       3.54
2014.38630    -31.06       3.56
2014.38904    -31.32       3.66
2014.39178    -31.89       3.59
2014.39452    -34.49       3.44
2014.39726    -38.64       3.63
2014.40000    -29.08       3.47
2014.40274    -36.20       3.58
2014.40548    -30.15       3.57
2014.40822    -33.19       3.44
2014.41096    -33.17       3.40
2014.41370    -34.36       3.44
2014.41644    -33.72       3.52
2014.41918    -34.62       3.63
2014.42192    -32.07       3.56
2014.42466    -18.49       3.54
2014.42740    -19.01       3.43
2014.43014    -30.00       3.42
2014.43288    -27.37       3.49
2014.43562    -21.17       3.48
2014.43836    -30.38       3.35
2014.44110    -20.53       3.52
2014.44384    -35.01       3.53
2014.44658    -31.24       3.53
2014.44932    -27.58       3.49
2014.45205    -33.67       3.49
2014.45479    -31.90       3.54
2014.45753    -29.05       3.45
2014.46027    -33.71       3.43
2014.46301    -28.85       3.46
2014.46575    -30.13       3.49
2014.46849    -31.39       3.51
2014.47123    -25.14       3.43
2014.47397    -17.75       3.57
2014.47671    -25.36       3.54
2014.47945    -36.34       3.72
2014.48219    -40.10       3.50
2014.48493    -26.99       3.43
2014.48767    -25.52       3.64
2014.49041    -32.37       3.36
2014.49315    -33.12       3.39
2014.49589    -29.98       3.38
2014.49863    -27.33       3.36
2014.50137    -28.50       3.53
2014.50411    -28.02       3.63
2014.50685    -20.72       3.55
2014.50959    -23.41       3.40
2014.51233    -29.55       3.66
2014.51507    -34.20       3.45
2014.51781    -27.31       3.49
2014.52055    -25.70       3.57
2014.52329    -32.75       3.33
2014.52603    -32.25       3.34
2014.52877    -35.02       3.42
2014.53151    -40.45       3.44
2014.53425    -31.53       3.46
2014.53699    -33.82       3.39
2014.53973    -13.84       3.78
2014.54247    -31.01       3.55
2014.54521    -37.51       3.63
2014.54795    -28.75       3.47
2014.55068    -20.11       3.43
2014.55342    -20.35       3.73
2014.55616    -36.51       3.79
2014.55890    -42.23       3.61
2014.56164    -38.19       3.37
2014.56438    -37.24       3.74
2014.56986    -33.39       3.70
2014.83836    -40.76       3.72
2014.84110    -39.39       3.34
2014.84384    -34.77       3.38
2014.84658    -39.66       3.41
2014.84932    -36.25       3.40
2014.85205    -39.74       3.43
2014.85479    -42.92       3.42
2014.85753    -36.40       3.49
2014.86027    -39.01       3.46
2014.86301    -39.32       3.37
2014.86575    -38.30       3.35
2014.86849    -38.12       3.37
2014.87123    -40.78       3.42
2014.87397    -42.22       3.60
2014.87671    -44.20       3.52
2014.87945    -43.92       3.43
2014.88219    -40.64       3.36
2014.88493    -32.81       3.48
2014.88767    -31.89       3.57
2014.89041    -36.72       3.54
2014.89315    -36.87       3.44
2014.89589    -35.51       3.40
2014.89863    -37.01       3.51
2014.90137    -36.14       3.41
2014.90411    -42.69       3.38
2014.90685    -36.74       3.42
2014.90959    -33.39       3.42
2014.91233    -39.36       3.51
2014.91507    -33.74       3.42
2014.91781    -37.59       3.38
2014.92055    -43.06       3.45
2014.92329    -37.74       3.45
2014.92603    -39.65       3.37
2014.92877    -32.61       3.34
2014.93151    -39.52       3.42
2014.93425    -40.53       3.39
2014.93699    -38.67       3.35
2014.93973    -34.07       3.37
2014.94247    -39.93       3.38
2014.94521    -36.93       3.34
2014.94795    -40.76       3.33
2014.95068    -37.10       3.29
2014.95342    -36.38       3.33
2014.95616    -39.48       3.36
2014.95890    -42.03       3.32
2014.96164    -41.46       3.37
2014.96438    -34.91       3.38
2014.96712    -38.59       3.33
2014.96986    -36.03       3.29
2014.97260    -41.96       3.28
2014.97534    -38.10       3.31
2014.97808    -34.27       3.36
2014.98082    -39.26       3.42
2014.98356    -37.60       3.38
2014.98630    -35.87       3.36
2014.98904    -34.89       3.31
2014.99178    -37.43       3.33
2014.99452    -37.18       3.33
2014.99726    -42.62       3.35
2015.00000    -40.45       3.32
2015.00274    -37.83       3.32
2015.00548    -36.18       3.29
2015.00822    -35.39       3.40
2015.01096    -34.18       3.35
2015.01370    -33.13       3.36
2015.01644    -34.34       3.44
2015.01918    -37.12       3.36
2015.02192    -41.92       3.50
2015.02466    -36.97       3.35
2015.02740    -41.09       3.36
2015.03014    -39.15       3.31
2015.03288    -38.62       3.44
2015.03562    -39.67       3.34
2015.03836    -36.32       3.33
2015.04110    -38.10       3.35
2015.04384    -43.45       3.40
2015.04658    -38.87       3.35
2015.04932    -31.00       3.40
2015.05205    -37.68       3.35
2015.05479    -40.74       3.34
2015.05753    -37.00       3.32
2015.06027    -36.27       3.32
2015.06301    -32.02       3.41
2015.06575    -31.63       3.39
2015.06849    -33.38       3.34
2015.07123    -31.37       3.35
2015.07397    -36.27       3.36
2015.07671    -38.08       3.29
2015.07945    -31.60       3.37
2015.08219    -35.44       3.37
2015.08493    -38.60       3.29
2015.08767    -38.67       3.35
2015.09041    -33.10       3.38
2015.09315    -32.87       3.36
2015.09589    -35.69       3.39
2015.09863    -34.98       3.47
2015.10137    -40.96       3.39
2015.10411    -34.66       3.34
2015.10685    -35.53       3.35
2015.10959    -33.88       3.62
2015.11233    -31.48       3.49
2015.11507    -30.57       3.38
2015.11781    -31.31       3.40
2015.12055    -24.50       3.78
2015.12329    -28.36       3.53
2015.12603    -29.45       3.45
2015.12877    -34.46       3.39
2015.13151    -35.10       3.34
2015.13425    -29.79       3.49
2015.13699    -33.02       3.36
2015.13973    -28.37       3.46
2015.14247    -31.49       3.39
2015.14521    -32.86       3.39
2015.14795    -28.22       3.37
2015.15068    -30.11       3.35
2015.15342    -27.88       3.51
2015.15616    -30.36       3.49
2015.15890    -37.32       3.36
2015.16164    -34.87       3.33
2015.16438    -29.79       3.35
2015.16712    -26.59       3.48
2015.16986    -28.19       3.47
2015.17260    -23.74       3.63
2015.17534    -29.51       3.54
2015.17808    -30.62       3.35
2015.18082    -28.69       3.45
2015.18356    -31.79       3.51
2015.18630    -31.80       3.31
2015.18904    -24.47       3.51
2015.19178    -23.99       3.59
2015.19452    -30.50       3.68
2015.19726    -30.88       3.75
2015.20000    -25.42       3.48
2015.20274    -21.05       3.70
2015.20548    -20.25       3.44
2015.20822    -25.62       3.38
2015.21096    -27.95       3.40
2015.21370    -31.18       3.46
2015.21644    -24.01       3.38
2015.21918    -25.36       3.43
2015.22192    -31.70       3.42
2015.22466    -31.81       3.40
2015.22740    -36.77       3.41
2015.23014    -27.28       3.46
2015.23288    -28.52       3.49
2015.23562    -29.84       3.44
2015.23836    -28.73       3.51
2015.24110    -22.14       3.57
2015.24384    -26.03       3.63
2015.24658    -22.81       3.72
2015.24932    -13.05       3.58
2015.25205    -15.73       3.66
2015.25479    -18.26       3.70
2015.25753    -20.13       3.53
2015.26027    -19.17       4.00
2015.26301    -21.34       3.71
2015.26575    -26.37       3.63
2015.26849    -22.05       3.47
2015.27123    -26.08       3.41
2015.27397    -28.12       3.42
2015.27671    -22.44       3.43
2015.27945    -21.12       3.40
2015.28219    -28.15       3.34
2015.28493    -27.86       3.48
2015.28767    -24.95       3.51
2015.29041    -22.15       3.47
2015.29315    -18.78       3.44
2015.29589    -16.97       3.46
2015.29863    -23.78       3.57
2015.30137    -16.95       3.62
2015.30411    -23.33       3.41
2015.30685    -23.20       3.49
2015.30959    -24.02       3.32
2015.31233    -24.13       3.45
2015.31507    -22.44       3.42
2015.31781    -25.98       3.40
2015.32055    -19.72       3.31
2015.32329    -20.78       3.37
2015.32603    -26.46       3.52
2015.32877    -23.73       3.47
2015.33151    -27.11       3.36
2015.33425    -27.33       3.37
2015.33699    -21.83       3.54
2015.33973    -19.47       3.43
2015.34247    -26.76       3.36
2015.34521    -26.96       3.39
2015.34795    -22.12       3.53
2015.35068    -27.41       3.47
2015.35342    -24.72       3.58
2015.35616    -25.74       3.53
2015.35890    -14.94       3.61
2015.36164    -29.03       3.43
2015.36438    -24.13       3.43
2015.36712    -20.63       3.44
2015.36986    -27.38       3.45
2015.37260    -26.74       3.37
2015.37534    -29.74       3.40
2015.37808    -25.94       3.61
2015.38082    -25.48       3.58
2015.38356    -31.26       3.44
2015.38630    -36.43       3.40
2015.38904    -21.48       3.39
2015.39178    -33.26       3.47
2015.39452    -39.55       3.43
2015.39726    -33.43       3.46
2015.40000    -27.25       3.43
2015.40274    -32.11       3.48
2015.40548    -33.11       3.38
2015.40822    -33.41       3.51
2015.41096    -22.57       3.41
2015.41370    -35.05       3.39
2015.41644    -38.32       3.42
2015.41918    -32.58       3.42
2015.42192    -30.80       3.45
2015.42466    -37.06       3.48
2015.42740    -24.65       3.48
2015.43014    -25.89       3.43
2015.43288    -25.90       3.39
2015.43562    -28.96       3.39
2015.43836    -27.31       3.39
2015.44110    -22.26       3.55
2015.44384    -27.64       3.42
2015.44658    -27.29       3.42
2015.44932    -33.76       3.50
2015.45205    -39.37       3.48
2015.45479    -20.69       3.40
2015.45753    -24.73       3.49
2015.46027    -30.28       3.51
2015.46301    -26.72       3.52
2015.46575    -13.99       3.57
2015.46849    -30.94       3.52
2015.47123    -30.12       3.39
2015.47397    -27.68       3.47
2015.47671    -26.51       3.50
2015.47945    -17.93       3.59
2015.48219    -32.41       3.44
2015.48493    -35.24       3.42
2015.48767    -28.72       3.46
2015.49041    -24.21       3.55
2015.49315    -25.19       3.46
2015.49589    -11.68       3.59
2015.49863    -31.30       3.56
2015.50137    -33.81       3.47
2015.50411    -30.99       3.43
2015.50685    -34.18       3.52
2015.50959    -28.64       3.40
2015.51233    -28.67       3.46
2015.51507    -28.72       3.47
2015.51781    -37.76       3.42
2015.52055    -33.43       3.43
2015.52329    -28.94       3.46
2015.52603    -33.84       3.39
2015.52877    -45.37       3.72
2015.53151    -31.24       3.67
2015.53425    -23.90       3.49
2015.53699    -30.71       3.33
2015.53973    -46.81       3.75
2015.54247    -36.51       3.79
2015.54521    -33.21       3.58
2015.54795    -33.84       3.45
2015.55068    -41.37       3.45
2015.55342    -42.09       3.61
2015.55616    -30.87       3.48
2015.55890    -37.34       3.48
2015.56164    -37.41       3.48
2015.56438    -43.59       3.52
2015.56712    -34.51       3.62
2015.56986    -31.77       3.60
2015.57260    -34.92       3.58
2015.57534    -35.76       3.51
2015.57808    -40.58       3.62
2015.58082    -38.75       3.61
2015.58356    -42.82       3.51
2015.58630    -27.45       3.54
2015.58904    -40.02       3.57
2015.59178    -39.00       3.59
2015.59452    -28.33       3.51
2015.59726    -45.99       3.55
2015.60000    -29.46       3.55
2015.60274    -45.66       3.96
2015.60548    -38.52       3.61
2015.60822    -38.04       3.44
2015.61096    -33.59       3.62
2015.61370    -36.68       3.51
2015.61644    -37.83       3.43
2015.61918    -38.07       3.47
2015.62192    -34.81       3.47
2015.62466    -26.23       3.46
2015.62740    -34.38       3.41
2015.63014    -41.42       3.56
2015.63288    -34.57       3.39
2015.63562    -37.21       3.50
2015.63836    -34.96       3.43
2015.64110    -36.97       3.52
2015.64384    -36.52       3.61
2015.64658    -36.52       3.55
2015.64932    -42.55       3.60
2015.65205    -32.62       3.43
2015.65479    -33.90       3.43
2015.65753    -33.31       3.45
2015.66027    -39.03       3.41
2015.66301    -36.07       3.48
2015.66575    -41.93       3.49
2015.66849    -41.16       3.49
2015.67123    -43.81       3.43
2015.67397    -40.87       3.37
2015.67671    -35.79       3.36
2015.67945    -30.44       3.49
2015.68219    -33.49       3.42
2015.68493    -38.11       3.56
2015.68767    -32.40       3.49
2015.69041    -33.78       3.43
2015.69315    -43.51       3.41
2015.69589    -43.29       3.39
2015.69863    -38.20       3.47
2015.70137    -34.27       3.54
2015.70411    -43.51       3.36
2015.70685    -40.33       3.52
2015.70959    -37.46       3.41
2015.71233    -38.92       3.45
2015.71507    -37.81       3.38
2015.71781    -38.78       3.41
2015.72055    -32.50       3.60
2015.72329    -32.20       3.42
2015.72603    -44.14       3.42
2015.72877    -32.25       3.38
2015.73151    -39.90       3.53
2015.73425    -38.31       3.60
2015.73699    -34.17       3.59
2015.73973    -27.05       3.85
2015.74247    -40.54       3.73
2015.74521    -36.50       3.78
2015.74795    -23.69       3.73
2015.75068    -34.46       3.43
2015.75342    -29.22       3.41
2015.75616    -30.19       3.42
2015.75890    -35.18       3.48
2015.76164    -35.08       3.51
2015.76438    -31.81       3.40
2015.76712    -26.72       3.58
2015.76986    -35.37       3.48
2015.77260    -39.78       3.41
2015.77534    -36.07       3.41
2015.77808    -36.48       3.38
2015.78082    -33.35       3.46
2015.78356    -36.99       3.46
2015.78630    -37.89       3.38
2015.78904    -37.23       3.43
2015.79178    -39.05       3.36
2015.79452    -33.21       3.35
2015.79726    -30.06       3.59
2015.80000    -23.76       3.50
2015.80274    -33.24       3.67
2015.80548    -29.08       3.55
2015.80822    -34.13       3.35
2015.81096    -37.27       3.53
2015.81370    -35.09       3.39
2015.81644    -34.78       3.50
2015.81918    -39.72       3.40
2015.82192    -37.32       3.39
2015.82466    -41.70       3.48
2015.82740    -38.16       3.38
2015.83014    -37.70       3.64
2015.83288    -44.23       3.52
2015.83562    -37.84       3.52
2015.83836    -39.44       3.49
2015.84110    -31.89       3.34
2015.84384    -31.87       3.37
2015.84658    -31.07       3.38
2015.84932    -34.56       3.48
2015.85205    -32.05       3.48
2015.85479    -35.89       3.47
2015.85753    -36.65       3.37
2015.86027    -35.58       3.42
2015.86301    -31.40       3.44
2015.86575    -31.31       3.44
2015.86849    -36.10       3.47
2015.87123    -31.95       3.41
2015.87397    -38.17       3.40
2015.87671    -38.96       3.50
2015.87945    -32.89       3.47
2015.88219    -23.10       3.53
2015.88493    -35.89       3.55
2015.88767    -37.63       3.45
2015.89041    -33.72       3.41
2015.89315    -37.89       3.40
2015.89589    -35.62       3.52
2015.89863    -33.02       3.47
2015.90137    -38.41       3.38
2015.90411    -40.70       3.37
2015.90685    -36.21       3.38
2015.90959    -42.41       3.39
2015.91233    -37.30       3.43
2015.91507    -39.37       3.41
2015.91781    -35.37       3.39
2015.92055    -39.82       3.36
2015.92329    -31.57       3.32
2015.92603    -36.34       3.44
2015.92877    -38.33       3.38
2015.93151    -32.60       3.47
2015.93425    -36.02       3.47
2015.93699    -36.52       3.61
2015.93973    -34.49       3.53
2015.94247    -34.94       3.51
2015.94521    -33.88       3.40
2015.94795    -35.12       3.44
2015.95068    -35.79       3.35
2015.95342    -36.75       3.33
2015.95616    -38.09       3.31
2015.95890    -37.72       3.42
2015.96164    -36.15       3.38
2015.96438    -36.23       3.33
2015.96712    -34.51       3.42
2015.96986    -34.93       3.42
2015.97260    -34.53       3.35
2015.97534    -35.69       3.30
2015.97808    -35.03       3.38
2015.98082    -30.08       3.30
2015.98356    -33.01       3.34
2015.98630    -28.00       3.32
2015.98904    -34.37       3.27
2015.99178    -37.18       3.27
2015.99452    -33.90       3.30
2015.99726    -37.17       3.34
2016.00000    -36.22       3.32
2016.00273    -28.58       3.44
2016.00546    -31.55       3.46
2016.00820    -29.79       3.36
2016.01093    -32.37       3.40
2016.01366    -33.25       3.45
2016.01639    -36.12       3.51
2016.01913    -36.28       3.55
2016.02186    -36.78       3.46
2016.02459    -30.63       3.35
2016.02732    -22.86       3.48
2016.03005    -34.07       3.44
2016.03279    -25.41       3.53
2016.03552    -28.44       3.37
2016.03825    -26.70       3.51
2016.04098    -29.92       3.60
2016.04372    -32.32       3.51
2016.04645    -33.28       3.36
2016.04918    -32.37       3.27
2016.05191    -30.56       3.39
2016.05464    -37.95       3.31
2016.05738    -35.61       3.43
2016.06011    -38.52       3.34
2016.06284    -36.83       3.33
2016.06557    -35.90       3.44
2016.06831    -36.38       3.39
2016.07104    -36.33       3.38
2016.07377    -38.32       3.46
2016.07650    -24.00       3.62
2016.07923    -36.32       3.41
2016.08197    -39.11       3.50
2016.08470    -38.87       3.43
2016.08743    -32.58       3.34
2016.09016    -35.91       3.31
2016.09290    -34.42       3.47
2016.09563    -26.45       3.37
2016.09836      6.89       3.39
2016.10109      0.19       3.36
2016.10383      9.76       3.37
2016.10656      9.23       3.34
2016.10929     16.45       3.30
2016.11202     23.70       3.51
2016.11475     17.59       3.44
2016.11749     14.00       3.45
2016.12022      8.84       3.40
2016.12295     14.77       3.32
2016.12568     17.07       3.41
2016.12842     13.36       3.50
2016.13115     14.41       3.29
2016.13388     12.25       3.34
2016.13661     17.55       3.35
2016.13934     14.95       3.38
2016.14208     17.97       3.31
2016.14481     19.69       3.38
2016.14754     11.98       3.31
2016.15027     11.92       3.26
2016.15301     20.24       3.46
2016.15574     21.71       3.43
2016.15847     20.07       3.47
2016.16120     20.87       3.55
2016.16393     17.65       3.44
2016.16667     20.28       3.37
2016.16940     23.61       3.34
2016.17213     24.77       3.49
2016.17486     30.67       3.47
2016.17760     19.82       3.39
2016.18033     19.49       3.48
2016.18306     24.56       3.51
2016.18579     23.65       3.46
2016.18852     20.48       3.40
2016.19126     22.38       3.21
2016.19399     25.78       3.28
2016.19672     19.04       3.43
2016.19945     21.44       3.29
2016.20219     25.82       3.30
2016.20492     25.52       3.42
2016.20765     30.44       3.33
2016.21038     28.41       3.36
2016.21311     22.09       3.32
2016.21585     27.17       3.27
2016.21858     24.11       3.29
2016.22131     29.47       3.34
2016.22404     23.32       3.53
2016.22678     26.05       3.23
2016.22951     24.77       3.25
2016.23224     22.58       3.24
2016.23497     22.71       3.24
2016.23770     19.83       3.27
2016.24044     23.24       3.34
2016.24317     28.94       3.31
2016.24590     24.02       3.29
2016.24863     25.43       3.22
2016.25137     29.57       3.26
2016.25410     29.27       3.30
2016.25683     31.13       3.32
2016.25956     27.72       3.23
2016.26230     32.40       3.39
2016.26503     32.83       3.41
2016.26776     28.84       3.39
2016.27049     29.19       3.28
2016.27322     30.60       3.51
2016.27596     28.36       3.38
2016.27869     34.53       3.36
2016.28142     40.70       3.59
2016.28415     35.11       3.84
2016.28689     33.23       3.42
2016.28962     30.06       3.33
2016.29235     29.32       3.37
2016.29508     36.73       3.37
2016.29781     24.32       3.46
2016.30055     30.33       3.34
2016.30328     33.35       3.37
2016.30601     30.59       3.31
2016.30874     32.22       3.41
2016.31148     30.40       3.40
2016.31421     23.01       3.33
2016.31694     32.88       3.38
2016.31967     35.84       3.43
2016.32240     30.34       3.31
2016.32514     26.09       3.31
2016.32787     25.54       3.25
2016.33060     23.79       3.28
2016.33333     35.22       3.42
2016.33607     30.16       3.40
2016.33880     29.27       3.39
2016.34153     28.87       3.44
2016.34426     39.12       3.40
2016.34699     30.96       3.49
2016.34973     22.01       3.49
2016.35246     31.37       3.30
2016.35519     37.50       3.59
2016.35792     39.39       3.45
2016.36066     26.23       3.46
2016.36339     35.00       3.54
2016.36612     18.77       3.55
2016.36885     32.10       3.33
2016.37158     33.46       3.28
2016.37432     26.02       3.21
2016.37705     28.96       3.26
2016.37978     31.69       3.28
2016.38251     28.92       3.33
2016.38525     36.81       3.38
2016.38798     32.54       3.49
2016.39071     38.36       3.39
2016.39344     35.29       3.51
2016.39617     34.81       3.55
2016.39891     36.48       3.42
2016.40164     33.53       3.37
2016.40437     37.78       3.36
2016.40710     36.26       3.31
2016.40984     32.89       3.53
2016.41257     26.57       3.35
2016.41530     29.34       3.31
2016.41803     34.81       3.45
2016.42077     30.25       3.40
2016.42350     31.55       3.48
2016.42623     34.21       3.64
2016.42896     30.74       3.45
2016.43169     18.40       3.68
2016.43443     35.72       3.49
2016.43716     23.56       3.38
2016.43989     37.78       3.32
2016.44262     37.11       3.37
2016.44536     33.51       3.56
2016.44809     34.32       3.41
2016.45082     26.39       3.53
2016.45355     32.68       3.34
2016.45628     30.00       3.35
2016.45902     30.36       3.36
2016.46175     23.56       3.44
2016.46448     43.78       3.52
2016.46721     27.66       3.34
2016.46995     29.67       3.37
2016.47268     30.40       3.40
2016.47541     34.36       3.54
2016.47814     28.31       3.50
2016.48087     37.66       3.39
2016.48361     41.45       3.64
2016.48634     27.45       3.40
2016.48907     27.07       3.39
2016.49180     32.97       3.56
2016.49454     33.60       3.48
2016.49727     23.42       3.37
2016.50000     32.73       3.52
2016.50273     30.44       3.54
2016.50546     37.23       3.49
2016.50820     29.99       3.35
2016.51093     36.70       3.49
2016.51366     37.90       3.43
2016.51639     41.72       3.65
2016.51913     41.71       3.45
2016.52186     31.44       3.45
2016.52459     48.78       3.55
2016.52732     38.87       3.44
2016.53005     38.21       3.30
2016.53279     32.22       3.29
2016.53552     37.42       3.31
2016.53825     26.91       3.42
2016.54098     43.74       3.54
2016.54372     41.52       3.42
2016.54645     26.77       3.37
2016.54918     29.83       3.45
2016.55191     31.28       3.41
2016.55464     32.52       3.51
2016.55738     45.67       3.50
2016.56011     29.96       3.47
2016.56284     35.65       3.33
2016.56557     30.90       3.42
2016.56831     32.43       3.40
2016.57104     28.64       3.51
2016.57377     38.26       3.59
2016.57650     34.96       3.46
2016.57923     38.88       3.45
2016.58197     43.53       3.42
2016.58470     23.36       3.30
2016.58743     33.21       3.29
2016.59016     41.00       3.36
2016.59290     27.76       3.22
2016.59563     36.45       3.40
2016.59836     33.65       3.69
2016.60109     32.41       3.52
2016.60383     31.19       3.45
2016.60656     45.57       3.48
2016.60929     28.43       3.26
2016.61202     36.61       3.18
2016.61475     38.53       3.23
2016.61749     37.52       3.45
2016.62022     32.61       3.45
2016.62295     29.28       3.45
2016.62568     40.67       3.37
2016.62842     37.01       3.43
2016.63115     38.97       3.50
2016.63388     36.51       3.40
2016.63661     38.93       3.56
2016.63934     33.29       3.38
2016.64208     34.98       3.35
2016.64481     43.42       3.57
2016.64754     36.17       3.46
2016.65027     46.83       3.65
2016.65301     29.00       3.69
2016.65574     34.18       3.51
2016.65847     34.92       3.39
2016.66120     31.85       3.35
2016.66393     36.94       3.40
2016.66667     33.08       3.47
2016.66940     26.24       4.36
2016.67213     37.59       3.39
2016.67486     40.40       3.58
2016.69945     40.54       4.14
2016.70219     45.58       3.70
2016.70492     37.20       3.54
2016.70765     40.82       3.48
2016.71038     30.69       3.49
2016.73497     34.84       3.70
2016.73770     31.51       3.47
2016.74044     57.92       3.88
2016.74317     37.31       3.41
2016.74590     24.19       3.36
2016.74863     32.85       3.29
2016.75137     35.88       3.26
2016.75410     37.54       3.28
2016.75683     31.73       3.49
2016.75956     38.16       3.41
2016.76230     29.25       3.36
2016.76503     35.62       3.43
2016.76776     40.35       3.35
2016.77049     44.85       3.48
2016.77322     29.03       3.35
2016.77596     37.47       3.40
2016.77869     27.50       3.35
2016.78142     44.36       3.45
2016.78415     31.04       3.47
2016.78689     27.73       3.79
2016.78962     37.47       3.47
2016.79235     24.81       3.38
2016.79508     31.91       3.26
2016.79781     32.75       3.55
2016.80055     31.87       3.66
2016.80328     45.22       3.98
2016.80601     31.67       3.27
2016.80874     30.26       3.25
2016.81148     29.20       3.52
2016.81421     28.94       3.37
2016.81694     35.01       3.31
2016.81967     31.59       3.30
2016.82240     31.49       3.22
2016.82514     28.91       3.23
2016.82787     31.07       3.26
2016.83060     32.11       3.30
2016.83333     27.91       3.26
2016.83607     28.20       3.22
2016.83880     33.91       3.30
2016.84153     35.80       3.21
2016.84426     33.69       3.18
2016.84699     33.01       3.29
2016.84973     36.43       3.21
2016.85246     34.03       3.24
2016.85519     31.33       3.28
2016.85792     38.35       3.55
2016.86066     32.64       3.19
2016.86339     35.66       3.24
2016.86612     30.07       3.27
2016.86885     35.49       3.23
2016.87158     35.56       3.19
2016.87432     30.35       3.19
2016.87705     37.81       3.18
2016.87978     33.18       3.27
2016.88251     41.51       3.28
2016.88525     35.91       3.29
2016.88798     36.84       3.25
2016.89071     33.05       3.41
2016.89344     25.14       3.26
2016.89617     28.76       3.29
2016.89891     37.28       3.17
2016.90164     32.91       3.37
2016.90437     31.18       3.52
2016.90710     37.47       3.28
2016.90984     30.98       3.18
2016.91257     30.03       3.33
2016.91530     32.40       3.32
2016.91803     31.88       3.34
2016.92077     31.70       3.21
2016.92350     36.20       3.24
2016.92623     32.13       3.22
2016.92896     33.11       3.31
2016.93169     38.04       3.26
2016.93443     43.16       3.22
2016.93716     31.99       3.27
2016.93989     38.25       3.20
2016.94262     32.53       3.17
2016.94536     34.59       3.26
2016.94809     36.41       3.25
2016.95082     38.69       3.21
2016.95355     31.95       3.41
2016.95628     34.22       3.16
2016.95902     32.74       3.19
2016.96175     35.90       3.25
2016.96448     41.99       3.19
2016.96721     34.58       3.18
2016.96995     37.82       3.19
2016.97268     36.76       3.25
2016.97541     36.16       3.17
2016.97814     38.78       3.15
2016.98087     35.12       3.19
2016.98361     38.89       3.17
2016.98634     30.57       3.24
2016.98907     35.72       3.25
2016.99180     36.31       3.20
2016.99454     34.87       3.19
2016.99727     41.13       3.21
2017.00000     37.51       3.16
2017.00274     40.79       3.21
2017.00548     33.77       3.21
2017.00822     37.62       3.19
2017.01096     38.67       3.20
2017.01370     41.15       3.23
2017.01644     44.89       3.24
2017.01918     41.42       3.19
2017.02192     42.14       3.27
2017.02466     42.85       3.30
2017.02740     41.35       3.22
2017.03014     37.44       3.24
2017.03288     41.17       3.25
2017.03562     39.37       3.18
2017.03836     37.00       3.19
2017.04110     33.01       3.21
2017.04384     37.61       3.27
2017.04658     31.38       3.24
2017.04932     30.89       3.21
2017.05205     38.48       3.18
2017.05479     35.53       3.21
2017.05753     36.85       3.22
2017.06027     38.16       3.18
2017.06301     37.05       3.18
2017.06575     33.35       3.14
2017.06849     36.13       3.25
2017.07123     44.35       3.23
2017.07397     41.02       3.21
2017.07671     42.67       3.21
2017.07945     36.14       3.26
2017.08219     41.87       3.23
2017.08493     41.18       3.22
2017.08767     40.58       3.23
2017.09041     44.68       3.24
2017.09315     49.21       3.28
2017.09589     47.82       3.23
2017.09863     45.01       3.21
2017.10137     39.80       3.24
2017.10411     41.39       3.23
2017.10685     43.27       3.20
2017.10959     40.28       3.20
2017.11233     36.52       3.17
2017.11507     38.67       3.21
2017.11781     38.37       3.20
2017.12055     40.90       3.19
2017.12329     42.80       3.20
2017.12603     39.89       3.23
2017.12877     39.99       3.22
2017.13151     42.01       3.29
2017.13425     42.48       3.28
2017.13699     43.23       3.26
2017.13973     45.13       3.33
2017.14247     40.87       3.30
2017.14521     36.33       3.27
2017.14795     36.76       3.16
2017.15068     42.47       3.25
2017.15342     41.83       3.24
2017.15616     42.79       3.27
2017.15890     42.46       3.22
2017.16164     40.80       3.25
2017.16438     45.91       3.21
2017.16712     49.73       3.21
2017.16986     45.55       3.23
2017.17260     41.91       3.27
2017.17534     44.74       3.26
2017.17808     43.72       3.21
2017.18082     42.54       3.25
2017.18356     45.52       3.23
2017.18630     41.05       3.26
2017.18904     43.44       3.22
2017.19178     48.59       3.22
2017.19452     46.23       3.32
2017.19726     42.79       3.22
2017.20000     42.77       3.19
2017.20274     39.13       3.26
2017.20548     47.12       3.24
2017.20822     43.85       3.26
2017.21096     46.00       3.29
2017.21370     43.93       3.25
2017.21644     44.22       3.31
2017.21918     46.81       3.35
2017.22192     50.25       3.35
2017.22466     45.92       3.29
2017.22740     44.45       3.21
2017.23014     39.78       3.28
2017.23288     43.92       3.28
2017.23562     40.54       3.32
2017.23836     46.13       3.26
2017.24110     46.30       3.32
2017.24384     47.63      16.71
2017.27397     35.12       3.60
2017.27671     41.64       3.47
2017.27945     42.12       3.30
2017.28219     45.00       3.25
2017.28493     43.84       3.35
2017.28767     45.95       3.30
2017.29041     43.11       3.28
2017.29315     46.56       3.26
2017.29589     51.46       3.61
2017.29863     52.70       3.39
2017.30137     48.78       3.43
2017.30411     44.26       3.31
2017.30685     43.01       3.24
2017.30959     44.49       3.22
2017.31233     46.01       3.28
2017.31507     36.90       3.29
2017.31781     41.72       3.36
2017.32055     39.09       3.29
2017.32329     47.07       3.24
2017.32603     39.22       3.29
2017.32877     42.95       3.23
2017.33151     42.11       3.35
2017.33425     36.78       3.31
2017.33699     47.00       3.25
2017.33973     40.95       3.35
2017.34247     45.06       3.33
2017.34521     47.49       3.29
2017.34795     44.52       3.34
2017.35068     41.74       3.30
2017.35342     39.08       3.38
2017.35616     43.35       3.35
2017.35890     48.09       3.36
2017.36164     48.37       3.38
2017.36438     43.75       3.41
2017.36712     57.52       3.44
2017.36986     42.04       3.33
2017.37260     42.57       3.29
2017.37534     41.58       3.36
2017.37808     53.19       3.39
2017.38082     47.95       3.26
2017.38356     52.38       3.29
2017.38630     50.30       3.30
2017.38904     50.43       3.31
2017.39178     42.55       3.49
2017.39452     51.39       3.43
2017.39726     40.64       3.27
2017.40000     45.34       3.19
2017.40274     45.52       3.28
2017.40548     47.05       3.33
2017.40822     47.28       3.39
2017.41096     48.32       3.28
2017.41370     43.90       3.51
2017.41644     42.81       3.58
2017.41918     39.10       3.62
2017.42192     55.61       3.44
2017.42466     38.06       3.32
2017.42740     41.97       3.30
2017.43014     49.73       3.54
2017.43288     41.80       3.42
2017.43562     42.20       3.43
2017.43836     42.08       3.38
2017.44110     36.38       3.31
2017.44384     48.62       3.45
2017.44658     43.84       3.51
2017.44932     43.10       3.41
2017.45205     52.50       3.55
2017.45479     44.14       3.78
2017.45753     48.36       3.61
2017.46027     39.27       3.46
2017.46301     48.31       3.33
2017.46575     38.25       3.50
2017.46849     41.50       3.33
2017.47123     40.18       3.26
2017.47397     42.24       3.40
2017.47671     45.39       3.40
2017.47945     43.96       3.29
2017.48219     43.50       3.29
2017.48493     40.49       3.35
2017.48767     45.04       3.49
2017.49041     62.94       3.50
2017.49315     47.68       3.38
2017.49589     44.01       3.37
2017.49863     58.77       3.54
2017.50137     50.22       3.58
2017.50411     50.64       3.43
2017.50685     44.41       3.38
2017.50959     46.49       3.61
2017.51233     45.78       3.37
2017.51507     57.76       3.49
2017.51781     42.36       3.37
2017.52055     38.27       3.52
2017.52329     63.72      16.48
2017.52603     56.51       3.81
2017.52877     58.52       3.55
2017.53151     50.32       3.40
2017.53425     44.90       4.25
2017.56438     39.05       5.51
2017.59726     37.70       3.54
2017.60000     46.53       3.42
2017.60274     53.35       3.48
2017.60548     28.39       6.70
2017.62192     47.43       4.10
2017.62466     47.24       3.39
2017.62740     28.23       3.48
2017.63014     41.18       3.45
2017.63288     35.40       3.44
2017.63562     50.22       3.50
2017.63836     42.37       3.49
2017.64110     53.69       3.37
2017.64384     43.00       3.40
2017.64658     48.45       3.46
2017.64932     43.99       3.41
2017.65205     45.06       3.39
2017.65479     46.65       3.51
2017.65753     48.43       3.47
2017.66027     46.87       3.49
2017.66301     35.58       3.33
2017.66575     43.66       3.39
2017.66849     40.48       3.41
2017.67123     53.79       3.58
2017.67397     36.08       3.72
2017.67671     54.45       3.37
2017.67945     46.16       3.30
2017.68219     51.23       3.46
2017.68493     47.94       3.42
2017.68767     41.78       3.38
2017.69041     45.38       3.34
2017.69315     47.32       3.32
2017.69589     40.85       3.37
2017.69863     39.53       3.43
2017.70137     32.48       3.43
2017.70411     41.56       3.34
2017.70685     43.74       3.30
2017.70959     41.52       3.38
2017.71233     40.13       3.33
2017.71507     49.10       3.51
2017.71781     42.04       3.29
2017.72055     43.29       3.32
2017.72329     39.52       3.35
2017.72603     39.78       3.31
2017.72877     41.22       3.41
2017.73151     38.90       3.48
2017.73425     40.92       3.39
2017.73699     42.09       3.33
2017.73973     43.02       3.42
2017.74247     32.89       3.64
2017.74521     35.80       3.41
2017.74795     40.77       3.48
2017.75068     44.45       3.48
2017.75342     42.42       3.47
2017.75616     33.34       3.74
2017.75890     31.36       3.48
2017.76164     37.59       3.43
2017.76438     40.06       3.50
2017.76712     28.16       3.55
2017.76986     39.11       3.50
2017.77260     32.40       3.74
2017.77534     51.08       3.61
2017.77808     29.14       3.61
2017.78082     42.20       3.50
2017.78356     52.71       3.58
2017.78630     44.61       3.71
2017.78904     48.21       3.50
2017.79178     41.49       3.44
2017.79452     41.35       3.43
2017.79726     33.92       3.45
2017.80000     37.52       3.41
2017.80274     41.69       3.30
2017.80548     38.56       3.35
2017.80822     39.63       3.33
2017.81096     43.37       3.34
2017.81370     42.11       3.37
2017.81644     41.51       3.42
2017.81918     37.98       3.52
2017.82192     36.50       3.45
2017.82466     38.14       3.32
2017.82740     30.12       3.29
2017.83014     32.40       3.37
2017.83288     44.16       3.40
2017.83562     35.58       3.54
2017.83836     47.50       3.39
2017.84110     36.85       3.37
2017.84384     39.81       3.37
2017.84658     45.27       3.43
2017.84932     36.45       3.38
2017.85205     47.01       3.43
2017.85479     38.74       3.43
2017.85753     43.87       3.41
2017.86027     38.44       3.55
2017.86301     42.02       3.40
2017.86575     40.81       3.40
2017.86849     41.66       3.44
2017.87123     39.80       3.43
2017.87397     42.15       3.36
2017.87671     46.04       3.41
2017.87945     38.22       3.35
2017.88219     36.05       3.37
2017.88493     35.79       3.36
2017.88767     37.44       3.37
2017.89041     38.78       3.30
2017.89315     34.95       3.32
2017.89589     37.88       3.30
2017.89863     34.33       3.30
2017.90137     41.76       3.33
2017.90411     40.06       3.27
2017.90685     45.52       3.37
2017.90959     41.13       3.34
2017.91233     42.03       3.43
2017.91507     43.91       3.41
2017.91781     45.10       3.27
2017.92055     49.54       3.31
2017.92329     44.70       3.25
2017.92603     39.04       3.25
2017.92877     39.75       3.22
2017.93151     45.68       3.27
2017.93425     43.67       3.29
2017.93699     42.33       3.35
2017.93973     45.64       3.28
2017.94247     43.41       3.30
2017.94521     43.18       3.34
2017.94795     39.55       3.30
2017.95068     40.14       3.34
2017.95342     39.06       3.30
2017.95616     40.66       3.29
2017.95890     38.91       3.27
2017.96164     42.19       3.24
2017.96438     37.71       3.31
2017.96712     43.87       3.37
2017.96986     44.31       3.30
2017.97260     45.96       3.26
2017.97534     41.13       3.24
2017.97808     45.92       3.31
2017.98082     44.87       3.28
2017.98356     44.84       3.35
2017.98630     44.80       3.31
2017.98904     43.25       3.33
2017.99178     41.11       3.23
2017.99452     41.64       3.29
2017.99726     42.48       3.29
2018.00000     41.23       3.31
2018.00274     40.15       3.34
2018.00548     47.34       3.32
2018.00822     47.52       3.33
2018.01096     53.83       3.25
2018.01370     46.55       3.34
2018.01644     44.42       3.24
2018.01918     43.28       3.30
2018.02192     48.04       3.34
2018.02466     38.48       3.32
2018.02740     40.80       3.26
2018.03014     42.45       3.25
2018.03288     42.03       3.26
2018.03562     42.76       3.21
2018.03836     49.32       3.25
2018.04110     45.91       3.28
2018.04384     47.63       3.27
2018.04658     42.36       3.26
2018.04932     42.84       3.26
2018.05205     44.31       3.25
2018.05479     44.05       3.27
2018.05753     47.40       3.26
2018.06027     42.10       3.20
2018.06301     42.84       3.36
2018.06575     38.10       3.37
2018.06849     41.95       3.39
2018.07123     48.95       3.47
2018.07397     41.63       3.44
2018.07671     42.51       3.37
2018.07945     38.53       3.37
2018.08219     40.58       3.40
2018.08493     40.29       3.45
2018.08767     39.28       3.37
2018.09041     43.72       3.36
2018.09315     39.77       3.33
2018.09589     45.13       3.40
2018.09863     37.96       3.45
2018.10137     48.64       3.40
2018.10411     46.26       3.40
2018.10685     49.62       3.31
2018.10959     50.79       3.32
2018.11233     48.08       3.39
2018.11507     40.27       3.30
2018.11781     46.12       3.40
2018.12055     50.68       3.44
2018.12329     53.24       3.50
2018.12603     52.28       3.47
2018.12877     52.56       3.37
2018.13151     48.17       3.37
2018.13425     50.37       3.38
2018.13699     52.95       3.45
2018.13973     49.14       3.43
2018.14247     49.98       3.35
2018.14521     44.05       3.45
2018.14795     49.21       3.45
2018.15068     48.56       3.41
2018.15342     51.63       3.36
2018.15616     49.04       3.39
2018.15890     53.25       3.44
2018.16164     50.29       3.53
2018.16438     55.80       3.47
2018.16712     52.47       3.41
2018.16986     49.71       3.49
2018.17260     47.59       3.50
2018.17534     42.15       3.34
2018.17808     52.29       3.41
2018.18082     44.68       3.33
2018.18356     44.83       3.34
2018.18630     42.35       3.35
2018.18904     46.09       3.41
2018.19178     45.71       3.44
2018.19452     50.89       3.42
2018.19726     47.63       3.38
2018.20000     57.10       3.52
2018.20274     48.41       3.37
2018.20548     46.52       3.40
2018.20822     51.11       3.34
2018.21096     52.72       3.43
2018.21370     49.22       3.40
2018.21644     47.01       3.26
2018.21918     52.45       3.30
2018.22192     50.10       3.33
2018.22466     48.24       3.34
2018.22740     47.11       3.38
2018.23014     49.73       3.30
2018.23288     48.70       3.65
2018.23562     51.15       3.95
2018.23836     49.17       3.35
2018.24110     49.26       3.37
2018.24384     57.71       3.38
2018.24658     51.15       3.31
2018.24932     50.10       3.29
2018.25205     49.73       3.36
2018.25479     51.15       3.37
2018.25753     47.80       3.51
2018.26027     43.53       3.50
2018.26301     45.44       3.28
2018.26575     46.28       3.28
2018.26849     47.97       3.32
2018.27123     54.26       3.30
2018.27397     47.68       3.62
2018.27671     50.26       3.39
2018.27945     52.61       3.46
2018.28219     47.12       3.43
2018.28493     49.40       3.37
2018.28767     46.68       3.29
2018.29041     50.75       3.34
2018.29315     50.08       3.35
2018.29589     49.98       3.31
2018.29863     49.27       3.33
2018.30137     45.93       3.30
2018.30411     53.33       3.33
2018.30685     46.93       3.44
2018.30959     63.02       3.41
2018.31233     51.56       3.26
2018.31507     54.75       3.26
2018.31781     44.63       3.39
2018.32055     48.09       3.29
2018.32329     51.02       3.31
2018.32603     46.86       3.33
2018.32877     53.14       3.52
2018.33151     57.29       3.34
2018.33425     46.50       3.38
2018.33699     54.34       4.06
2018.33973     47.84       3.34
2018.34247     56.65       3.37
2018.34521     55.21       3.42
2018.34795     55.93       3.65
2018.35068     49.68       3.30
2018.35342     46.07       3.27
2018.35616     54.68       3.29
2018.35890     50.10       3.26
2018.36164     53.95       3.32
2018.36438     46.67       3.29
2018.36712     52.94       3.31
2018.36986     54.79       3.46
2018.37260     53.59       3.35
2018.37534     43.03       3.36
2018.37808     41.92       3.42
2018.38082     48.29       3.34
2018.38356     51.16       3.27
2018.38630     54.64       3.36
2018.38904     56.27       3.34
2018.39178     57.08       3.35
2018.39452     55.31       3.39
2018.39726     49.89       3.27
2018.40000     51.45       3.29
2018.40274     44.64       3.40
2018.40548     49.54       3.36
2018.40822     53.78       3.47
2018.41096     53.76       3.42
2018.41370     52.52       3.35
2018.41644     51.93       3.27
2018.41918     50.79       3.40
2018.42192     47.73       3.44
2018.42466     46.31       3.30
2018.42740     51.44       3.54
2018.43014     61.32       4.50
2018.43288     53.53       3.41
2018.43562     54.60       3.43
2018.43836     61.42       3.67
2018.44110     53.68       3.48
2018.44384     50.58       3.40
2018.44658     54.62       3.30
2018.44932     52.07       3.54
2018.45205     56.28       3.27
2018.45479     61.01       3.38
2018.45753     55.58       3.36
2018.46027     49.46       3.55
2018.46301     52.04       3.40
2018.46575     57.37       3.36
2018.46849     54.67       3.32
2018.47123     52.18       3.65
2018.47397     50.57       3.33
2018.47671     50.02       3.29
2018.47945     56.87       3.54
2018.48219     40.15       3.43
2018.48493     57.28       3.43
2018.48767     49.58       3.32
2018.49041     40.69       3.46
2018.49315     47.88       3.56
2018.49589     45.09       3.66
2018.49863     39.87       3.77
2018.50137     44.81       3.71
2018.50411     54.02       3.52
2018.50685     69.12       3.36
2018.50959     55.29       3.31
2018.51233     48.17       3.35
2018.51507     49.35       3.48
2018.51781     40.84       3.28
2018.52055     48.76       4.80
2018.52329     58.23       3.54
2018.52603     44.41       3.43
2018.52877     34.79       3.40
2018.53151     42.15       3.39
2018.53425     46.22       3.32
2018.53699     46.07       4.21
2018.53973     44.87       3.70
2018.54247     46.14       3.38
2018.54521     49.48       3.44
2018.54795     60.40       3.71
2018.59452     54.44       3.73
2018.59726     47.88       3.53
2018.60000     45.60       3.58
2018.60274     53.75       3.59
2018.60548     39.64       3.48
2018.60822     55.85       3.58
2018.61096     62.86       3.56
2018.61370     46.81       3.33
2018.61644     33.24       3.42
2018.61918     48.28       3.42
2018.62192     48.97       3.60
2018.62466     43.91       3.40
2018.62740     50.94       3.28
2018.63014     43.37       3.30
2018.63288     51.05       3.42
2018.63562     52.60       3.39
2018.63836     56.78       3.61
2018.64110     43.23       3.66
2018.64384     51.96       3.30
2018.64658     50.68       3.34
2018.64932     52.93       3.42
2018.65205     34.80       5.44
2018.67397     51.06       4.02
2018.67671     48.12       3.49
2018.67945     34.13       3.55
2018.68219     43.78       3.53
2018.68493     49.81       3.33
2018.68767     39.04       3.27
2018.69041     49.66       3.32
2018.69315     39.27       3.41
2018.69589     41.55       3.34
2018.69863     44.19       3.44
2018.70137     46.91       3.62
2018.70411     44.62       3.66
2018.70685     51.86       3.43
2018.70959     34.12       3.38
2018.71233     40.22       3.44
2018.71507     47.63       3.44
2018.71781     34.58       3.37
2018.72055     46.17       3.47
2018.72329     40.98       3.41
2018.72603     35.60       3.54
2018.72877     32.52       3.37
2018.73151     39.23       3.35
2018.73425     41.51       3.35
2018.73699     40.93       3.32
2018.73973     43.60       3.35
2018.74247     46.21       3.36
2018.74521     42.97       3.28
2018.74795     47.21       3.29
2018.75068     39.36       3.29
2018.75342     41.38       3.25
2018.75616     44.71       3.34
2018.75890     47.66       3.24
2018.76164     46.06       3.31
2018.76438     45.24       3.46
2018.76712     36.77       3.40
2018.76986     50.63       3.31
2018.77260     47.76       3.35
2018.77534     48.11       3.29
2018.77808     47.09       3.26
2018.78082     52.31       3.32
2018.78356     49.50       3.32
2018.78630     50.40       3.25
2018.78904     49.09       3.35
2018.79178     50.92       3.40
2018.79452     44.41       3.29
2018.79726     48.22       3.33
2018.80000     46.07       3.31
2018.80274     48.27       3.25
2018.80548     49.98       3.50
2018.80822     44.28       3.26
2018.81096     44.13       3.57
2018.81370     47.97       3.30
2018.81644     44.22       3.31
2018.81918     47.96       3.31
2018.82192     44.67       3.27
2018.82466     41.92       3.30
2018.82740     51.07       3.53
2018.83014     45.12       3.36
2018.83288     50.27       3.41
2018.83562     40.97       3.44
2018.83836     46.45       3.39
2018.84110     46.53       3.32
2018.84384     46.73       3.25
2018.84658     45.88       3.31
2018.84932     51.13       3.28
2018.85205     49.97       3.26
2018.85479     46.27       3.35
2018.85753     52.36       3.31
2018.86027     50.21       3.30
2018.86301     46.19       3.40
2018.86575     53.60       3.35
2018.86849     52.40       3.28
2018.87123     45.54       3.29
2018.87397     52.23       3.33
2018.87671     54.81       3.29
2018.87945     52.72       3.37
2018.88219     49.64       3.36
2018.88493     49.80       3.29
2018.88767     44.77       3.31
2018.89041     44.49       3.30
2018.89315     46.61       3.33
2018.89589     46.13       3.38
2018.89863     56.17       3.39
2018.90137     52.51       3.30
2018.90411     46.73       3.31
2018.90685     54.49       3.41
2018.90959     52.61       3.39
2018.91233     44.52       3.42
2018.91507     49.58       3.32
2018.91781     53.71       3.29
2018.92055     50.66       3.26
2018.92329     48.93       3.32
2018.92603     52.47       3.33
2018.92877     53.24       3.37
2018.93151     45.65       3.35
2018.93425     60.88       3.51
2018.93699     49.99       3.32
2018.93973     48.21       3.37
2018.94247     50.93       3.35
2018.94521     49.96       3.34
2018.94795     46.81       3.32
2018.95068     46.08       3.38
2018.95342     50.85       3.33
2018.95616     52.89       3.36
2018.95890     44.96       3.30
2018.96164     49.95       3.32
2018.96438     54.62       3.25
2018.96712     57.49       3.34
2018.96986     55.86       3.38
2018.97260     48.05       3.35
2018.97534     48.43       3.29
2018.97808     52.29       3.27
2018.98082     53.29       3.26
2018.98356     50.38       3.32
2018.98630     48.34       3.35
2018.98904     48.37       3.29
2018.99178     44.90       3.33
2018.99452     48.58       3.36
2018.99726     47.95       3.36
2019.00000     50.17       3.31
2019.00274     50.73       3.39
2019.00548     49.17       3.28
2019.00822     52.53       3.33
2019.01096     56.57       3.37
2019.01370     50.17       3.38
2019.01644     51.08       3.34
2019.01918     52.33       3.33
2019.02192     51.71       3.31
2019.02466     57.05       3.36
2019.02740     55.21       3.40
2019.03014     50.39       3.38
2019.03288     49.43       3.29
2019.03562     52.10       3.30
2019.03836     53.96       3.31
2019.04110     49.27       3.30
2019.04384     47.51       3.32
2019.04658     51.80       3.37
2019.04932     56.84       3.37
2019.05205     53.79       3.38
2019.05479     53.54       3.31
2019.05753     48.53       3.36
2019.06027     52.65       3.37
2019.06301     53.75       3.36
2019.06575     51.40       3.33
2019.06849     58.74       3.54
2019.07123     50.12       3.49
2019.07397     53.82       3.32
2019.07671     46.98       3.32
2019.07945     50.01       3.30
2019.08219     48.53       3.36
2019.08493     53.83       3.33
2019.08767     49.87       3.34
2019.09041     55.73       3.39
2019.09315     52.36       3.35
2019.09589     61.07       3.36
2019.09863     57.27       3.31
2019.10137     58.72       3.32
2019.10411     50.07       3.33
2019.10685     47.54       3.33
2019.10959     48.81       3.29
2019.11233     50.23       3.42
2019.11507     51.72       3.44
2019.11781     50.07       3.40
2019.12055     54.42       3.52
2019.12329     57.22       3.49
2019.12603     54.28       3.35
2019.12877     52.29       3.33
2019.13151     55.23       3.48
2019.13425     56.99       5.41
2019.13699     57.81       3.36
2019.13973     56.17       3.47
2019.14247     54.77       3.28
2019.14521     54.68       3.28
2019.14795     49.36       3.43
2019.15068     58.18       3.42
2019.15342     55.13       3.31
2019.15616     57.82       3.36
2019.15890     59.97       3.33
2019.16164     57.84       3.37
2019.16438     57.41       3.32
2019.16712     57.60       3.47
2019.16986     52.29       3.32
2019.17260     67.40       3.46
2019.17534     56.17       3.39
2019.17808     49.37       3.33
2019.18082     53.49       3.36
2019.18356     62.91       3.58
2019.18630     44.66       3.55
2019.18904     49.57       3.40
2019.19178     56.16       3.32
2019.19452     51.78       3.34
2019.19726     50.88       3.38
2019.20000     49.25       3.36
2019.20274     50.33       3.27
2019.20548     48.18       3.30
2019.20822     52.09       3.31
2019.21096     53.00       3.35
2019.21370     54.26       3.36
2019.21644     56.38       3.43
2019.21918     56.69       3.42
2019.22192     52.12       3.41
2019.22466     51.76       3.35
2019.22740     51.62       3.33
2019.23014     51.13       3.30
2019.23288     54.20       3.30
2019.23562     56.62       3.30
2019.23836     56.60       3.38
2019.24110     49.99       3.36
2019.24384     54.24       3.47
2019.24658     54.00       3.40
2019.24932     51.82       3.24
2019.25205     46.41       3.37
2019.25479     52.08       3.32
2019.25753     56.26       3.32
2019.26027     59.83       3.33
2019.26301     52.27       3.41
2019.26575     54.14       3.31
2019.26849     52.30       3.49
2019.27123     52.65       5.77
2019.27397     54.72       5.19
2019.27671     52.13       5.15
2019.27945     60.12       4.49
2019.28219     46.33       4.64
2019.28493     56.58       4.20
2019.28767     57.71       4.26
2019.29041     47.21       4.53
2019.29315     56.62       5.58
2019.29589     72.78       5.08
2019.29863     63.95       4.21
2019.30137     53.38       4.41
2019.30411     61.99       4.76
2019.30685     56.17       4.81
2019.30959     49.99       4.54
2019.31233     52.81       4.63
2019.31507     56.09       4.17
2019.31781     53.76       3.84
2019.32055     55.64       4.32
2019.32329     55.73       4.35
2019.32603     53.10       4.88
2019.32877     53.85       4.33
2019.33151     59.79       4.22
2019.33425     45.42       4.33
2019.33699     47.95       4.06
2019.33973     47.93       4.28
2019.34247     53.50       4.54
2019.34521     50.53       4.54
2019.34795     52.58       4.31
2019.35068     53.20       4.01
2019.35342     50.90       4.26
2019.35616     49.61       4.41
2019.35890     50.84       4.17
2019.36164     55.74       4.28
2019.36438     54.18       4.22
2019.36712     59.19       4.54
2019.36986     44.41       4.43
2019.37260     44.94       4.88
2019.37534     46.22       4.18
2019.37808     59.26       4.22
2019.38082     49.64       4.63
2019.38356     49.96       4.55
2019.38630     50.63       4.29
2019.38904     55.24       4.29
2019.39178     53.20       4.51
2019.39452     53.05       4.45
2019.39726     51.55       4.06
2019.40000     51.31       4.43
2019.40274     49.16       4.34
2019.40548     55.48       4.39
2019.40822     52.87       4.29
2019.41096     58.33       3.94
2019.41370     55.10       4.07
2019.41644     56.44       3.92
2019.41918     60.35       4.16
2019.42192     63.57       4.37
2019.42466     53.66       4.28
2019.42740     50.51       4.73
2019.43014     58.49       4.28
2019.43288     56.95       4.24
2019.43562     62.67       4.34
2019.43836     63.16       4.72
2019.44110     60.30       4.45
2019.44384     56.20       4.34
2019.44658     33.15       5.07
2019.44932     56.68       4.38
2019.45205     45.94       4.29
2019.45479     52.15       4.79
2019.45753     47.40       4.28
2019.46027     53.79       4.59
2019.46301     50.82       4.44
2019.46575     53.22       4.27
2019.46849     50.63       4.44
2019.47123     64.24       4.49
2019.47397     52.92       4.68
2019.47671     57.59       4.34
2019.47945     47.02       4.80
2019.48219     49.41       4.56
2019.48493     53.57       4.39
2019.48767     53.66       4.36
2019.49041     42.59       4.77
2019.49315     47.25       4.49
2019.49589     53.58       4.45
2019.49863     44.88       4.87
2019.50137     67.45       4.78
2019.50411     58.99       4.68
2019.50685     37.19       4.47
2019.50959     53.51       4.94
2019.51233     61.74       4.74
2019.51507     54.34       5.12
2019.51781     58.20       5.21
2019.52055     51.21       5.62
2019.52329     53.66       4.66
2019.52603     53.54       3.68
2019.52877     51.89       3.78
2019.53151     52.27       3.57
2019.53425     47.27       3.55
2019.53699     49.98       3.91
2019.53973     43.40       4.37
2019.54247     49.88       4.60
2019.54521     65.54       4.41
2019.54795     67.81       4.88
2019.55068     56.44       4.39
2019.55342     47.84       4.60
2019.55616     44.31       4.62
2019.55890     42.18       4.72
2019.56164     47.97       4.21
2019.56438     48.05       4.40
2019.56712     55.08       4.33
2019.56986     54.71       4.18
2019.57260     61.12       3.97
2019.57534     42.78       4.67
2019.57808     52.53       4.34
2019.58082     57.35       4.11
2019.58356     52.50       4.39
2019.58630     40.49       4.33
2019.58904     53.21       3.97
2019.59178     63.27       4.36
2019.59452     47.46       4.54
2019.59726     58.36       4.46
2019.60000     51.76       4.05
2019.60274     50.67       4.37
2019.60548     51.63       4.05
2019.60822     42.62       4.12
2019.61370     63.65       4.45
2019.61644     55.92       4.84
2019.61918     49.83       4.79
2019.62192     47.73       4.52
2019.62466     52.94       4.11
2019.62740     62.64       3.84
2019.63014     47.07       4.12
2019.63288     48.72       4.24
2019.63562     57.40       3.86
2019.63836     46.24       4.44
2019.64110     34.23       4.38
2019.64384     48.80       4.25
2019.64658     54.25       3.99
2019.64932     47.91       4.63
2019.65205     50.71       4.11
2019.65479     54.45       4.00
2019.65753     38.60       4.58
2019.66027     42.41       4.26
2019.66301     51.89       3.76
2019.66575     49.69       4.12
2019.66849     45.72       4.00
2019.67123     50.62       4.12
2019.67397     59.74       3.81
2019.67671     49.57       4.09
2019.67945     46.73       4.13
2019.68219     56.02       3.61
2019.68767     56.19       4.27
2019.69041     54.14       3.88
2019.69315     44.96       4.02
2019.69589     49.82       3.66
2019.69863     58.75       3.80
2019.70137     70.54       4.44
2019.70411     53.85       4.03
2019.70685     60.10       3.87
2019.70959     53.72       3.56
2019.71233     42.55       3.88
2019.71507     43.22       3.89
2019.71781     45.80       3.78
2019.72055     55.99       3.93
2019.72329     48.24       3.86
2019.72603     47.47       3.71
2019.72877     51.77       3.77
2019.73151     50.03       3.53
2019.73425     52.19       3.72
2019.73699     54.33       3.75
2019.73973     60.21       4.09
2019.74247     40.44       3.91
2019.74521     53.95       3.91
2019.74795     52.50       4.02
2019.75068     56.31       4.25
2019.75342     53.05       4.14
2019.75616     56.56       4.03
2019.75890     51.96       3.97
2019.76164     40.62       3.70
2019.76438     52.25       3.65
2019.76712     57.53       3.88
2019.76986     55.49       3.82
2019.77260     55.13       3.67
2019.77534     52.28       3.83
2019.77808     51.63       4.18
2019.78082     51.46       3.80
2019.78356     43.57       3.66
2019.78630     48.58       3.62
2019.78904     51.54       3.70
2019.79178     48.91       3.73
2019.79452     53.75       3.76
2019.79726     51.73       3.76
2019.80000     53.23       3.71
2019.80274     51.27       3.94
2019.80548     55.30       3.80
2019.80822     52.09       3.62
2019.81096     52.46       3.87
2019.81370     49.46       4.02
2019.81644     54.33       3.87
2019.81918     55.53       3.76
2019.82192     51.96       3.89
2019.82466     52.01       3.86
2019.82740     53.44       3.90
2019.83014     57.90       3.83
2019.83288     53.66       3.76
2019.83562     48.95       3.57
2019.83836     54.74       3.47
2019.84110     58.36       3.71
2019.84384     51.79       3.94
2019.84658     51.00       3.82
2019.84932     56.47       3.73
2019.85205     46.06       3.53
2019.85479     50.98       3.81
2019.85753     51.32       3.70
2019.86027     56.00       3.65
2019.86301     51.59       3.70
2019.86575     54.88       4.06
2019.86849     50.55       3.64
2019.87123     58.03       3.84
2019.87397     53.43       3.80
2019.87671     57.23       3.85
2019.87945     56.05       3.63
2019.88219     55.94       3.56
2019.88493     55.15       3.51
2019.88767     51.15       3.74
2019.89041     57.43       3.57
2019.89315     54.26       3.58
2019.89589     51.48       3.69
2019.89863     52.18       3.78
2019.90137     55.63       3.71
2019.90411     58.70       3.52
2019.90685     54.34       3.70
2019.90959     50.74       3.77
2019.91233     50.10       4.14
2019.91507     50.43       3.62
2019.91781     53.00       3.57
2019.92055     47.73       3.82
2019.92329     55.33       3.89
2019.92603     53.10       3.78
2019.92877     52.41       3.57
2019.93151     47.28       3.74
2019.93425     42.64       3.84
2019.93699     57.87       3.52
2019.94521     47.80       3.53
2019.94795     46.96       3.55
2019.95068     50.86       3.73
2019.95342     56.68       3.63
2019.95616     55.45       3.66
2019.95890     54.95       3.62
2019.96164     53.58       3.83
2019.96438     56.75       3.73
2019.96712     51.73       3.97
2019.96986     51.68       3.54
2019.97260     55.02       3.52
2019.97534     54.03       3.74
2019.97808     58.61       3.79
2019.98082     50.07       3.67
2019.98356     55.99       3.76
2019.98630     57.53       3.98
2019.98904     52.90       3.79
2019.99178     53.65       3.65
2019.99452     52.31       3.71
2019.99726     47.87       3.82
2020.00000     44.12       3.58
2020.00273     51.75       3.72
2020.00546     58.06       3.85
2020.00820     57.67       3.83
2020.01093     60.42       3.77
2020.01366     58.91       3.81
2020.01639     59.90       3.88
2020.01913     59.79       3.74
2020.02186     61.26       3.97
2020.02459     56.73       3.68
2020.02732     56.70       3.70
2020.03005     53.00       3.80
2020.03279     51.98       3.85
2020.03552     51.57       3.91
2020.03825     55.89       3.64
2020.04098     61.00       4.40
2020.04372     57.98       4.32
2020.04645     56.39       4.00
2020.04918     56.71       4.10
2020.05191     61.08       3.59
2020.05464     52.35       3.53
2020.05738     60.18       3.61
2020.06011     56.34       4.05
2020.06284     58.55       4.40
2020.06557     57.63       4.13
2020.06831     60.55       4.15
2020.07104     52.94       4.20
2020.07377     50.41       4.05
2020.07650     54.31       4.19
2020.07923     52.67       4.17
2020.08197     59.94       3.97
2020.08470     51.30       4.24
2020.08743     50.36       4.29
2020.09016     56.36       4.12
2020.09290     54.46       3.87
2020.09563     51.89       3.89
2020.09836     53.60       4.80
2020.10109     53.03       3.92
2020.10383     46.86       3.67
2020.10656     54.07       4.29
2020.10929     50.90       3.90
2020.11202     68.03       4.23
2020.11475     57.76       4.14
2020.11749     57.51       4.71
2020.12022     56.93       4.24
2020.12295     53.67       4.49
2020.12568     61.47       4.26
2020.12842     49.16       3.99
2020.13115     52.44       4.43
2020.13388     51.04       4.43
2020.13661     47.24       4.36
2020.13934     58.21       4.06
2020.14208     54.34       4.23
2020.14481     54.92       4.06
2020.14754     52.11       4.02
2020.15027     57.34       4.73
2020.15301     48.68       4.27
2020.15574     53.40       4.11
2020.15847     55.67       4.29
2020.16120     52.44       4.45
2020.16393     51.82       4.47
2020.16667     47.59       4.35
2020.16940     55.50       4.15
2020.17213     53.66       3.86
2020.17486     57.39       4.11
2020.17760     60.68       4.68
2020.18033     48.22       4.43
2020.18306     56.89       3.92
2020.18579     53.75       4.35
2020.18852     56.15       4.27
2020.19126     58.11       4.01
2020.19399     49.62       3.94
2020.19672     56.28       4.25
2020.19945     56.48       3.89
2020.20219     52.67       4.23
2020.20492     54.65       3.89
2020.20765     53.02       3.81
2020.21038     56.20       4.12
2020.21311     56.81       4.34
2020.21585     45.08       4.14
2020.21858     55.23       3.94
2020.22131     57.00       4.07
2020.22404     57.63       4.33
2020.22678     58.09       3.64
2020.22951     51.75       4.16
2020.23224     64.22       4.12
2020.23497     58.47       3.99
2020.23770     51.86       3.73
2020.24044     49.96       4.11
2020.24317     49.93       4.16
2020.24590     45.98       3.84
2020.24863     50.10       4.04
2020.25137     54.84       4.57
2020.25410     47.02       4.04
2020.25683     49.90       3.98
2020.25956     53.54       4.32
2020.26230     52.39       4.00
2020.26503     52.93       4.25
2020.26776     53.98       4.10
2020.27049     58.01       4.05
2020.27322     60.50       3.98
2020.27596     55.93       3.88
2020.27869     58.42       4.20
2020.28142     49.61       4.05
2020.28415     53.47       4.32
2020.28689     61.76       4.48
2020.28962     54.62       4.55
2020.29235     62.46       4.24
2020.29508     63.39       4.34
2020.29781     52.00       4.59
2020.30055     46.49       4.05
2020.30328     53.98       3.75
2020.30601     52.68       4.25
2020.30874     56.99       4.19
2020.31148     54.00       4.16
2020.31421     53.61       4.41
2020.31694     54.50       4.33
2020.31967     51.36       4.18
2020.32240     62.42       4.13
2020.32514     55.27       3.99
2020.32787     56.61       3.60
2020.33060     58.94       3.67
2020.33333     60.15       3.73
2020.33607     58.76       3.63
2020.33880     60.80       3.58
2020.34153     51.68       3.73
2020.34426     55.06       3.64
2020.34699     65.24       3.74
2020.34973     56.02       3.57
2020.35246     60.31       3.72
2020.35519     55.67       3.79
2020.35792     59.12       3.71
2020.36066     54.42       3.80
2020.36339     53.72       3.67
2020.36612     62.30       3.56
2020.36885     59.24       3.73
2020.37158     70.70       3.89
2020.37432     57.33       3.68
2020.37705     58.27       3.82
2020.37978     69.42       3.63
2020.38251     64.96       3.62
2020.38525     56.37       3.77
2020.38798     56.79       4.06
2020.39071     46.55       3.62
2020.39344     47.43       3.72
2020.39617     48.92       3.59
2020.39891     60.36       3.94
2020.40164     59.95       3.73
2020.40437     61.42       3.89
2020.40710     53.88       3.65
2020.40984     57.65       3.87
2020.41257     56.93       3.56
2020.41530     54.73       3.69
2020.41803     56.18       3.60
2020.42077     53.31       3.69
2020.42350     58.69       3.75
2020.42623     59.52       3.69
2020.42896     65.25       3.92
2020.43169     52.96       3.68
2020.43443     53.31       3.70
2020.43716     57.89       3.67
2020.43989     49.55       3.56
2020.44262     62.94       3.70
2020.44536     59.25       3.65
2020.44809     54.18       3.75
2020.45082     53.54       3.67
2020.45355     52.21       3.53
2020.45628     55.00       3.55
2020.45902     53.98       3.57
2020.46175     51.38       3.50
2020.46448     51.66       3.64
2020.46721     46.89       3.71
2020.46995     59.18       3.82
2020.47268     49.15       3.81
2020.47541     42.19       3.94
2020.47814     60.96       3.75
2020.48087     55.27       3.80
2020.48361     73.13       4.01
2020.48634     65.81       3.89
2020.48907     67.68       3.86
2020.49180     64.97       3.84
2020.49454     49.19       3.87
2020.49727     52.17       3.94
2020.50000     54.17       6.42
2020.50273     62.94       3.68
2020.50546     71.59       4.07
2020.50820     59.65       3.60
2020.51093     57.06       3.91
2020.51366     62.65       3.77
2020.51639     63.84       3.89
2020.51913     64.20       3.82
2020.52186     58.12       3.64
2020.52459     53.68       3.74
2020.52732     63.85       4.01
2020.53005     52.12       3.78
2020.53279     62.35       3.93
2020.53552     52.50       3.89
2020.53825     64.39       3.91
2020.54098     62.73       3.74
2020.54372     57.30       3.59
2020.54645     61.27       3.70
2020.54918     61.52       3.85
2020.55191     62.47       4.06
2020.55464     55.36       3.96
2020.55738     63.36       3.92
2020.56011     63.74       3.97
2020.56284     56.75       3.84
2020.56557     65.87       3.82
2020.56831     57.05       4.05
2020.57104     50.93       3.98
2020.57377     58.33       3.86
2020.57650     65.79       3.93
2020.57923     57.02       3.85
2020.58197     68.36       3.84
2020.58470     60.46       4.17
2020.58743     66.35       3.95
2020.59016     62.09       3.83
2020.59290     48.38       4.04
2020.59563     62.78       3.94
2020.59836     67.01       4.05
2020.60109     56.17       3.89
2020.60383     50.34       3.97
2020.60656     47.32       3.83
2020.60929     53.12       3.86
2020.61202     53.80       3.93
2020.61475     62.67       3.91
2020.61749     61.26       3.89
2020.62022     52.69       3.82
2020.62295     56.55       3.80
2020.62568     47.60       3.84
2020.62842     52.28       3.88
2020.63115     52.37       3.88
2020.63388     43.34       3.91
2020.63661     39.97       8.73
2020.63934     30.52       4.32
2020.64208     65.43       4.09
2020.64481     50.22       3.87
2020.64754     71.49       4.29
2020.65027     51.19       4.13
2020.65301     55.80       4.20
2020.65574     59.38       3.93
2020.65847     56.46       3.82
2020.66120     47.66       3.88
2020.66393     60.52       4.15
2020.66667     57.23       4.02
2020.66940     56.25       4.01
2020.67213     65.16       3.91
2020.67486     50.67       4.06
2020.67760     54.28       3.87
2020.68033     63.41       3.88
2020.68306     56.44       3.90
2020.68579     60.99       3.82
2020.68852     65.03       3.74
2020.69126     56.71       3.97
2020.69399     52.95       4.40
2020.69672     65.37       4.00
2020.69945     50.01       4.06
2020.70219     62.50       4.02
2020.70492     67.45       4.16
2020.70765     64.64       4.03
2020.71038     68.62       4.07
2020.71311     53.98       4.27
2020.71585     62.25       4.21
2020.71858     59.97       4.16
2020.72131     52.70       4.11
2020.72404     53.77       4.10
2020.72678     56.88       4.01
2020.72951     48.13       3.93
2020.73224     50.17       3.94
2020.73497     49.11       3.96
2020.73770     61.71       4.08
2020.74044     58.63       3.91
2020.74317     56.10       3.82
2020.74590     57.63       4.01
2020.74863     56.45       4.03
2020.75137     55.38       3.94
2020.75410     67.49       4.08
2020.75683     43.66       4.03
2020.75956     55.51       3.99
2020.76230     57.68       3.96
2020.76503     52.41       4.07
2020.76776     61.64       4.03
2020.77049     48.75       4.08
2020.77322     41.65       4.05
2020.77596     47.22       4.09
2020.77869     64.78       4.07
2020.78142     57.88       4.14
2020.78415     64.67       4.28
2020.78689     54.86       4.15
2020.78962     55.17       4.27
2020.79235     51.62       3.88
2020.79508     42.78       4.17
2020.79781     66.62       4.18
2020.80055     52.62       4.27
2020.80328     54.84       4.15
2020.80601     50.79       4.09
2020.80874     46.48       3.91
2020.81148     45.17       3.92
2020.81421     59.52       3.92
2020.81694     51.64       4.09
2020.81967     52.61       4.05
2020.82240     53.85       4.27
2020.82514     56.27       4.05
2020.82787     49.29       4.03
2020.83060     49.41       4.08
2020.83333     55.29       4.28
2020.83607     53.78       3.93
2020.83880     53.90       3.96
2020.84153     61.17       4.00
2020.84426     52.48       4.21
2020.84699     46.66       4.30
2020.84973     52.39       4.12
2020.85246     60.86       3.99
2020.85519     55.20       4.14
2020.85792     57.20       4.13
2020.86066     44.61       4.01
2020.86339     48.51       4.10
2020.86612     39.80       4.08
2020.86885     44.69       3.98
2020.87158     47.02       3.99
2020.87432     61.42       4.44
2020.87705     50.18       4.28
2020.87978     48.12       4.33
2020.88251     45.90       4.41
2020.88525     47.88       4.36
2020.88798     43.08       4.12
2020.89071     41.88       4.15
2020.89344     35.67       4.33
2020.89617     47.32       4.62
2020.89891     42.11       4.09
2020.90164     40.69       4.22
2020.90437     55.59       4.13
2020.90710     46.89       4.25
2020.90984     55.64       4.10
2020.91257     39.21       4.13
2020.91530     43.78       4.07
2020.91803     51.19       3.98
2020.92077     51.11       3.93
2020.92350     52.00       4.05
2020.92623     57.71       3.92
2020.92896     59.09       3.80
2020.93169     52.95       3.88
2020.93443     50.95       3.89
2020.93716     50.78       4.21
2020.93989     60.53       3.95
2020.94262     64.10       3.73
2020.94536     58.28       3.77
2020.94809     59.23       3.84
2020.95082     57.84       3.77
2020.95355     64.91       3.88
2020.95628     60.40       3.72
2020.95902     62.58       3.69
2020.96175     57.50       3.90
2020.96448     51.00       3.79
2020.96721     60.93       3.74
2020.96995     56.69       3.76
2020.97268     59.38       3.74
2020.97541     53.87       3.69
2020.97814     55.54       3.81
2020.98087     57.11       3.77
2020.98361     55.98       3.65
2020.98634     67.20       3.87
2020.98907     59.80       3.81
2020.99180     51.77       3.77
2020.99454     55.16       3.74
2021.00000     53.31       3.58
2021.00274     53.99       3.68
2021.00548     55.49       3.71
2021.00822     45.72       3.73
2021.01096     51.14       3.59
2021.01370     54.96       3.57
2021.01644     52.78       3.71
2021.01918    103.63       4.25
2021.02466     53.54       3.65
2021.02740     56.33       3.73
2021.03014     58.18       3.75
2021.03288     59.93       3.76
2021.03562     61.97       3.81
2021.03836     59.26       3.78
2021.04110     58.25       3.80
2021.04384     53.30       3.72
2021.04658     56.61       3.76
2021.04932     56.07       3.74
2021.05205     53.93       3.89
2021.05479     72.90       3.91
2021.05753     60.26       3.94
2021.06027     60.36       3.73
2021.06301     63.49       3.68
2021.06575     59.00       3.81
2021.06849     63.55       3.63
2021.07123     60.92       3.73
2021.07397    105.36       4.09
2021.07671     56.55       3.60
2021.07945     60.90       3.79
2021.08219     56.63       3.70
2021.08493     57.10       3.69
2021.08767    103.36       4.26
2021.09041     63.83       3.67
2021.09315     51.83       3.91
2021.09589     55.83       3.87
2021.09863     59.24       3.78
2021.10137     54.08       3.73
2021.10411     58.22       3.82
2021.10685     61.96       3.79
2021.10959     60.19       3.76
2021.11233     61.73       3.84
2021.11507     56.84       3.72
2021.11781     63.56       3.66
2021.12055     56.71       3.80
2021.12329     54.34       3.91
2021.12603     58.95       3.78
2021.12877     56.64       3.78
2021.13151     55.39       3.83
2021.13973     58.11       3.79
2021.14247     54.86       3.59
