1995.93699  0
1995.93973  0
1995.94521  0
1995.95068  0
1995.95342  0
1995.95616  0
1995.96164  0
1995.96438  0
1995.96712  0
1995.96986  0
1995.97260  0
1995.99452  0
1995.99726  0
1996.00000  0
1996.00273  0
1996.00546  0
1996.00820  0
1996.01093  0
1996.01366  0
1996.01639  0
1996.01913  0
1996.02186  0
1996.02459  0
1996.02732  0
1996.03005  0
1996.03279  0
1996.03552  0
1996.03825  0
1996.04372  0
1996.04645  0
1996.04918  0
1996.05191  0
1996.05464  0
1996.05738  0
1996.06011  0
1996.06284  0
1996.06557  0
1996.06831  0
1996.07104  0
1996.07377  0
1996.07650  0
1996.07923  0
1996.08197  0
1996.08470  0
1996.08743  0
1996.09016  0
1996.09290  0
1996.09563  0
1996.09836  0
1996.10109  0
1996.10383  0
1996.10656  0
1996.10929  0
1996.11202  0
1996.11475  0
1996.11749  0
1996.12022  0
1996.12295  0
1996.12568  0
1996.12842  0
1996.13115  0
1996.13388  0
1996.13661  0
1996.13934  0
1996.14208  0
1996.14481  0
1996.14754  0
1996.15027  0
1996.15301  0
1996.15574  0
1996.15847  0
1996.16120  0
1996.16393  0
1996.16667  0
1996.16940  0
1996.17213  0
1996.17486  0
1996.17760  0
1996.18033  0
1996.18306  0
1996.18579  0
1996.18852  0
1996.19126  0
1996.19399  0
1996.19672  0
1996.19945  0
1996.20219  0
1996.20492  0
1996.20765  0
1996.21038  0
1996.21311  0
1996.21585  0
1996.21858  0
1996.22131  0
1996.22404  0
1996.22678  0
1996.22951  0
1996.23224  0
1996.23497  0
1996.23770  0
1996.24044  0
1996.24317  0
1996.24590  0
1996.24863  0
1996.25137  0
1996.25410  0
1996.25683  0
1996.25956  0
1996.26230  0
1996.26503  0
1996.26776  0
1996.27049  0
1996.27322  0
1996.27596  0
1996.27869  0
1996.28142  0
1996.28415  0
1996.28689  0
1996.28962  0
1996.29235  0
1996.29508  0
1996.29781  0
1996.30055  0
1996.30328  0
1996.30601  0
1996.30874  0
1996.31148  0
1996.31421  0
1996.31694  0
1996.31967  0
1996.32240  0
1996.32514  0
1996.32787  0
1996.33060  0
1996.33333  0
1996.33607  0
1996.33880  0
1996.34153  0
1996.34426  0
1996.34699  0
1996.34973  0
1996.35246  0
1996.35519  0
1996.35792  0
1996.36066  0
1996.36339  0
1996.36612  0
1996.36885  0
1996.37158  0
1996.37432  0
1996.37705  0
1996.37978  0
1996.38251  0
1996.38525  0
1996.38798  0
1996.39071  0
1996.39344  0
1996.39617  0
1996.39891  0
1996.40164  0
1996.40437  0
1996.40710  0
1996.40984  0
1996.41257  0
1996.41530  0
1996.41803  0
1996.42077  0
1996.42350  0
1996.42623  0
1996.42896  0
1996.43169  0
1996.43443  0
1996.43716  0
1996.43989  0
1996.44262  0
1996.44536  0
1996.44809  0
1996.45082  0
1996.45355  0
1996.45628  0
1996.45902  0
1996.46175  0
1996.46448  0
1996.46721  0
1996.46995  0
1996.47268  0
1996.47541  0
1996.47814  0
1996.48087  0
1996.48361  0
1996.48634  0
1996.48907  0
1996.49180  0
1996.49454  0
1996.49727  0
1996.50000  0
1996.50273  0
1996.50546  0
1996.50820  0
1996.51093  0
1996.51366  0
1996.51639  0
1996.51913  0
1996.52186  0
1996.52459  0
1996.52732  0
1996.53005  0
1996.53279  0
1996.53552  0
1996.53825  0
1996.54098  0
1996.54372  0
1996.54645  0
1996.54918  0
1996.55191  0
1996.55464  0
1996.55738  0
1996.56011  0
1996.56284  0
1996.56557  0
1996.56831  0
1996.57104  0
1996.57377  0
1996.57650  0
1996.57923  0
1996.58197  0
1996.58470  0
1996.58743  0
1996.59016  0
1996.59290  0
1996.59563  0
1996.59836  0
1996.60109  0
1996.60383  0
1996.60656  0
1996.60929  0
1996.61202  0
1996.61475  0
1996.61749  0
1996.62022  0
1996.62295  0
1996.62568  0
1996.62842  0
1996.63115  0
1996.63388  0
1996.63661  0
1996.63934  0
1996.64208  0
1996.64481  0
1996.64754  0
1996.65027  0
1996.65301  0
1996.65574  0
1996.65847  0
1996.66120  0
1996.66393  0
1996.66667  0
1996.66940  0
1996.67213  0
1996.67486  0
1996.67760  0
1996.68033  0
1996.68306  0
1996.68852  0
1996.69126  0
1996.69399  0
1996.69672  0
1996.69945  0
1996.70219  0
1996.70492  0
1996.70765  0
1996.71038  0
1996.71311  0
1996.71585  0
1996.71858  0
1996.72131  0
1996.72404  0
1996.72678  0
1996.72951  0
1996.73224  0
1996.73497  0
1996.73770  0
1996.74044  0
1996.74317  0
1996.74590  0
1996.74863  0
1996.75137  0
1996.75410  0
1996.75683  0
1996.75956  0
1996.76230  0
1996.76503  0
1996.76776  0
1996.77049  0
1996.77322  0
1996.77596  0
1996.77869  0
1996.78142  0
1996.78415  0
1996.78689  0
1996.78962  0
1996.79235  0
1996.79508  0
1996.79781  0
1996.80055  0
1996.80328  0
1996.80601  0
1996.80874  0
1996.81148  0
1996.81421  0
1996.81694  0
1996.81967  0
1996.82240  0
1996.82514  0
1996.82787  0
1996.83060  0
1996.83333  0
1996.83607  0
1996.83880  0
1996.84153  0
1996.84426  0
1996.84699  0
1996.84973  0
1996.85246  0
1996.85519  0
1996.85792  0
1996.86066  0
1996.86339  0
1996.86612  0
1996.86885  0
1996.87158  0
1996.87432  0
1996.87705  0
1996.87978  0
1996.88251  0
1996.88525  0
1996.88798  0
1996.89071  0
1996.89344  0
1996.89617  0
1996.89891  0
1996.90164  0
1996.90437  0
1996.90984  0
1996.91257  0
1996.91530  0
1996.91803  0
1996.92077  0
1996.92350  0
1996.92623  0
1996.92896  0
1996.93169  0
1996.93443  0
1996.93716  0
1996.93989  0
1996.94262  0
1996.94536  0
1996.94809  0
1996.95082  0
1996.95355  0
1996.95628  0
1996.95902  0
1996.96175  0
1996.96448  0
1996.96721  0
1996.96995  0
1996.97268  0
1996.97541  0
1996.97814  0
1996.98087  0
1996.98361  0
1996.98634  0
1996.98907  0
1996.99180  0
1996.99454  0
1996.99727  0
1997.00000  0
1997.00274  0
1997.00548  0
1997.00822  0
1997.01096  0
1997.01370  0
1997.01644  0
1997.01918  0
1997.02192  0
1997.02466  0
1997.02740  0
1997.03014  0
1997.03288  0
1997.03562  0
1997.03836  0
1997.04110  0
1997.04384  0
1997.04658  0
1997.04932  0
1997.05205  0
1997.05479  0
1997.05753  0
1997.06027  0
1997.06301  0
1997.06575  0
1997.06849  0
1997.07123  0
1997.07397  0
1997.07671  0
1997.07945  0
1997.08219  0
1997.08493  0
1997.08767  0
1997.09041  0
1997.09315  0
1997.09589  0
1997.09863  0
1997.10137  0
1997.10411  0
1997.10685  0
1997.10959  0
1997.11233  0
1997.11507  0
1997.11781  0
1997.12055  0
1997.12329  0
1997.12603  0
1997.12877  0
1997.13151  0
1997.13425  0
1997.13699  0
1997.13973  0
1997.14247  0
1997.14521  0
1997.14795  0
1997.15068  0
1997.15342  0
1997.15616  0
1997.15890  0
1997.16164  0
1997.16438  0
1997.16712  0
1997.16986  0
1997.17260  0
1997.17534  0
1997.17808  0
1997.18082  0
1997.18356  0
1997.18630  0
1997.18904  0
1997.19178  0
1997.19452  0
1997.19726  0
1997.20000  0
1997.20274  0
1997.20548  0
1997.20822  0
1997.21096  0
1997.21370  0
1997.21644  0
1997.21918  0
1997.22192  0
1997.22466  0
1997.22740  0
1997.23014  0
1997.23288  0
1997.23562  0
1997.23836  0
1997.24110  0
1997.24384  0
1997.24658  0
1997.24932  0
1997.25205  0
1997.25479  0
1997.25753  0
1997.26027  0
1997.26301  0
1997.26575  0
1997.26849  0
1997.27123  0
1997.27397  0
1997.27671  0
1997.27945  0
1997.28219  0
1997.28493  0
1997.28767  0
1997.29041  0
1997.29315  0
1997.29589  0
1997.29863  0
1997.30137  0
1997.30411  0
1997.30685  0
1997.30959  0
1997.31233  0
1997.31507  0
1997.31781  0
1997.32055  0
1997.32329  0
1997.32603  0
1997.32877  0
1997.33151  0
1997.33425  0
1997.33699  0
1997.33973  0
1997.34247  0
1997.34521  0
1997.34795  0
1997.35068  0
1997.35342  0
1997.35616  0
1997.35890  0
1997.36164  0
1997.36438  0
1997.36712  0
1997.36986  0
1997.37260  0
1997.37534  0
1997.37808  0
1997.38082  0
1997.38356  0
1997.38630  0
1997.38904  0
1997.39178  0
1997.39452  0
1997.39726  0
1997.40000  0
1997.40274  0
1997.40548  0
1997.40822  0
1997.41096  0
1997.41370  0
1997.41644  0
1997.41918  0
1997.42192  0
1997.42466  0
1997.42740  0
1997.43014  0
1997.43288  0
1997.43562  0
1997.43836  0
1997.44110  0
1997.44384  0
1997.44658  0
1997.44932  0
1997.45205  0
1997.45479  0
1997.45753  0
1997.46027  0
1997.46301  0
1997.46575  0
1997.46849  0
1997.47123  0
1997.47397  0
1997.47671  0
1997.47945  0
1997.48219  0
1997.48493  0
1997.48767  0
1997.49041  0
1997.49315  0
1997.49589  0
1997.49863  0
1997.50137  0
1997.50411  0
1997.50685  0
1997.50959  0
1997.51233  0
1997.51507  0
1997.51781  0
1997.52055  0
1997.52329  0
1997.52603  0
1997.52877  0
1997.53151  0
1997.53425  0
1997.53699  0
1997.53973  0
1997.54247  0
1997.54521  0
1997.54795  0
1997.55068  0
1997.55342  0
1997.55616  0
1997.55890  0
1997.56164  0
1997.56438  0
1997.56712  0
1997.56986  0
1997.57260  0
1997.57534  0
1997.57808  0
1997.58082  0
1997.58356  0
1997.58630  0
1997.58904  0
1997.59178  0
1997.59452  0
1997.59726  0
1997.60000  0
1997.60274  0
1997.60548  0
1997.60822  0
1997.61096  0
1997.61370  0
1997.61644  0
1997.61918  0
1997.62192  0
1997.62466  0
1997.62740  0
1997.63014  0
1997.63288  0
1997.63562  0
1997.63836  0
1997.64110  0
1997.64384  0
1997.64658  0
1997.64932  0
1997.65205  0
1997.65479  0
1997.65753  0
1997.66027  0
1997.66301  0
1997.66575  0
1997.66849  0
1997.67123  0
1997.67397  0
1997.67671  0
1997.67945  0
1997.68219  0
1997.68493  0
1997.68767  0
1997.69041  0
1997.69315  0
1997.69589  0
1997.69863  0
1997.70137  0
1997.70411  0
1997.70685  0
1997.70959  0
1997.71233  0
1997.71507  0
1997.71781  0
1997.72055  0
1997.72329  0
1997.72603  0
1997.72877  0
1997.73151  0
1997.73425  0
1997.73699  0
1997.73973  0
1997.74247  0
1997.74521  0
1997.74795  0
1997.75068  0
1997.75342  0
1997.75616  0
1997.75890  0
1997.76164  0
1997.76438  0
1997.76712  0
1997.76986  0
1997.77260  0
1997.77534  0
1997.77808  0
1997.78082  0
1997.78356  0
1997.78630  0
1997.78904  0
1997.79178  0
1997.79452  0
1997.79726  0
1997.80000  0
1997.80274  0
1997.80548  0
1997.80822  0
1997.81096  0
1997.81370  0
1997.81644  0
1997.81918  0
1997.82192  0
1997.82466  0
1997.82740  0
1997.83014  0
1997.83288  0
1997.83562  0
1997.83836  0
1997.84110  0
1997.84384  0
1997.84658  0
1997.84932  0
1997.85205  0
1997.85479  0
1997.85753  0
1997.86027  0
1997.86301  0
1997.86575  0
1997.86849  0
1997.87123  0
1997.87397  0
1997.87671  0
1997.87945  0
1997.88219  0
1997.88493  0
1997.88767  0
1997.89041  0
1997.89315  0
1997.89589  0
1997.89863  0
1997.90137  0
1997.90411  0
1997.90685  0
1997.90959  0
1997.91233  0
1997.91507  0
1997.91781  0
1997.92055  0
1997.92329  0
1997.92603  0
1997.92877  0
1997.93151  0
1997.93425  0
1997.93699  0
1997.93973  0
1997.94247  0
1997.94521  0
1997.94795  0
1997.95068  0
1997.95342  0
1997.95616  0
1997.95890  0
1997.96164  0
1997.96438  0
1997.96712  0
1997.96986  0
1997.97260  0
1997.97534  0
1997.97808  0
1997.98082  0
1997.98356  0
1997.98630  0
1997.98904  0
1997.99178  0
1997.99452  0
1997.99726  0
1998.00000  0
1998.00274  0
1998.00548  0
1998.00822  0
1998.01096  0
1998.01370  0
1998.01644  0
1998.01918  0
1998.02192  0
1998.02466  0
1998.02740  0
1998.03014  0
1998.03288  0
1998.03562  0
1998.03836  0
1998.04110  0
1998.04384  0
1998.04658  0
1998.04932  0
1998.05205  0
1998.05479  0
1998.05753  0
1998.06027  0
1998.06301  0
1998.06575  0
1998.06849  0
1998.07123  0
1998.07397  0
1998.07671  0
1998.07945  0
1998.08219  0
1998.08493  0
1998.08767  0
1998.09041  0
1998.09315  0
1998.09589  0
1998.09863  0
1998.10137  0
1998.10411  0
1998.10685  0
1998.10959  0
1998.11233  0
1998.11507  0
1998.11781  0
1998.12055  0
1998.12329  0
1998.12603  0
1998.12877  0
1998.13151  0
1998.13425  0
1998.13699  0
1998.13973  0
1998.14247  0
1998.14521  0
1998.14795  0
1998.15068  0
1998.15342  0
1998.15616  0
1998.15890  0
1998.16164  0
1998.16438  0
1998.16712  0
1998.16986  0
1998.17260  0
1998.17534  0
1998.17808  0
1998.18082  0
1998.18356  0
1998.18630  0
1998.18904  0
1998.19178  0
1998.19452  0
1998.19726  0
1998.20000  0
1998.20274  0
1998.20548  0
1998.20822  0
1998.21096  0
1998.21370  0
1998.21644  0
1998.21918  0
1998.22192  0
1998.22466  0
1998.22740  0
1998.23014  0
1998.23288  0
1998.23562  0
1998.23836  0
1998.24110  0
1998.24384  0
1998.24658  0
1998.24932  0
1998.25205  0
1998.25479  0
1998.25753  0
1998.26027  0
1998.26301  0
1998.26575  0
1998.26849  0
1998.27123  0
1998.27397  0
1998.27671  0
1998.27945  0
1998.28219  0
1998.28493  0
1998.28767  0
1998.29041  0
1998.29315  0
1998.29589  0
1998.29863  0
1998.30137  0
1998.30411  0
1998.30685  0
1998.30959  0
1998.31233  0
1998.31507  0
1998.31781  0
1998.32055  0
1998.32329  0
1998.32603  0
1998.32877  0
1998.33151  0
1998.33425  0
1998.33699  0
1998.33973  0
1998.34247  0
1998.34521  0
1998.34795  0
1998.35068  0
1998.35342  0
1998.35616  0
1998.35890  0
1998.36164  0
1998.36438  0
1998.36712  0
1998.36986  0
1998.37260  0
1998.37534  0
1998.37808  0
1998.38082  0
1998.38356  0
1998.38630  0
1998.38904  0
1998.39178  0
1998.39452  0
1998.39726  0
1998.40000  0
1998.40274  0
1998.40548  0
1998.40822  0
1998.41096  0
1998.41370  0
1998.41644  0
1998.41918  0
1998.42192  0
1998.42466  0
1998.42740  0
1998.43014  0
1998.43288  0
1998.43562  0
1998.43836  0
1998.44110  0
1998.44384  0
1998.44658  0
1998.44932  0
1998.45205  0
1998.45479  0
1998.45753  0
1998.46027  0
1998.46301  0
1998.46575  0
1998.46849  0
1998.47123  0
1998.47397  0
1998.47671  0
1998.47945  0
1998.48219  0
1998.48493  0
1998.48767  0
1998.49041  0
1998.49315  0
1998.49589  0
1998.49863  0
1998.50137  0
1998.50411  0
1998.50685  0
1998.50959  0
1998.51233  0
1998.51507  0
1998.51781  0
1998.52055  0
1998.52329  0
1998.52603  0
1998.52877  0
1998.53151  0
1998.53425  0
1998.53699  0
1998.53973  0
1998.54247  0
1998.54521  0
1998.54795  0
1998.55068  0
1998.55342  0
1998.55616  0
1998.55890  0
1998.56164  0
1998.56438  0
1998.56712  0
1998.56986  0
1998.57260  0
1998.57534  0
1998.57808  0
1998.58082  0
1998.58356  0
1998.58630  0
1998.58904  0
1998.59178  0
1998.59452  0
1998.59726  0
1998.60000  0
1998.60274  0
1998.60548  0
1998.60822  0
1998.61096  0
1998.61370  0
1998.61644  0
1998.61918  0
1998.62192  0
1998.62466  0
1998.62740  0
1998.63014  0
1998.63288  0
1998.63562  0
1998.63836  0
1998.64110  0
1998.64384  0
1998.64658  0
1998.64932  0
1998.65205  0
1998.65479  0
1998.65753  0
1998.66027  0
1998.66301  0
1998.66575  0
1998.66849  0
1998.67123  0
1998.67397  0
1998.67671  0
1998.67945  0
1998.68219  0
1998.68493  0
1998.68767  0
1998.69041  0
1998.69315  0
1998.69589  0
1998.69863  0
1998.70137  0
1998.70411  0
1998.70685  0
1998.70959  0
1998.71233  0
1998.71507  0
1998.71781  0
1998.72055  0
1998.72329  0
1998.72603  0
1998.72877  0
1998.73151  0
1998.73425  0
1998.73699  0
1998.73973  0
1998.74247  0
1998.74521  0
1998.75068  0
1998.75342  0
1998.75616  0
1998.75890  0
1998.76164  0
1998.76438  0
1998.76712  0
1998.76986  0
1998.77260  0
1998.77534  0
1998.77808  0
1998.78082  0
1998.78356  0
1998.78630  0
1998.78904  0
1998.79178  0
1998.79726  0
1998.80000  0
1998.80274  0
1998.80548  0
1998.80822  0
1998.81096  0
1998.81370  0
1998.81644  0
1998.81918  0
1998.82192  0
1998.82466  0
1998.82740  0
1998.83014  0
1998.83288  0
1998.83562  0
1998.83836  0
1998.84110  0
1998.84384  0
1998.84658  0
1998.84932  0
1998.85205  0
1998.85479  0
1998.85753  0
1998.86027  0
1998.86301  0
1998.86575  0
1998.86849  0
1998.87123  0
1998.87397  0
1998.87671  0
1998.87945  0
1998.88219  0
1998.88493  0
1998.88767  0
1998.89041  0
1998.89315  0
1998.89589  0
1998.89863  0
1998.90137  0
1998.90411  0
1998.90685  0
1998.90959  0
1998.91233  0
1998.91507  0
1998.91781  0
1998.92055  0
1998.92329  0
1998.92603  0
1998.92877  0
1998.93151  0
1998.93425  0
1998.93699  0
1998.93973  0
1998.94247  0
1998.94521  0
1998.94795  0
1998.95068  0
1998.95342  0
1998.95616  0
1998.95890  0
1998.96164  0
1998.96438  0
1998.96712  0
1998.96986  0
1998.97260  0
1998.97534  0
1998.97808  0
1998.98082  0
1998.98356  0
1998.98630  0
1998.98904  0
1998.99178  0
1998.99452  0
1998.99726  0
1999.00000  0
1999.00274  0
1999.00548  0
1999.00822  0
1999.01096  0
1999.01370  0
1999.01644  0
1999.01918  0
1999.02192  0
1999.02466  0
1999.02740  0
1999.03014  0
1999.03288  0
1999.03562  0
1999.03836  0
1999.04110  0
1999.04384  0
1999.04658  0
1999.04932  0
1999.05205  0
1999.05479  0
1999.05753  0
1999.06027  0
1999.06301  0
1999.06575  0
1999.06849  0
1999.07123  0
1999.07397  0
1999.07671  0
1999.07945  0
1999.08219  0
1999.08493  0
1999.08767  0
1999.09041  0
1999.09315  0
1999.09589  0
1999.09863  0
1999.10137  0
1999.10411  0
1999.10685  0
1999.10959  0
1999.11233  0
1999.11507  0
1999.11781  0
1999.12055  0
1999.12329  0
1999.12603  0
1999.12877  0
1999.13151  0
1999.13425  0
1999.13699  0
1999.13973  0
1999.14247  0
1999.14521  0
1999.14795  0
1999.15068  0
1999.15342  0
1999.15616  0
1999.15890  0
1999.16164  0
1999.16438  0
1999.16712  0
1999.16986  0
1999.17260  0
1999.17534  0
1999.17808  0
1999.18082  0
1999.18356  0
1999.18630  0
1999.18904  0
1999.19178  0
1999.19452  0
1999.19726  0
1999.20000  0
1999.20274  0
1999.20548  0
1999.20822  0
1999.21096  0
1999.21370  0
1999.21644  0
1999.21918  0
1999.22192  0
1999.22466  0
1999.22740  0
1999.23014  0
1999.23288  0
1999.23562  0
1999.23836  0
1999.24110  0
1999.24384  0
1999.24658  0
1999.24932  0
1999.26027  0
1999.26301  0
1999.26575  0
1999.26849  0
1999.27123  0
1999.27397  0
1999.27671  0
1999.27945  0
1999.28219  0
1999.28493  0
1999.28767  0
1999.29041  0
1999.29315  0
1999.29589  0
1999.29863  0
1999.30137  0
1999.30411  0
1999.30685  0
1999.30959  0
1999.31233  0
1999.31507  0
1999.31781  0
1999.32329  0
1999.32603  0
1999.32877  0
1999.33151  0
1999.33425  0
1999.33699  0
1999.33973  0
1999.34247  0
1999.34521  0
1999.34795  0
1999.35068  0
1999.35342  0
1999.35616  0
1999.35890  0
1999.36164  0
1999.36438  0
1999.36712  0
1999.36986  0
1999.37260  0
1999.37534  0
1999.37808  0
1999.38082  0
1999.38356  0
1999.38630  0
1999.38904  0
1999.39178  0
1999.39452  0
1999.39726  0
1999.40000  0
1999.40274  0
1999.40548  0
1999.40822  0
1999.41096  0
1999.41370  0
1999.41644  0
1999.41918  0
1999.42192  0
1999.42466  0
1999.42740  0
1999.43014  0
1999.43288  0
1999.43562  0
1999.43836  0
1999.44110  0
1999.44384  0
1999.44658  0
1999.44932  0
1999.45205  0
1999.45479  0
1999.45753  0
1999.46027  0
1999.46301  0
1999.46575  0
1999.46849  0
1999.47123  0
1999.47397  0
1999.47671  0
1999.47945  0
1999.48219  0
1999.48493  0
1999.48767  0
1999.49041  0
1999.49315  0
1999.49589  0
1999.49863  0
1999.50137  0
1999.50411  0
1999.50685  0
1999.50959  0
1999.51233  0
1999.51507  0
1999.51781  0
1999.52055  0
1999.52329  0
1999.52603  0
1999.52877  0
1999.53151  0
1999.53425  0
1999.53699  0
1999.53973  0
1999.54247  0
1999.54521  0
1999.54795  0
1999.55068  0
1999.55342  0
1999.55616  0
1999.55890  0
1999.56164  0
1999.56438  0
1999.56712  0
1999.56986  0
1999.57260  0
1999.57534  0
1999.57808  0
1999.58082  0
1999.58356  0
1999.58630  0
1999.58904  0
1999.59178  0
1999.59452  0
1999.59726  0
1999.60000  0
1999.60274  0
1999.60548  0
1999.60822  0
1999.61096  0
1999.61370  0
1999.61644  0
1999.61918  0
1999.62192  0
1999.62466  0
1999.62740  0
1999.63014  0
1999.63288  0
1999.63562  0
1999.63836  0
1999.64110  0
1999.64384  0
1999.64658  0
1999.64932  0
1999.65205  0
1999.65479  0
1999.65753  0
1999.66027  0
1999.66301  0
1999.66575  0
1999.66849  0
1999.67123  0
1999.67397  0
1999.67671  0
1999.67945  0
1999.68219  0
1999.68493  0
1999.68767  0
1999.69041  0
1999.69315  0
1999.69589  0
1999.69863  0
1999.70137  0
1999.70411  0
1999.70685  0
1999.70959  0
1999.71233  0
1999.71507  0
1999.71781  0
1999.72055  0
1999.72329  0
1999.72603  0
1999.72877  0
1999.73151  0
1999.73425  0
1999.73699  0
1999.73973  0
1999.74247  0
1999.74521  0
1999.74795  0
1999.75068  0
1999.75342  0
1999.75616  0
1999.75890  0
1999.76164  0
1999.76438  0
1999.76712  0
1999.76986  0
1999.77260  0
1999.77534  0
1999.77808  0
1999.78082  0
1999.78356  0
1999.78630  0
1999.78904  0
1999.79178  0
1999.79452  0
1999.79726  0
1999.80000  0
1999.80274  0
1999.80548  0
1999.80822  0
1999.81096  0
1999.81370  0
1999.81644  0
1999.81918  0
1999.82192  0
1999.82466  0
1999.82740  0
1999.83014  0
1999.83288  0
1999.83562  0
1999.83836  0
1999.84110  0
1999.84384  0
1999.84658  0
1999.84932  0
1999.85205  0
1999.85479  0
1999.85753  0
1999.86027  0
1999.86301  0
1999.86575  0
1999.86849  0
1999.87123  0
1999.87397  0
1999.87671  0
1999.87945  0
1999.88219  0
1999.88493  0
1999.88767  0
1999.89041  0
1999.89315  0
1999.89589  0
1999.89863  0
1999.90137  0
1999.90411  0
1999.90685  0
1999.90959  0
1999.91233  0
1999.91507  0
1999.91781  0
1999.92055  0
1999.92329  0
1999.92603  0
1999.92877  0
1999.93151  0
1999.93425  0
1999.93699  0
1999.93973  0
1999.94247  0
1999.94521  0
1999.94795  0
1999.95068  0
1999.95342  0
1999.95616  0
1999.95890  0
1999.96164  0
1999.96438  0
1999.96712  0
1999.96986  0
1999.97260  0
1999.97534  0
1999.97808  0
1999.98082  0
1999.98356  0
1999.98630  0
1999.98904  0
1999.99178  0
1999.99452  0
1999.99726  0
2000.00000  0
2000.00273  0
2000.00546  0
2000.00820  0
2000.01093  0
2000.01639  0
2000.01913  0
2000.02186  0
2000.02459  0
2000.02732  0
2000.03005  0
2000.03279  0
2000.03552  0
2000.03825  0
2000.04098  0
2000.04372  0
2000.04645  0
2000.04918  0
2000.05191  0
2000.05464  0
2000.05738  0
2000.06011  0
2000.06284  0
2000.06557  0
2000.06831  0
2000.07104  0
2000.07377  0
2000.07650  0
2000.07923  0
2000.08197  0
2000.08470  0
2000.08743  0
2000.09016  0
2000.09290  0
2000.09563  0
2000.09836  0
2000.10109  0
2000.10383  0
2000.10656  0
2000.10929  0
2000.11202  0
2000.11475  0
2000.11749  0
2000.12022  0
2000.12295  0
2000.12568  0
2000.12842  0
2000.13115  0
2000.13388  0
2000.13661  0
2000.13934  0
2000.14208  0
2000.14481  0
2000.14754  0
2000.15027  0
2000.15301  0
2000.15574  0
2000.15847  0
2000.16120  0
2000.16393  0
2000.16667  0
2000.16940  0
2000.17213  0
2000.17486  0
2000.17760  0
2000.18033  0
2000.18306  0
2000.18579  0
2000.18852  0
2000.19126  0
2000.19399  0
2000.19672  0
2000.19945  0
2000.20219  0
2000.20492  0
2000.20765  0
2000.21038  0
2000.21311  0
2000.21585  0
2000.21858  0
2000.22131  0
2000.22404  0
2000.22678  0
2000.22951  0
2000.23224  0
2000.23497  0
2000.23770  0
2000.24590  0
2000.24863  0
2000.25137  0
2000.25410  0
2000.25683  0
2000.25956  0
2000.26230  0
2000.26503  0
2000.27596  0
2000.28142  0
2000.28415  0
2000.28962  0
2000.29508  0
2000.29508  0
2000.29781  0
2000.30055  0
2000.30328  0
2000.31148  0
2000.31421  0
2000.31967  0
2000.31967  0
2000.32240  0
2000.32787  0
2000.32787  0
2000.33060  0
2000.33333  0
2000.33880  0
2000.34153  0
2000.34699  0
2000.34973  0
2000.35246  0
2000.35792  0
2000.36066  0
2000.36339  0
2000.36612  0
2000.37158  0
2000.37432  0
2000.37705  0
2000.37978  0
2000.38251  0
2000.38525  0
2000.38798  0
2000.39071  0
2000.39344  0
2000.39617  0
2000.39891  0
2000.40164  0
2000.40437  0
2000.40710  0
2000.41257  0
2000.41530  0
2000.41803  0
2000.41803  0
2000.42077  0
2000.42623  0
2000.42896  0
2000.43169  0
2000.43443  0
2000.43716  0
2000.43989  0
2000.44262  0
2000.44536  0
2000.44809  0
2000.45082  0
2000.45355  0
2000.46175  0
2000.46448  0
2000.46721  0
2000.46995  0
2000.47268  0
2000.47541  0
2000.47814  0
2000.47814  0
2000.48361  0
2000.48361  0
2000.48634  0
2000.48907  0
2000.49180  0
2000.49454  0
2000.49727  0
2000.50000  0
2000.50273  0
2000.50546  0
2000.50820  0
2000.51093  0
2000.51366  0
2000.51639  0
2000.51913  0
2000.52186  0
2000.52459  0
2000.52732  0
2000.53279  0
2000.53552  0
2000.53825  0
2000.54098  0
2000.54372  0
2000.55191  0
2000.55464  0
2000.55738  0
2000.56011  0
2000.56284  0
2000.56831  0
2000.57104  0
2000.57377  0
2000.57650  0
2000.57923  0
2000.58197  0
2000.58470  0
2000.58743  0
2000.59016  0
2000.59290  0
2000.59563  0
2000.59836  0
2000.60109  0
2000.60383  0
2000.92077  0
2000.92350  0
2000.92623  0
2000.92896  0
2000.93169  0
2000.93443  0
2000.93716  0
2000.93989  0
2000.94262  0
2000.94536  0
2000.94809  0
2000.95082  0
2000.95355  0
2000.95628  0
2000.95902  0
2000.96175  0
2000.96448  0
2000.96721  0
2000.96995  0
2000.97814  0
2000.98087  0
2000.98634  0
2000.98907  0
2000.99180  0
2000.99454  0
2000.99727  0
2001.00000  0
2001.00274  0
2001.00548  0
2001.00822  0
2001.01096  0
2001.01370  0
2001.01644  0
2001.01918  0
2001.02192  0
2001.02466  0
2001.02740  0
2001.03014  0
2001.03288  0
2001.03562  0
2001.03836  0
2001.04110  0
2001.04384  0
2001.04658  0
2001.04932  0
2001.05205  0
2001.05479  0
2001.05753  0
2001.06027  0
2001.06301  0
2001.06575  0
2001.06849  0
2001.07123  0
2001.07397  0
2001.07671  0
2001.07945  0
2001.08493  0
2001.09041  0
2001.09315  0
2001.09589  0
2001.09863  0
2001.10137  0
2001.10411  0
2001.10685  0
2001.11233  0
2001.11507  0
2001.11781  0
2001.12055  0
2001.12329  0
2001.12603  0
2001.12877  0
2001.13151  0
2001.13425  0
2001.13973  0
2001.14247  0
2001.14521  0
2001.14795  0
2001.15068  0
2001.15342  0
2001.15616  0
2001.15890  0
2001.16164  0
2001.16438  0
2001.16712  0
2001.16986  0
2001.17260  0
2001.17534  0
2001.17808  0
2001.18082  0
2001.18356  0
2001.18630  0
2001.18904  0
2001.19178  0
2001.19452  0
2001.19726  0
2001.20000  0
2001.20274  0
2001.20548  0
2001.20822  0
2001.21096  0
2001.21370  0
2001.21644  0
2001.21918  0
2001.22192  0
2001.22466  0
2001.24932  0
2001.25205  0
2001.25479  0
2001.25753  0
2001.26027  0
2001.26301  0
2001.26575  0
2001.26849  0
2001.27123  0
2001.27397  0
2001.27671  0
2001.27945  0
2001.28219  0
2001.28493  0
2001.28767  0
2001.29041  0
2001.29315  0
2001.29589  0
2001.29863  0
2001.30137  0
2001.30411  0
2001.30685  0
2001.30959  0
2001.31233  0
2001.31507  0
2001.31781  0
2001.32055  0
2001.32329  0
2001.32603  0
2001.32877  0
2001.33151  0
2001.33425  0
2001.33699  0
2001.33973  0
2001.34247  0
2001.34521  0
2001.34795  0
2001.35068  0
2001.35342  0
2001.35616  0
2001.35890  0
2001.36164  0
2001.36438  0
2001.36712  0
2001.36986  0
2001.37260  0
2001.37534  0
2001.37808  0
2001.38082  0
2001.38356  0
2001.38630  0
2001.38904  0
2001.39178  0
2001.39452  0
2001.39726  0
2001.40000  0
2001.40274  0
2001.40548  0
2001.40822  0
2001.41096  0
2001.41370  0
2001.41644  0
2001.41918  0
2001.42192  0
2001.42466  0
2001.42740  0
2001.43014  0
2001.43288  0
2001.43562  0
2001.43836  0
2001.44110  0
2001.44384  0
2001.44658  0
2001.44932  0
2001.45205  0
2001.45479  0
2001.45753  0
2001.46027  0
2001.46301  0
2001.46575  0
2001.46849  0
2001.47123  0
2001.47397  0
2001.47671  0
2001.47945  0
2001.48219  0
2001.48493  0
2001.48767  0
2001.49041  0
2001.49315  0
2001.49589  0
2001.49863  0
2001.50137  0
2001.50411  0
2001.50685  0
2001.50959  0
2001.51233  0
2001.51507  0
2001.51781  0
2001.52055  0
2001.52329  0
2001.52603  0
2001.52877  0
2001.53151  0
2001.53425  0
2001.53699  0
2001.53973  0
2001.54247  0
2001.54521  0
2001.54795  0
2001.55068  0
2001.55342  0
2001.55616  0
2001.55890  0
2001.56164  0
2001.56438  0
2001.56712  0
2001.56986  0
2001.57260  0
2001.57534  0
2001.57808  0
2001.58082  0
2001.58356  0
2001.58630  0
2001.58904  0
2001.59178  0
2001.59452  0
2001.59726  0
2001.60000  0
2001.60274  0
2001.60548  0
2001.60822  0
2001.61096  0
2001.61370  0
2001.61644  0
2001.61918  0
2001.62192  0
2001.62466  0
2001.62740  0
2001.63014  0
2001.63288  0
2001.63562  0
2001.63836  0
2001.64110  0
2001.64384  0
2001.64658  0
2001.64932  0
2001.65205  0
2001.65479  0
2001.65753  0
2001.66027  0
2001.66301  0
2001.66575  0
2001.66849  0
2001.67123  0
2001.67397  0
2001.67671  0
2001.67945  0
2001.68219  0
2001.68493  0
2001.68767  0
2001.69041  0
2001.69315  0
2001.69589  0
2001.69863  0
2001.70137  0
2001.70411  0
2001.70685  0
2001.70959  0
2001.71233  0
2001.71507  0
2001.71781  0
2001.72055  0
2001.72329  0
2001.72877  0
2001.73151  0
2001.73425  0
2001.73699  0
2001.73973  0
2001.74247  0
2001.74521  0
2001.74795  0
2001.75068  0
2001.75342  0
2001.75616  0
2001.76164  0
2001.76438  0
2001.76712  0
2001.76986  0
2001.77260  0
2001.77534  0
2001.77808  0
2001.78082  0
2001.78356  0
2001.78630  0
2001.78904  0
2001.79178  0
2001.79452  0
2001.79726  0
2001.80000  0
2001.80274  0
2001.80548  0
2001.80822  0
2001.81096  0
2001.81370  0
2001.81644  0
2001.81918  0
2001.82192  0
2001.82466  0
2001.82740  0
2001.83014  0
2001.83288  0
2001.83562  0
2001.83836  0
2001.84110  0
2001.84384  0
2001.84658  0
2001.84932  0
2001.85479  0
2001.85753  0
2001.86027  0
2001.86301  0
2001.86575  0
2001.86849  0
2001.87123  0
2001.87397  0
2001.87671  0
2001.87945  0
2001.88219  0
2001.88493  0
2001.89863  0
2001.90411  0
2001.90959  0
2001.91233  0
2001.91507  0
2001.91781  0
2001.92055  0
2001.92329  0
2001.92603  0
2001.92877  0
2001.93151  0
2001.93425  0
2001.93699  0
2001.93973  0
2001.94247  0
2001.94521  0
2001.94795  0
2001.95342  0
2001.95616  0
2001.95890  0
2001.96164  0
2001.96438  0
2001.96986  0
2001.97260  0
2001.97534  0
2001.98082  0
2001.98356  0
2001.98630  0
2001.98904  0
2001.99178  0
2001.99452  0
2001.99726  0
2002.00000  0
2002.00274  0
2002.00548  0
2002.00822  0
2002.01096  0
2002.01370  0
2002.01644  0
2002.21370  0
2002.21644  0
2002.21918  0
2002.22192  0
2002.22466  0
2002.22740  0
2002.23014  0
2002.23288  0
2002.23562  0
2002.23836  0
2002.24110  0
2002.24384  0
2002.24658  0
2002.24932  0
2002.25205  0
2002.25479  0
2002.25753  0
2002.26027  0
2002.26301  0
2002.26575  0
2002.26849  0
2002.27123  0
2002.27397  0
2002.27671  0
2002.27945  0
2002.28219  0
2002.28493  0
2002.28767  0
2002.29041  0
2002.29315  0
2002.29589  0
2002.29863  0
2002.30137  0
2002.30411  0
2002.30685  0
2002.30959  0
2002.31233  0
2002.31507  0
2002.31781  0
2002.32055  0
2002.32329  0
2002.32603  0
2002.32877  0
2002.33151  0
2002.33425  0
2002.33699  0
2002.33973  0
2002.34247  0
2002.34521  0
2002.34795  0
2002.35068  0
2002.35342  0
2002.35616  0
2002.35890  0
2002.36164  0
2002.36438  0
2002.36712  0
2002.36986  0
2002.37260  0
2002.37534  0
2002.37808  0
2002.38082  0
2002.38356  0
2002.38630  0
2002.38904  0
2002.39178  0
2002.40822  0
2002.41096  0
2002.41370  0
2002.41644  0
2002.41918  0
2002.42192  0
2002.42466  0
2002.42740  0
2002.43014  0
2002.43288  0
2002.43562  0
2002.43836  0
2002.44110  0
2002.44384  0
2002.44658  0
2002.44932  0
2002.45205  0
2002.45479  0
2002.45753  0
2002.46027  0
2002.46301  0
2002.46575  0
2002.46849  0
2002.47123  0
2002.47397  0
2002.47671  0
2002.47945  0
2002.48219  0
2002.48493  0
2002.48767  0
2002.49041  0
2002.49315  0
2002.49589  0
2002.49863  0
2002.50137  0
2002.50411  0
2002.50685  0
2002.50959  0
2002.51233  0
2002.51507  0
2002.51781  0
2002.52055  0
2002.52329  0
2002.52603  0
2002.52877  0
2002.53151  0
2002.53425  0
2002.53699  0
2002.53973  0
2002.54247  0
2002.54795  0
2002.55068  0
2002.55342  0
2002.55616  0
2002.55890  0
2002.56164  0
2002.56438  0
2002.56712  0
2002.56986  0
2002.57260  0
2002.57534  0
2002.57808  0
2002.58082  0
2002.58356  0
2002.58630  0
2002.58904  0
2002.59178  0
2002.59452  0
2002.59726  0
2002.60000  0
2002.60274  0
2002.60548  0
2002.60822  0
2002.61096  0
2002.61370  0
2002.61644  0
2002.61918  0
2002.62192  0
2002.62466  0
2002.62740  0
2002.63014  0
2002.63288  0
2002.63562  0
2002.63836  0
2002.64110  0
2002.64384  0
2002.64658  0
2002.64932  0
2002.65205  0
2002.65479  0
2002.65753  0
2002.66027  0
2002.66301  0
2002.66575  0
2002.66849  0
2002.67123  0
2002.67397  0
2002.67671  0
2002.67945  0
2002.68219  0
2002.68493  0
2002.68767  0
2002.69041  0
2002.69315  0
2002.69589  0
2002.69863  0
2002.70137  0
2002.70411  0
2002.70685  0
2002.70959  0
2002.71233  0
2002.71507  0
2002.71781  0
2002.72055  0
2002.72329  0
2002.72603  0
2002.72877  0
2002.73151  0
2002.73425  0
2002.73699  0
2002.73973  0
2002.74247  0
2002.74521  0
2002.74795  0
2002.75068  0
2002.75342  0
2002.75616  0
2002.75890  0
2002.76164  0
2002.76438  0
2002.76712  0
2002.76986  0
2002.77260  0
2002.77534  0
2002.77808  0
2002.78082  0
2002.78356  0
2002.78630  0
2002.78904  0
2002.79178  0
2002.79452  0
2002.79726  0
2002.80000  0
2002.80274  0
2002.80548  0
2002.80822  0
2002.81096  0
2002.81370  0
2002.81644  0
2002.81918  0
2002.82192  0
2002.82466  0
2002.82740  0
2002.83014  0
2002.83288  0
2002.83562  0
2002.83836  0
2002.84110  0
2002.84384  0
2002.84658  0
2002.84932  0
2002.85205  0
2002.85479  0
2002.85753  0
2002.86027  0
2002.86301  0
2002.86575  0
2002.86849  0
2002.87123  0
2002.87397  0
2002.87671  0
2002.87945  0
2002.88219  0
2002.88493  0
2002.88767  0
2002.89041  0
2002.89315  0
2002.89589  0
2002.89863  0
2002.90137  0
2002.90411  0
2002.90685  0
2002.90959  0
2002.91233  0
2002.91507  0
2002.91781  0
2002.92055  0
2002.92329  0
2002.92603  0
2002.92877  0
2002.93151  0
2002.93425  0
2002.93699  0
2002.93973  0
2002.94247  0
2002.94521  0
2002.94795  0
2002.95068  0
2002.95342  0
2002.95616  0
2002.95890  0
2002.96164  0
2002.96438  0
2002.96712  0
2002.96986  0
2002.97260  0
2002.97534  0
2002.97808  0
2002.98082  0
2002.98356  0
2002.98630  0
2002.98904  0
2002.99452  0
2002.99726  0
2003.00000  0
2003.00274  0
2003.00548  0
2003.00822  0
2003.01096  0
2003.01370  0
2003.01644  0
2003.01918  0
2003.02192  0
2003.02466  0
2003.02740  0
2003.03014  0
2003.03288  0
2003.03562  0
2003.03836  0
2003.04110  0
2003.04384  0
2003.04658  0
2003.04932  0
2003.05205  0
2003.05479  0
2003.05753  0
2003.06027  0
2003.06301  0
2003.06575  0
2003.06849  0
2003.07123  0
2003.07397  0
2003.07671  0
2003.07945  0
2003.08219  0
2003.08493  0
2003.08767  0
2003.09041  0
2003.09315  0
2003.09589  0
2003.09863  0
2003.10137  0
2003.10411  0
2003.10685  0
2003.10959  0
2003.11233  0
2003.11507  0
2003.11781  0
2003.12055  0
2003.12329  0
2003.12603  0
2003.12877  0
2003.13151  0
2003.13425  0
2003.13699  0
2003.13973  0
2003.14521  0
2003.14795  0
2003.15068  0
2003.15342  0
2003.15616  0
2003.15890  0
2003.16164  0
2003.16438  0
2003.16712  0
2003.16986  0
2003.17260  0
2003.17534  0
2003.17808  0
2003.18082  0
2003.18356  0
2003.18630  0
2003.19178  0
2003.19452  0
2003.19726  0
2003.20000  0
2003.20274  0
2003.20548  0
2003.20822  0
2003.21096  0
2003.21370  0
2003.21644  0
2003.21918  0
2003.22192  0
2003.22466  0
2003.22740  0
2003.23014  0
2003.23288  0
2003.23562  0
2003.23836  0
2003.24110  0
2003.24384  0
2003.24658  0
2003.24932  0
2003.25205  0
2003.25479  0
2003.25753  0
2003.26027  0
2003.26301  0
2003.26575  0
2003.26849  0
2003.27123  0
2003.27397  0
2003.27671  0
2003.27945  0
2003.28219  0
2003.28493  0
2003.28767  0
2003.29041  0
2003.29315  0
2003.29589  0
2003.29863  0
2003.30137  0
2003.30411  0
2003.30685  0
2003.30959  0
2003.31233  0
2003.31507  0
2003.31781  0
2003.32055  0
2003.32329  0
2003.32603  0
2003.32877  0
2003.33151  0
2003.33425  0
2003.33699  0
2003.33973  0
2003.34247  0
2003.34521  0
2003.34795  0
2003.35068  0
2003.35342  0
2003.35616  0
2003.35890  0
2003.36164  0
2003.36438  0
2003.36712  0
2003.36986  0
2003.37260  0
2003.37534  0
2003.37808  0
2003.38082  0
2003.38356  0
2003.38630  0
2003.38904  0
2003.39178  0
2003.39452  0
2003.39726  0
2003.40000  0
2003.40274  0
2003.40548  0
2003.40822  0
2003.41096  0
2003.41370  0
2003.41644  0
2003.41918  0
2003.42192  0
2003.42466  0
2003.43562  0
2003.43836  0
2003.44110  0
2003.44384  0
2003.44658  0
2003.44932  0
2003.45205  0
2003.45479  0
2003.45753  0
2003.46027  0
2003.46301  0
2003.46575  0
2003.46849  0
2003.47123  0
2003.47397  0
2003.47671  0
2003.47945  0
2003.48219  0
2003.48493  0
2003.48767  0
2003.49041  0
2003.49315  0
2003.49589  0
2003.49863  0
2003.50137  0
2003.50685  0
2003.50959  0
2003.51233  0
2003.51507  0
2003.51781  0
2003.52055  0
2003.52329  0
2003.52603  0
2003.52877  0
2003.53151  0
2003.53425  0
2003.53699  0
2003.53973  0
2003.54247  0
2003.54521  0
2003.54795  0
2003.55068  0
2003.55342  0
2003.55616  0
2003.55890  0
2003.56164  0
2003.56438  0
2003.56712  0
2003.56986  0
2003.57260  0
2003.57534  0
2003.57808  0
2003.58082  0
2003.58356  0
2003.58630  0
2003.58904  0
2003.59178  0
2003.59452  0
2003.59726  0
2003.60000  0
2003.60274  0
2003.60548  0
2003.60822  0
2003.61096  0
2003.61370  0
2003.61644  0
2003.61918  0
2003.62192  0
2003.62466  0
2003.62740  0
2003.63014  0
2003.63288  0
2003.63562  0
2003.63836  0
2003.64110  0
2003.64384  0
2003.64658  0
2003.64932  0
2003.65205  0
2003.65479  0
2003.65753  0
2003.66027  0
2003.66301  0
2003.66575  0
2003.66849  0
2003.67123  0
2003.67397  0
2003.67671  0
2003.67945  0
2003.68219  0
2003.68493  0
2003.68767  0
2003.69041  0
2003.69315  0
2003.69589  0
2003.69863  0
2003.70137  0
2003.70411  0
2003.70685  0
2003.70959  0
2003.71233  0
2003.71507  0
2003.71781  0
2003.72055  0
2003.72329  0
2003.72603  0
2003.72877  0
2003.73151  0
2003.73425  0
2003.73699  0
2003.73973  0
2003.74247  0
2003.74521  0
2003.74795  0
2003.75068  0
2003.75342  0
2003.75616  0
2003.75890  0
2003.76164  0
2003.76438  0
2003.76712  0
2003.76986  0
2003.77260  0
2003.77534  0
2003.77808  0
2003.78082  0
2003.78356  0
2003.78630  0
2003.78904  0
2003.79178  0
2003.79452  0
2003.79726  0
2003.80000  0
2003.80274  0
2003.80548  0
2003.80822  0
2003.81096  0
2003.81370  0
2003.81644  0
2003.81918  0
2003.82192  0
2003.82466  0
2003.82740  0
2003.83014  0
2003.83288  0
2003.83562  0
2003.83836  0
2003.84110  0
2003.84384  0
2003.84658  0
2003.84932  0
2003.85205  0
2003.85479  0
2003.85753  0
2003.86027  0
2003.86301  0
2003.86575  0
2003.86849  0
2003.87123  0
2003.87397  0
2003.87671  0
2003.87945  0
2003.88219  0
2003.88493  0
2003.88767  0
2003.89041  0
2003.89315  0
2003.89589  0
2003.89863  0
2003.90137  0
2003.90411  0
2003.90685  0
2003.90959  0
2003.91233  0
2003.91507  0
2003.91781  0
2003.92055  0
2003.92329  0
2003.92603  0
2003.92877  0
2003.93151  0
2003.93425  0
2003.93699  0
2003.93973  0
2003.94247  0
2003.94521  0
2003.94795  0
2003.95068  0
2003.95342  0
2003.95616  0
2003.95890  0
2003.96164  0
2003.96438  0
2003.96712  0
2003.96986  0
2003.97260  0
2003.97534  0
2003.97808  0
2003.98082  0
2003.98356  0
2003.98630  0
2003.98904  0
2003.99178  0
2003.99452  0
2003.99726  0
2004.00000  0
2004.00273  0
2004.00546  0
2004.00820  0
2004.01093  0
2004.01366  0
2004.01639  0
2004.01913  0
2004.02186  0
2004.02459  0
2004.02732  0
2004.03005  0
2004.03279  0
2004.03552  0
2004.03825  0
2004.04098  0
2004.04372  0
2004.04645  0
2004.04918  0
2004.05191  0
2004.05464  0
2004.05738  0
2004.06011  0
2004.06284  0
2004.06557  0
2004.06831  0
2004.07104  0
2004.07377  0
2004.07650  0
2004.07923  0
2004.08197  0
2004.08470  0
2004.08743  0
2004.09016  0
2004.09290  0
2004.09563  0
2004.09836  0
2004.10109  0
2004.10383  0
2004.10656  0
2004.10929  0
2004.11202  0
2004.11475  0
2004.11749  0
2004.12022  0
2004.12295  0
2004.12568  0
2004.12842  0
2004.13115  0
2004.13388  0
2004.13661  0
2004.13934  0
2004.14208  0
2004.14481  0
2004.14754  0
2004.15027  0
2004.15301  0
2004.15574  0
2004.15847  0
2004.16120  0
2004.16393  0
2004.16667  0
2004.16940  0
2004.17213  0
2004.17486  0
2004.17760  0
2004.18033  0
2004.18306  0
2004.18579  0
2004.18852  0
2004.19126  0
2004.19399  0
2004.19672  0
2004.19945  0
2004.20219  0
2004.20492  0
2004.20765  0
2004.21038  0
2004.21311  0
2004.21585  0
2004.21858  0
2004.22131  0
2004.22404  0
2004.22678  0
2004.22951  0
2004.23224  0
2004.23497  0
2004.23770  0
2004.24044  0
2004.24317  0
2004.24590  0
2004.24863  0
2004.25137  0
2004.25410  0
2004.25683  0
2004.25956  0
2004.26230  0
2004.26503  0
2004.26776  0
2004.27049  0
2004.27322  0
2004.27596  0
2004.27869  0
2004.28142  0
2004.28415  0
2004.28689  0
2004.28962  0
2004.29235  0
2004.29508  0
2004.29781  0
2004.30055  0
2004.30328  0
2004.30601  0
2004.30874  0
2004.31148  0
2004.31421  0
2004.31694  0
2004.31967  0
2004.32240  0
2004.32514  0
2004.32787  0
2004.33060  0
2004.33333  0
2004.33607  0
2004.33880  0
2004.34153  0
2004.34426  0
2004.34699  0
2004.34973  0
2004.35246  0
2004.35519  0
2004.35792  0
2004.36066  0
2004.36339  0
2004.36612  0
2004.36885  0
2004.37158  0
2004.37432  0
2004.37705  0
2004.37978  0
2004.38251  0
2004.38525  0
2004.38798  0
2004.39071  0
2004.39344  0
2004.39617  0
2004.39891  0
2004.40164  0
2004.40437  0
2004.40710  0
2004.40984  0
2004.41257  0
2004.41530  0
2004.41803  0
2004.42077  0
2004.42350  0
2004.42623  0
2004.42896  0
2004.43169  0
2004.43443  0
2004.43716  0
2004.43989  0
2004.44262  0
2004.44536  0
2004.44809  0
2004.45082  0
2004.45355  0
2004.45628  0
2004.45902  0
2004.46175  0
2004.46448  0
2004.46721  0
2004.46995  0
2004.47268  0
2004.47541  0
2004.47814  0
2004.48087  0
2004.48361  0
2004.48634  0
2004.48907  0
2004.49180  0
2004.49454  0
2004.49727  0
2004.50000  0
2004.50273  0
2004.50546  0
2004.50820  0
2004.51093  0
2004.51366  0
2004.51639  0
2004.51913  0
2004.52186  0
2004.52459  0
2004.52732  0
2004.53005  0
2004.53279  0
2004.53552  0
2004.53825  0
2004.54098  0
2004.54372  0
2004.54645  0
2004.54918  0
2004.55191  0
2004.55464  0
2004.55738  0
2004.56011  0
2004.56284  0
2004.56557  0
2004.56831  0
2004.57104  0
2004.57377  0
2004.57650  0
2004.57923  0
2004.58197  0
2004.58470  0
2004.58743  0
2004.59016  0
2004.59290  0
2004.59563  0
2004.59836  0
2004.60109  0
2004.60383  0
2004.60656  0
2004.60929  0
2004.61202  0
2004.61475  0
2004.61749  0
2004.62022  0
2004.62295  0
2004.62568  0
2004.62842  0
2004.63115  0
2004.64208  0
2004.64481  0
2004.64754  0
2004.65027  0
2004.65301  0
2004.65574  0
2004.65847  0
2004.66120  0
2004.66393  0
2004.66667  0
2004.66940  0
2004.67213  0
2004.67486  0
2004.67760  0
2004.68033  0
2004.68306  0
2004.68579  0
2004.68852  0
2004.69126  0
2004.69399  0
2004.69672  0
2004.69945  0
2004.70219  0
2004.70492  0
2004.70765  0
2004.71038  0
2004.71311  0
2004.71585  0
2004.71858  0
2004.72131  0
2004.72404  0
2004.72678  0
2004.72951  0
2004.73224  0
2004.73497  0
2004.73770  0
2004.74044  0
2004.74317  0
2004.74590  0
2004.74863  0
2004.75137  0
2004.75410  0
2004.75683  0
2004.75956  0
2004.76230  0
2004.76503  0
2004.76776  0
2004.77049  0
2004.77322  0
2004.77596  0
2004.77869  0
2004.78142  0
2004.78415  0
2004.78689  0
2004.78962  0
2004.79235  0
2004.79508  0
2004.79781  0
2004.80055  0
2004.80328  0
2004.80601  0
2004.80874  0
2004.81148  0
2004.81421  0
2004.81694  0
2004.81967  0
2004.82240  0
2004.82514  0
2004.82787  0
2004.83060  0
2004.83333  0
2004.83607  0
2004.83880  0
2004.84153  0
2004.84426  0
2004.84699  0
2004.84973  0
2004.85246  0
2004.85519  0
2004.85792  0
2004.86066  0
2004.86339  0
2004.86612  0
2004.86885  0
2004.87158  0
2004.87432  0
2004.87705  0
2004.87978  0
2004.88251  0
2004.88525  0
2004.88798  0
2004.89071  0
2004.89344  0
2004.89617  0
2004.89891  0
2004.90164  0
2004.90437  0
2004.90710  0
2004.90984  0
2004.91257  0
2004.91530  0
2004.91803  0
2004.92077  0
2004.92350  0
2004.92623  0
2004.92896  0
2004.93169  0
2004.93443  0
2004.93716  0
2004.93989  0
2004.94262  0
2004.94536  0
2004.94809  0
2004.95082  0
2004.95355  0
2004.95628  0
2004.95902  0
2004.96175  0
2004.96448  0
2004.96721  0
2004.96995  0
2004.97268  0
2004.97541  0
2004.97814  0
2004.98087  0
2004.98361  0
2004.98634  0
2004.98907  0
2004.99180  0
2004.99454  0
2004.99727  0
2005.00000  0
2005.00274  0
2005.00548  0
2005.00822  0
2005.01096  0
2005.01370  0
2005.01644  0
2005.01918  0
2005.02192  0
2005.02466  0
2005.02740  0
2005.03014  0
2005.03288  0
2005.03562  0
2005.03836  0
2005.04110  0
2005.04384  0
2005.04658  0
2005.04932  0
2005.05205  0
2005.05479  0
2005.05753  0
2005.06027  0
2005.06301  0
2005.06575  0
2005.06849  0
2005.07123  0
2005.07397  0
2005.07671  0
2005.07945  0
2005.08219  0
2005.08493  0
2005.08767  0
2005.09041  0
2005.09315  0
2005.09589  0
2005.09863  0
2005.10137  0
2005.10411  0
2005.10685  0
2005.10959  0
2005.11233  0
2005.11507  0
2005.11781  0
2005.12055  0
2005.12329  0
2005.12603  0
2005.12877  0
2005.13151  0
2005.13425  0
2005.13699  0
2005.13973  0
2005.14247  0
2005.14521  0
2005.14795  0
2005.15068  0
2005.15342  0
2005.15616  0
2005.15890  0
2005.16164  0
2005.16438  0
2005.16712  0
2005.16986  0
2005.17260  0
2005.17534  0
2005.17808  0
2005.18082  0
2005.18356  0
2005.18630  0
2005.18904  0
2005.19178  0
2005.19452  0
2005.19726  0
2005.20000  0
2005.20274  0
2005.20548  0
2005.20822  0
2005.21096  0
2005.21370  0
2005.21644  0
2005.21918  0
2005.22192  0
2005.22466  0
2005.22740  0
2005.23014  0
2005.23288  0
2005.23562  0
2005.23836  0
2005.24110  0
2005.24384  0
2005.24658  0
2005.24932  0
2005.25205  0
2005.25479  0
2005.25753  0
2005.26027  0
2005.26301  0
2005.26575  0
2005.26849  0
2005.27123  0
2005.27397  0
2005.27671  0
2005.27945  0
2005.28219  0
2005.28493  0
2005.28767  0
2005.29041  0
2005.29315  0
2005.29589  0
2005.29863  0
2005.30137  0
2005.30411  0
2005.30685  0
2005.30959  0
2005.31233  0
2005.31507  0
2005.31781  0
2005.32055  0
2005.32329  0
2005.32603  0
2005.32877  0
2005.33151  0
2005.33425  0
2005.33699  0
2005.33973  0
2005.34247  0
2005.34521  0
2005.34795  0
2005.35068  0
2005.35342  0
2005.35616  0
2005.35890  0
2005.36164  0
2005.36438  0
2005.36712  0
2005.36986  0
2005.37260  0
2005.37534  0
2005.37808  0
2005.38082  0
2005.38356  0
2005.38630  0
2005.38904  0
2005.39178  0
2005.39452  0
2005.39726  0
2005.40000  0
2005.40274  0
2005.40548  0
2005.40822  0
2005.41096  0
2005.41370  0
2005.41644  0
2005.41918  0
2005.42192  0
2005.42466  0
2005.42740  0
2005.43014  0
2005.43288  0
2005.43562  0
2005.43836  0
2005.44110  0
2005.44384  0
2005.44658  0
2005.44932  0
2005.45205  0
2005.45479  0
2005.45753  0
2005.46027  0
2005.46301  0
2005.46575  0
2005.46849  0
2005.47123  0
2005.47397  0
2005.47671  0
2005.47945  0
2005.48219  0
2005.48493  0
2005.48767  0
2005.49041  0
2005.49315  0
2005.49589  0
2005.49863  0
2005.50137  0
2005.50411  0
2005.50685  0
2005.50959  0
2005.51233  0
2005.51507  0
2005.51781  0
2005.52055  0
2005.52329  0
2005.52603  0
2005.52877  0
2005.53151  0
2005.53425  0
2005.53699  0
2005.53973  0
2005.54247  0
2005.54521  0
2005.54795  0
2005.55068  0
2005.55342  0
2005.55616  0
2005.55890  0
2005.56164  0
2005.56438  0
2005.56712  0
2005.56986  0
2005.57260  0
2005.57534  0
2005.57808  0
2005.58082  0
2005.58356  0
2005.58630  0
2005.58904  0
2005.59178  0
2005.59452  0
2005.59726  0
2005.60000  0
2005.60274  0
2005.60548  0
2005.60822  0
2005.61096  0
2005.61370  0
2005.61644  0
2005.61918  0
2005.62192  0
2005.62466  0
2005.62740  0
2005.63014  0
2005.63288  0
2005.63562  0
2005.63836  0
2005.64110  0
2005.64384  0
2005.64658  0
2005.64932  0
2005.65205  0
2005.65479  0
2005.65753  0
2005.66027  0
2005.66301  0
2005.66575  0
2005.66849  0
2005.67123  0
2005.67397  0
2005.67671  0
2005.67945  0
2005.68219  0
2005.68493  0
2005.68767  0
2005.69041  0
2005.69315  0
2005.69589  0
2005.69863  0
2005.70137  0
2005.70411  0
2005.70685  0
2005.70959  0
2005.71233  0
2005.71507  0
2005.71781  0
2005.72055  0
2005.72329  0
2005.72603  0
2005.72877  0
2005.73151  0
2005.73425  0
2005.73699  0
2005.73973  0
2005.74247  0
2005.74521  0
2005.74795  0
2005.75068  0
2005.75342  0
2005.75616  0
2005.75890  0
2005.76164  0
2005.76438  0
2005.76712  0
2005.76986  0
2005.77260  0
2005.77534  0
2005.77808  0
2005.78082  0
2005.78356  0
2005.78630  0
2005.78904  0
2005.79178  0
2005.79452  0
2005.79726  0
2005.80000  0
2005.80274  0
2005.80548  0
2005.80822  0
2005.81096  0
2005.81370  0
2005.81644  0
2005.81918  0
2005.82192  0
2005.82466  0
2005.82740  0
2005.83014  0
2005.83288  0
2005.83562  0
2005.83836  0
2005.84110  0
2005.84384  0
2005.84658  0
2005.84932  0
2005.85205  0
2005.85479  0
2005.85753  0
2005.86027  0
2005.86301  0
2005.86575  0
2005.86849  0
2005.87123  0
2005.87397  0
2005.87671  0
2005.87945  0
2005.88219  0
2005.88493  0
2005.88767  0
2005.89041  0
2005.89315  0
2005.89589  0
2005.89863  0
2005.90137  0
2005.90411  0
2005.90685  0
2005.90959  0
2005.91233  0
2005.91507  0
2005.91781  0
2005.92055  0
2005.92329  0
2005.92603  0
2005.92877  0
2005.93151  0
2005.93425  0
2005.93699  0
2005.93973  0
2005.94247  0
2005.94521  0
2005.94795  0
2005.95068  0
2005.95342  0
2005.95616  0
2005.95890  0
2005.96164  0
2005.96438  0
2005.96712  0
2005.96986  0
2005.97260  0
2005.97534  0
2005.97808  0
2005.98082  0
2005.98356  0
2005.98630  0
2005.98904  0
2005.99178  0
2005.99452  0
2005.99726  0
2006.00000  0
2006.00274  0
2006.00548  0
2006.00822  0
2006.01096  0
2006.01370  0
2006.01644  0
2006.01918  0
2006.02192  0
2006.02466  0
2006.02740  0
2006.03014  0
2006.03288  0
2006.03562  0
2006.03836  0
2006.04110  0
2006.04384  0
2006.04658  0
2006.04932  0
2006.05205  0
2006.05479  0
2006.05753  0
2006.06027  0
2006.06301  0
2006.06575  0
2006.06849  0
2006.07123  0
2006.07397  0
2006.07671  0
2006.07945  0
2006.08219  0
2006.08493  0
2006.08767  0
2006.09041  0
2006.09315  0
2006.09589  0
2006.09863  0
2006.10137  0
2006.10411  0
2006.10685  0
2006.10959  0
2006.11233  0
2006.11507  0
2006.11781  0
2006.12055  0
2006.12329  0
2006.12603  0
2006.12877  0
2006.13151  0
2006.13425  0
2006.13699  0
2006.13973  0
2006.14247  0
2006.14521  0
2006.14795  0
2006.15068  0
2006.15342  0
2006.15616  0
2006.15890  0
2006.16164  0
2006.16438  0
2006.16712  0
2006.16986  0
2006.17260  0
2006.17534  0
2006.17808  0
2006.18082  0
2006.18356  0
2006.18630  0
2006.18904  0
2006.19178  0
2006.19452  0
2006.19726  0
2006.20000  0
2006.20274  0
2006.20548  0
2006.20822  0
2006.21096  0
2006.21370  0
2006.21644  0
2006.21918  0
2006.22192  0
2006.22466  0
2006.22740  0
2006.23014  0
2006.23288  0
2006.23562  0
2006.23836  0
2006.24110  0
2006.24384  0
2006.24658  0
2006.24932  0
2006.25205  0
2006.25479  0
2006.25753  0
2006.26027  0
2006.26301  0
2006.26575  0
2006.26849  0
2006.27123  0
2006.27397  0
2006.27671  0
2006.27945  0
2006.28219  0
2006.28493  0
2006.28767  0
2006.29041  0
2006.29315  0
2006.29589  0
2006.29863  0
2006.30137  0
2006.30411  0
2006.30685  0
2006.30959  0
2006.31233  0
2006.31507  0
2006.31781  0
2006.32055  0
2006.32329  0
2006.32603  0
2006.32877  0
2006.33151  0
2006.33425  0
2006.33699  0
2006.33973  0
2006.34247  0
2006.34521  0
2006.34795  0
2006.35068  0
2006.35342  0
2006.35616  0
2006.35890  0
2006.36164  0
2006.36438  0
2006.36712  0
2006.36986  0
2006.37260  0
2006.37534  0
2006.37808  0
2006.38082  0
2006.38356  0
2006.38630  0
2006.38904  0
2006.39178  0
2006.39452  0
2006.39726  0
2006.40000  0
2006.40274  0
2006.40548  0
2006.40822  0
2006.41096  0
2006.41370  0
2006.41644  0
2006.41918  0
2006.42192  0
2006.42466  0
2006.42740  0
2006.43014  0
2006.43288  0
2006.43562  0
2006.43836  0
2006.44110  0
2006.44658  0
2006.44932  0
2006.45205  0
2006.45479  0
2006.45753  0
2006.46027  0
2006.46301  0
2006.46575  0
2006.46849  0
2006.47123  0
2006.47397  0
2006.47671  0
2006.47945  0
2006.48219  0
2006.48493  0
2006.48767  0
2006.49041  0
2006.49315  0
2006.49589  0
2006.49863  0
2006.50137  0
2006.50411  0
2006.50685  0
2006.50959  0
2006.51233  0
2006.51507  0
2006.51781  0
2006.52055  0
2006.52329  0
2006.52603  0
2006.52877  0
2006.53151  0
2006.53425  0
2006.53699  0
2006.53973  0
2006.54247  0
2006.54521  0
2006.54795  0
2006.55068  0
2006.55342  0
2006.55616  0
2006.55890  0
2006.56164  0
2006.56438  0
2006.56712  0
2006.56986  0
2006.57260  0
2006.57534  0
2006.57808  0
2006.58082  0
2006.58356  0
2006.58630  0
2006.58904  0
2006.59178  0
2006.59452  0
2006.59726  0
2006.60000  0
2006.60274  0
2006.60548  0
2006.60822  0
2006.61096  0
2006.61370  0
2006.61644  0
2006.61918  0
2006.62192  0
2006.62466  0
2006.62740  0
2006.63014  0
2006.63288  0
2006.63562  0
2006.63836  0
2006.64110  0
2006.64384  0
2006.64658  0
2006.64932  0
2006.65205  0
2006.65479  0
2006.65753  0
2006.66027  0
2006.66301  0
2006.66575  0
2006.66849  0
2006.67123  0
2006.67397  0
2006.67671  0
2006.67945  0
2006.68219  0
2006.68493  0
2006.68767  0
2006.69041  0
2006.69315  0
2006.69589  0
2006.69863  0
2006.70137  0
2006.70411  0
2006.70685  0
2006.70959  0
2006.71233  0
2006.71507  0
2006.71781  0
2006.72055  0
2006.72329  0
2006.72603  0
2006.72877  0
2006.73151  0
2006.73425  0
2006.73699  0
2006.73973  0
2006.74247  0
2006.74521  0
2006.74795  0
2006.75068  0
2006.75342  0
2006.75616  0
2006.75890  0
2006.76164  0
2006.76438  0
2006.76712  0
2006.76986  0
2006.77260  0
2006.77534  0
2006.77808  0
2006.78082  0
2006.83014  0
2006.83288  0
2006.83836  0
2006.84110  0
2006.84384  0
2006.84658  0
2006.84932  0
2006.85205  0
2006.85479  0
2006.85753  0
2006.86027  0
2006.86301  0
2006.86575  0
2006.86849  0
2006.87123  0
2006.87397  0
2006.87671  0
2006.87945  0
2006.88219  0
2006.88493  0
2006.88767  0
2006.89041  0
2006.89315  0
2006.89589  0
2006.89863  0
2006.90137  0
2006.90411  0
2006.90685  0
2006.90959  0
2006.91233  0
2006.91507  0
2006.91781  0
2006.92055  0
2006.92329  0
2006.92603  0
2006.92877  0
2006.93151  0
2006.93425  0
2006.93699  0
2006.93973  0
2006.94247  0
2006.94521  0
2006.94795  0
2006.95068  0
2006.95342  0
2006.95616  0
2006.95890  0
2006.96164  0
2006.96438  0
2006.96712  0
2006.96986  0
2006.97260  0
2006.97534  0
2006.97808  0
2006.98082  0
2006.98356  0
2006.98630  0
2006.98904  0
2006.99178  0
2006.99452  0
2006.99726  0
2007.00000  0
2007.00274  0
2007.00548  0
2007.00822  0
2007.01370  0
2007.01644  0
2007.01918  0
2007.02192  0
2007.02466  0
2007.02740  0
2007.03014  0
2007.03288  0
2007.03562  0
2007.03836  0
2007.04110  0
2007.04384  0
2007.04658  0
2007.04932  0
2007.05205  0
2007.05479  0
2007.05753  0
2007.06027  0
2007.06301  0
2007.06575  0
2007.06849  0
2007.07123  0
2007.07397  0
2007.07671  0
2007.07945  0
2007.08219  0
2007.08493  0
2007.08767  0
2007.09041  0
2007.09315  0
2007.09589  0
2007.09863  0
2007.10137  0
2007.10411  0
2007.10685  0
2007.10959  0
2007.11233  0
2007.11507  0
2007.11781  0
2007.12055  0
2007.12329  0
2007.12603  0
2007.12877  0
2007.13151  0
2007.13425  0
2007.13699  0
2007.13973  0
2007.14247  0
2007.14521  0
2007.14795  0
2007.15068  0
2007.15342  0
2007.15616  0
2007.15890  0
2007.16164  0
2007.16438  0
2007.16712  0
2007.16986  0
2007.17260  0
2007.17534  0
2007.17808  0
2007.18082  0
2007.18356  0
2007.18630  0
2007.18904  0
2007.19178  0
2007.19452  0
2007.19726  0
2007.20000  0
2007.20274  0
2007.20548  0
2007.20822  0
2007.21096  0
2007.21370  0
2007.21644  0
2007.21918  0
2007.22192  0
2007.22466  0
2007.22740  0
2007.23014  0
2007.23288  0
2007.23562  0
2007.23836  0
2007.24110  0
2007.24384  0
2007.24658  0
2007.24932  0
2007.25205  0
2007.25479  0
2007.25753  0
2007.26027  0
2007.26301  0
2007.26575  0
2007.26849  0
2007.27123  0
2007.27397  0
2007.27671  0
2007.27945  0
2007.28219  0
2007.28493  0
2007.28767  0
2007.29041  0
2007.29315  0
2007.29589  0
2007.29863  0
2007.30137  0
2007.30411  0
2007.30685  0
2007.30959  0
2007.31233  0
2007.31507  0
2007.31781  0
2007.32055  0
2007.32329  0
2007.32603  0
2007.32877  0
2007.33151  0
2007.33425  0
2007.33699  0
2007.33973  0
2007.34247  0
2007.34521  0
2007.34795  0
2007.35068  0
2007.35342  0
2007.35616  0
2007.35890  0
2007.36164  0
2007.36438  0
2007.36712  0
2007.36986  0
2007.37260  0
2007.37534  0
2007.37808  0
2007.38082  0
2007.38356  0
2007.38630  0
2007.38904  0
2007.39178  0
2007.39452  0
2007.39726  0
2007.40000  0
2007.40274  0
2007.40548  0
2007.40822  0
2007.41096  0
2007.41370  0
2007.41644  0
2007.41918  0
2007.42192  0
2007.42466  0
2007.42740  0
2007.43014  0
2007.43288  0
2007.43562  0
2007.43836  0
2007.44110  0
2007.44384  0
2007.44658  0
2007.44932  0
2007.45205  0
2007.45479  0
2007.45753  0
2007.46027  0
2007.46301  0
2007.46575  0
2007.46849  0
2007.47123  0
2007.47397  0
2007.47671  0
2007.47945  0
2007.48219  0
2007.48493  0
2007.48767  0
2007.49041  0
2007.49315  0
2007.49589  0
2007.49863  0
2007.50137  0
2007.50411  0
2007.50685  0
2007.50959  0
2007.51233  0
2007.51507  0
2007.51781  0
2007.52055  0
2007.52329  0
2007.52603  0
2007.52877  0
2007.53151  0
2007.53425  0
2007.53699  0
2007.53973  0
2007.54247  0
2007.54521  0
2007.54795  0
2007.55068  0
2007.55342  0
2007.55616  0
2007.55890  0
2007.56164  0
2007.56438  0
2007.56712  0
2007.56986  0
2007.57260  0
2007.57534  0
2007.57808  0
2007.58082  0
2007.58356  0
2007.58630  0
2007.58904  0
2007.59178  0
2007.59452  0
2007.59726  0
2007.60000  0
2007.60274  0
2007.60548  0
2007.60822  0
2007.61096  0
2007.61370  0
2007.61644  0
2007.61918  0
2007.62192  0
2007.62466  0
2007.62740  0
2007.63014  0
2007.63288  0
2007.63562  0
2007.63836  0
2007.64110  0
2007.64384  0
2007.64658  0
2007.64932  0
2007.65205  0
2007.65479  0
2007.65753  0
2007.66027  0
2007.66301  0
2007.66575  0
2007.66849  0
2007.67123  0
2007.67397  0
2007.67671  0
2007.67945  0
2007.68219  0
2007.68493  0
2007.68767  0
2007.69041  0
2007.69315  0
2007.69589  0
2007.69863  0
2007.70137  0
2007.70411  0
2007.70685  0
2007.70959  0
2007.71233  0
2007.71507  0
2007.71781  0
2007.72055  0
2007.72329  0
2007.72603  0
2007.72877  0
2007.73151  0
2007.73425  0
2007.73699  0
2007.73973  0
2007.74247  0
2007.74521  0
2007.74795  0
2007.75068  0
2007.75342  0
2007.75616  0
2007.75890  0
2007.76164  0
2007.76438  0
2007.76712  0
2007.76986  0
2007.77260  0
2007.77534  0
2007.77808  0
2007.78082  0
2007.78356  0
2007.78630  0
2007.78904  0
2007.79178  0
2007.79452  0
2007.79726  0
2007.80000  0
2007.80274  0
2007.80548  0
2007.80822  0
2007.81096  0
2007.81370  0
2007.81644  0
2007.81918  0
2007.82192  0
2007.82466  0
2007.82740  0
2007.83014  0
2007.83288  0
2007.83562  0
2007.83836  0
2007.84110  0
2007.84384  0
2007.84658  0
2007.84932  0
2007.85205  0
2007.85479  0
2007.85753  0
2007.86027  0
2007.86301  0
2007.86575  0
2007.86849  0
2007.87123  0
2007.87397  0
2007.87671  0
2007.87945  0
2007.88219  0
2007.88493  0
2007.88767  0
2007.89041  0
2007.89315  0
2007.89589  0
2007.89863  0
2007.90137  0
2007.90411  0
2007.90685  0
2007.90959  0
2007.91233  0
2007.91507  0
2007.91781  0
2007.92055  0
2007.92329  0
2007.92603  0
2007.92877  0
2007.93151  0
2007.93425  0
2007.93699  0
2007.93973  0
2007.94247  0
2007.94521  0
2007.94795  0
2007.95068  0
2007.95342  0
2007.95616  0
2007.95890  0
2007.96164  0
2007.96438  0
2007.96712  0
2007.96986  0
2007.97260  0
2007.97534  0
2007.97808  0
2007.98082  0
2007.98356  0
2007.98630  0
2007.98904  0
2007.99178  0
2007.99452  0
2007.99726  0
2008.00000  0
2008.00273  0
2008.00546  0
2008.00820  0
2008.01093  0
2008.01366  0
2008.01639  0
2008.01913  0
2008.02186  0
2008.02459  0
2008.02732  0
2008.03005  0
2008.03279  0
2008.03552  0
2008.03825  0
2008.04098  0
2008.04372  0
2008.04645  0
2008.04918  0
2008.05191  0
2008.05464  0
2008.05738  0
2008.06011  0
2008.06284  0
2008.06557  0
2008.06831  0
2008.07104  0
2008.07377  0
2008.07650  0
2008.07923  0
2008.08197  0
2008.08470  0
2008.08743  0
2008.09016  0
2008.09290  0
2008.09563  0
2008.09836  0
2008.10109  0
2008.10383  0
2008.10656  0
2008.10929  0
2008.11202  0
2008.11475  0
2008.11749  0
2008.12022  0
2008.12295  0
2008.12568  0
2008.12842  0
2008.13115  0
2008.13388  0
2008.13661  0
2008.13934  0
2008.14208  0
2008.14481  0
2008.14754  0
2008.15027  0
2008.15301  0
2008.15574  0
2008.15847  0
2008.16120  0
2008.16393  0
2008.16667  0
2008.16940  0
2008.17213  0
2008.17486  0
2008.17760  0
2008.18033  0
2008.18306  0
2008.18579  0
2008.18852  0
2008.19126  0
2008.19399  0
2008.19672  0
2008.19945  0
2008.20219  0
2008.20492  0
2008.20765  0
2008.21038  0
2008.21311  0
2008.21585  0
2008.21858  0
2008.22131  0
2008.22404  0
2008.22678  0
2008.22951  0
2008.23224  0
2008.23497  0
2008.23770  0
2008.24044  0
2008.24317  0
2008.24590  0
2008.24863  0
2008.25137  0
2008.25410  0
2008.25683  0
2008.25956  0
2008.26230  0
2008.26503  0
2008.26776  0
2008.27049  0
2008.27322  0
2008.27596  0
2008.27869  0
2008.28142  0
2008.28415  0
2008.28689  0
2008.28962  0
2008.29235  0
2008.29508  0
2008.29781  0
2008.30055  0
2008.30328  0
2008.30601  0
2008.30874  0
2008.31148  0
2008.31421  0
2008.31694  0
2008.31967  0
2008.32240  0
2008.32514  0
2008.32787  0
2008.33060  0
2008.33333  0
2008.33607  0
2008.33880  0
2008.34153  0
2008.34426  0
2008.34699  0
2008.34973  0
2008.35246  0
2008.35519  0
2008.35792  0
2008.36066  0
2008.36339  0
2008.36612  0
2008.36885  0
2008.37158  0
2008.37432  0
2008.37705  0
2008.37978  0
2008.38251  0
2008.38525  0
2008.38798  0
2008.39071  0
2008.39344  0
2008.39617  0
2008.39891  0
2008.40164  0
2008.40437  0
2008.40710  0
2008.40984  0
2008.41257  0
2008.41530  0
2008.41803  0
2008.42077  0
2008.42350  0
2008.42623  0
2008.42896  0
2008.43169  0
2008.43443  0
2008.43716  0
2008.43989  0
2008.44262  0
2008.44536  0
2008.44809  0
2008.45082  0
2008.45355  0
2008.45628  0
2008.45902  0
2008.46175  0
2008.46448  0
2008.46721  0
2008.46995  0
2008.47268  0
2008.47541  0
2008.47814  0
2008.48087  0
2008.48361  0
2008.48634  0
2008.48907  0
2008.49180  0
2008.49454  0
2008.49727  0
2008.50000  0
2008.50273  0
2008.50546  0
2008.50820  0
2008.51093  0
2008.51366  0
2008.51639  0
2008.51913  0
2008.52186  0
2008.52459  0
2008.52732  0
2008.53005  0
2008.53279  0
2008.53552  0
2008.53825  0
2008.54098  0
2008.54372  0
2008.54645  0
2008.54918  0
2008.55191  0
2008.55464  0
2008.55738  0
2008.56011  0
2008.56284  0
2008.56557  0
2008.56831  0
2008.57104  0
2008.57377  0
2008.57650  0
2008.57923  0
2008.58197  0
2008.58470  0
2008.58743  0
2008.59016  0
2008.59290  0
2008.59563  0
2008.59836  0
2008.60109  0
2008.60383  0
2008.60656  0
2008.60929  0
2008.61202  0
2008.61475  0
2008.61749  0
2008.62022  0
2008.62295  0
2008.62568  0
2008.62842  0
2008.63115  0
2008.63388  0
2008.63661  0
2008.63934  0
2008.64208  0
2008.64481  0
2008.64754  0
2008.65027  0
2008.65301  0
2008.65574  0
2008.65847  0
2008.66120  0
2008.66393  0
2008.66667  0
2008.66940  0
2008.67213  0
2008.67486  0
2008.67760  0
2008.68033  0
2008.68306  0
2008.68579  0
2008.68852  0
2008.69126  0
2008.69399  0
2008.69672  0
2008.69945  0
2008.70219  0
2008.70492  0
2008.70765  0
2008.71038  0
2008.71311  0
2008.71585  0
2008.71858  0
2008.72131  0
2008.72404  0
2008.72678  0
2008.72951  0
2008.73224  0
2008.73497  0
2008.73770  0
2008.74044  0
2008.74317  0
2008.74590  0
2008.74863  0
2008.75137  0
2008.75410  0
2008.75683  0
2008.75956  0
2008.76230  0
2008.76503  0
2008.76776  0
2008.77049  0
2008.77322  0
2008.77596  0
2008.77869  0
2008.78142  0
2008.78415  0
2008.78689  0
2008.78962  0
2008.79235  0
2008.79508  0
2008.80055  0
2008.80328  0
2008.80601  0
2008.80874  0
2008.81148  0
2008.81421  0
2008.81694  0
2008.81967  0
2008.82240  0
2008.82514  0
2008.83060  0
2008.83333  0
2008.83607  0
2008.83880  0
2008.84153  0
2008.84426  0
2008.84699  0
2008.84973  0
2008.85246  0
2008.85519  0
2008.85792  0
2008.86066  0
2008.86339  0
2008.86612  0
2008.86885  0
2008.87158  0
2008.87432  0
2008.87705  0
2008.87978  0
2008.88251  0
2008.88525  0
2008.88798  0
2008.89071  0
2008.89344  0
2008.89617  0
2008.89891  0
2008.90164  0
2008.90710  0
2008.90984  0
2008.91257  0
2008.91530  0
2008.91803  0
2008.92077  0
2008.92350  0
2008.92623  0
2008.92896  0
2008.93169  0
2008.93443  0
2008.93716  0
2008.93989  0
2008.94262  0
2008.94536  0
2008.94809  0
2008.95082  0
2008.95355  0
2008.95628  0
2008.95902  0
2008.96175  0
2008.96448  0
2008.96721  0
2008.96995  0
2008.97268  0
2008.97541  0
2008.97814  0
2008.98087  0
2008.98361  0
2008.98634  0
2008.98907  0
2008.99180  0
2008.99454  0
2008.99727  0
2009.00000  0
2009.00274  0
2009.00548  0
2009.00822  0
2009.01096  0
2009.01370  0
2009.01644  0
2009.01918  0
2009.02192  0
2009.02466  0
2009.02740  0
2009.03014  0
2009.03288  0
2009.03562  0
2009.03836  0
2009.04110  0
2009.04384  0
2009.04658  0
2009.04932  0
2009.05205  0
2009.05479  0
2009.05753  0
2009.06027  0
2009.06301  0
2009.06575  0
2009.06849  0
2009.07123  0
2009.07397  0
2009.07671  0
2009.07945  0
2009.08219  0
2009.08493  0
2009.08767  0
2009.09041  0
2009.09315  0
2009.09589  0
2009.09863  0
2009.13699  0
2009.13973  0
2009.14247  0
2009.14521  0
2009.14795  0
2009.15068  0
2009.15342  0
2009.15616  0
2009.15890  0
2009.16164  0
2009.16438  0
2009.16712  0
2009.16986  0
2009.17260  0
2009.17534  0
2009.17808  0
2009.18082  0
2009.18356  0
2009.18630  0
2009.18904  0
2009.19178  0
2009.19452  0
2009.19726  0
2009.20000  0
2009.20274  0
2009.20548  0
2009.20822  0
2009.21096  0
2009.21370  0
2009.21644  0
2009.21918  0
2009.22192  0
2009.22466  0
2009.22740  0
2009.23014  0
2009.23288  0
2009.23562  0
2009.23836  0
2009.24110  0
2009.24384  0
2009.24658  0
2009.24932  0
2009.25205  0
2009.25479  0
2009.25753  0
2009.26027  0
2009.26301  0
2009.26575  0
2009.26849  0
2009.27123  0
2009.27397  0
2009.27671  0
2009.27945  0
2009.28219  0
2009.28493  0
2009.28767  0
2009.29041  0
2009.29315  0
2009.29589  0
2009.29863  0
2009.30137  0
2009.30411  0
2009.30685  0
2009.30959  0
2009.31233  0
2009.31507  0
2009.31781  0
2009.32055  0
2009.32329  0
2009.32603  0
2009.32877  0
2009.33151  0
2009.33425  0
2009.33699  0
2009.33973  0
2009.34247  0
2009.34521  0
2009.34795  0
2009.35068  0
2009.35342  0
2009.35616  0
2009.35890  0
2009.36164  0
2009.36438  0
2009.36712  0
2009.36986  0
2009.37260  0
2009.37534  0
2009.37808  0
2009.38082  0
2009.38356  0
2009.38630  0
2009.38904  0
2009.39178  0
2009.39452  0
2009.39726  0
2009.40000  0
2009.40274  0
2009.40548  0
2009.40822  0
2009.41096  0
2009.41370  0
2009.41644  0
2009.41918  0
2009.42192  0
2009.42466  0
2009.42740  0
2009.43014  0
2009.43288  0
2009.43562  0
2009.43836  0
2009.44110  0
2009.44384  0
2009.44658  0
2009.51507  0
2009.51781  0
2009.52055  0
2009.52329  0
2009.52603  0
2009.52877  0
2009.53151  0
2009.53425  0
2009.53699  0
2009.53973  0
2009.54247  0
2009.54521  0
2009.54795  0
2009.55068  0
2009.55342  0
2009.55616  0
2009.55890  0
2009.56164  0
2009.56438  0
2009.56712  0
2009.56986  0
2009.57260  0
2009.57534  0
2009.57808  0
2009.58082  0
2009.58356  0
2009.58630  0
2009.58904  0
2009.59178  0
2009.59452  0
2009.59726  0
2009.60000  0
2009.60274  0
2009.60548  0
2009.60822  0
2009.61096  0
2009.61370  0
2009.61644  0
2009.61918  0
2009.62192  0
2009.62466  0
2009.63836  0
2009.64110  0
2009.64384  0
2009.64658  0
2009.64932  0
2009.65205  0
2009.65479  0
2009.65753  0
2009.66027  0
2009.66301  0
2009.66575  0
2009.66849  0
2009.68219  0
2009.68493  0
2009.68767  0
2009.69041  0
2009.69315  0
2009.69589  0
2009.69863  0
2009.70137  0
2009.70411  0
2009.70685  0
2009.70959  0
2009.75890  0
2009.76164  0
2009.76438  0
2009.76712  0
2009.77808  0
2009.78082  0
2009.78356  0
2009.78630  0
2009.78904  0
2009.79178  0
2009.79452  0
2009.79726  0
2009.80000  0
2009.80274  0
2009.80548  0
2009.80822  0
2009.81096  0
2009.81370  0
2009.81644  0
2009.81918  0
2009.82192  0
2009.82466  0
2009.82740  0
2009.83014  0
2009.83288  0
2009.83562  0
2009.83836  0
2009.84110  0
2009.84932  0
2009.85205  0
2009.85479  0
2009.85753  0
2009.86027  0
2009.98082  0
2009.98356  0
2009.98630  0
2009.98904  0
2009.99452  0
2009.99726  0
2010.00000  0
2010.00274  0
2010.00548  0
2010.00822  0
2010.01096  0
2010.01370  0
2010.01918  0
2010.02192  0
2010.02466  0
2010.02740  0
2010.03014  0
2010.03288  0
2010.03562  0
2010.03836  0
2010.04110  0
2010.04384  0
2010.04658  0
2010.04932  0
2010.05205  0
2010.05479  0
2010.05753  0
2010.06027  0
2010.06301  0
2010.06575  0
2010.06849  0
2010.07123  0
2010.07397  0
2010.07671  0
2010.07945  0
2010.08219  0
2010.08493  0
2010.08767  0
2010.09041  0
2010.09315  0
2010.09589  0
2010.09863  0
2010.10137  0
2010.10411  0
2010.10685  0
2010.10959  0
2010.11507  0
2010.11781  0
2010.12055  0
2010.12329  0
2010.12603  0
2010.12877  0
2010.13151  0
2010.13425  0
2010.13699  0
2010.13973  0
2010.14247  0
2010.14521  0
2010.14795  0
2010.15068  0
2010.15342  0
2010.15616  0
2010.15890  0
2010.16164  0
2010.16438  0
2010.16712  0
2010.16986  0
2010.17260  0
2010.17534  0
2010.17808  0
2010.18082  0
2010.18356  0
2010.18630  0
2010.18904  0
2010.19178  0
2010.19452  0
2010.19726  0
2010.20000  0
2010.20274  0
2010.20822  0
2010.21096  0
2010.21370  0
2010.21644  0
2010.21918  0
2010.22192  0
2010.22466  0
2010.22740  0
2010.23014  0
2010.23288  0
2010.23562  0
2010.23836  0
2010.24110  0
2010.24384  0
2010.24658  0
2010.24932  0
2010.25205  0
2010.25479  0
2010.25753  0
2010.26027  0
2010.26301  0
2010.26575  0
2010.26849  0
2010.27123  0
2010.27397  0
2010.27671  0
2010.27945  0
2010.28219  0
2010.28493  0
2010.29589  0
2010.29863  0
2010.30137  0
2010.30411  0
2010.30685  0
2010.30959  0
2010.31233  0
2010.31507  0
2010.31781  0
2010.32055  0
2010.32329  0
2010.32603  0
2010.32877  0
2010.33151  0
2010.33425  0
2010.33699  0
2010.33973  0
2010.34247  0
2010.34521  0
2010.34795  0
2010.35068  0
2010.35342  0
2010.35616  0
2010.35890  0
2010.36164  0
2010.36438  0
2010.36712  0
2010.36986  0
2010.37260  0
2010.37534  0
2010.37808  0
2010.38082  0
2010.38356  0
2010.38630  0
2010.38904  0
2010.39178  0
2010.39452  0
2010.39726  0
2010.40000  0
2010.40274  0
2010.40548  0
2010.40822  0
2010.41096  0
2010.41370  0
2010.41644  0
2010.41918  0
2010.42192  0
2010.42740  0
2010.43014  0
2010.43288  0
2010.43562  0
2010.43836  0
2010.44110  0
2010.44384  0
2010.44658  0
2010.44932  0
2010.45205  0
2010.45479  0
2010.45753  0
2010.46027  0
2010.46301  0
2010.46575  0
2010.46849  0
2010.47123  0
2010.47397  0
2010.47671  0
2010.47945  0
2010.48219  0
2010.48493  0
2010.48767  0
2010.49041  0
2010.49315  0
2010.49589  0
2010.49863  0
2010.50137  0
2010.50411  0
2010.50685  0
2010.51233  0
2010.51507  0
2010.53151  0
2010.53425  0
2010.53699  0
2010.57260  0
2010.57534  0
2011.39452  0
2011.39726  0
2011.40000  0
2011.40274  0
2011.40548  0
2011.40822  0
2011.41096  0
2011.41370  0
2011.41644  0
2011.41918  0
2011.42192  0
2011.42466  0
2011.42740  0
2011.43014  0
2011.43288  0
2011.43562  0
2011.43836  0
2011.44110  0
2011.44384  0
2011.44658  0
2011.44932  0
2011.45205  0
2011.45479  0
2011.46575  0
2011.46849  0
2011.47123  0
2011.47397  0
2011.47671  0
2011.47945  0
2011.48219  0
2011.48493  0
2011.48767  0
2011.49041  0
2011.49315  0
2011.49589  0
2011.49863  0
2011.50137  0
2011.50411  0
2011.50685  0
2011.50959  0
2011.51233  0
2011.51507  0
2011.51781  0
2011.52055  0
2011.52329  0
2011.52603  0
2011.52877  0
2011.53151  0
2011.53425  0
2011.53699  0
2011.53973  0
2011.54247  0
2011.54521  0
2011.54795  0
2011.55068  0
2011.55342  0
2011.55616  0
2011.55890  0
2011.56164  0
2011.56438  0
2011.56712  0
2011.56986  0
2011.57260  0
2011.57534  0
2011.57808  0
2011.58082  0
2011.58356  0
2011.58630  0
2011.58904  0
2011.59178  0
2011.59452  0
2011.59726  0
2011.60000  0
2011.60274  0
2011.60548  0
2011.60822  0
2011.61096  0
2011.97260  0
2011.97534  0
2011.97808  0
2011.98082  0
2011.98356  0
2011.98630  0
2011.98904  0
2011.99178  0
2011.99452  0
2011.99726  0
2012.00000  0
2012.00273  0
2012.00546  0
2012.00820  0
2012.01093  0
2012.01366  0
2012.01639  0
2012.01913  0
2012.02186  0
2012.02732  0
2012.03005  0
2012.03279  0
2012.03552  0
2012.03825  0
2012.04098  0
2012.04372  0
2012.04645  0
2012.04918  0
2012.05191  0
2012.05464  0
2012.05738  0
2012.06011  0
2012.06284  0
2012.06557  0
2012.06831  0
2012.07104  0
2012.07377  0
2012.07650  0
2012.07923  0
2012.08197  0
2012.08470  0
2012.08743  0
2012.09016  0
2012.09290  0
2012.09563  0
2012.09836  0
2012.10109  0
2012.10656  0
2012.10929  0
2012.11202  0
2012.11475  0
2012.11749  0
2012.12022  0
2012.12295  0
2012.12568  0
2012.12842  0
2012.13115  0
2012.13388  0
2012.13661  0
2012.13934  0
2012.14208  0
2012.14481  0
2012.14754  0
2012.15027  0
2012.15301  0
2012.15574  0
2012.15847  0
2012.16120  0
2012.16393  0
2012.16667  0
2012.16940  0
2012.17213  0
2012.17486  0
2012.17760  0
2012.18033  0
2012.18306  0
2012.18579  0
2012.18852  0
2012.19126  0
2012.19399  0
2012.19672  0
2012.19945  0
2012.20219  0
2012.20492  0
2012.20765  0
2012.21038  0
2012.21311  0
2012.21585  0
2012.21858  0
2012.22131  0
2012.22404  0
2012.22678  0
2012.22951  0
2012.23224  0
2012.23497  0
2012.23770  0
2012.24044  0
2012.24317  0
2012.24590  0
2012.24863  0
2012.25137  0
2012.25410  0
2012.25683  0
2012.25956  0
2012.26230  0
2012.27322  0
2012.27596  0
2012.27869  0
2012.28142  0
2012.28415  0
2012.28689  0
2012.28962  0
2012.29235  0
2012.29508  0
2012.29781  0
2012.30055  0
2012.30328  0
2012.30601  0
2012.30874  0
2012.31148  0
2012.31421  0
2012.31694  0
2012.31967  0
2012.32240  0
2012.32514  0
2012.32787  0
2012.33060  0
2012.33333  0
2012.33607  0
2012.33880  0
2012.34153  0
2012.34426  0
2012.34699  0
2012.34973  0
2012.35246  0
2012.35519  0
2012.35792  0
2012.36066  0
2012.36339  0
2012.36612  0
2012.36885  0
2012.37158  0
2012.37432  0
2012.37705  0
2012.37978  0
2012.38251  0
2012.38525  0
2012.38798  0
2012.39071  0
2012.39344  0
2012.39617  0
2012.39891  0
2012.40164  0
2012.40437  0
2012.40710  0
2012.40984  0
2012.41257  0
2012.41530  0
2012.41803  0
2012.42077  0
2012.42350  0
2012.42623  0
2012.42896  0
2012.43169  0
2012.43443  0
2012.43716  0
2012.43989  0
2012.44262  0
2012.44536  0
2012.44809  0
2012.45082  0
2012.45355  0
2012.45628  0
2012.45902  0
2012.46175  0
2012.46448  0
2012.46721  0
2012.46995  0
2012.47268  0
2012.47541  0
2012.47814  0
2012.48087  0
2012.48361  0
2012.48634  0
2012.48907  0
2012.49180  0
2012.49454  0
2012.49727  0
2012.50000  0
2012.50273  0
2012.50546  0
2012.50820  0
2012.51093  0
2012.51366  0
2012.51639  0
2012.51913  0
2012.52186  0
2012.52459  0
2012.52732  0
2012.53005  0
2012.53279  0
2012.53552  0
2012.53825  0
2012.54098  0
2012.54372  0
2012.54645  0
2012.54918  0
2012.55191  0
2012.55464  0
2012.55738  0
2012.56011  0
2012.56284  0
2012.56557  0
2012.56831  0
2012.57104  0
2012.57377  0
2012.57650  0
2012.57923  0
2012.58197  0
2012.58470  0
2012.58743  0
2012.59016  0
2012.59290  0
2012.59563  0
2012.59836  0
2012.60109  0
2012.60383  0
2012.60656  0
2012.60929  0
2012.61202  0
2012.61475  0
2012.61749  0
2012.62022  0
2012.62295  0
2012.62568  0
2012.62842  0
2012.63115  0
2012.63388  0
2012.63661  0
2012.63934  0
2012.64208  0
2012.64481  0
2012.64754  0
2012.65027  0
2012.65301  0
2012.65574  0
2012.65847  0
2012.66120  0
2012.66393  0
2012.66667  0
2012.66940  0
2012.67213  0
2012.67486  0
2012.67760  0
2012.68033  0
2012.68306  0
2012.68579  0
2012.68852  0
2012.69126  0
2012.69399  0
2012.69672  0
2012.69945  0
2012.70219  0
2012.70492  0
2012.70765  0
2012.71038  0
2012.71311  0
2012.71585  0
2012.71858  0
2012.72131  0
2012.72404  0
2012.72678  0
2012.73497  0
2012.74044  0
2012.74317  0
2012.74590  0
2013.17260  0
2013.17534  0
2013.17808  0
2013.18082  0
2013.18356  0
2013.18630  0
2013.18904  0
2013.19178  0
2013.19452  0
2013.19726  0
2013.20000  0
2013.20274  0
2013.20548  0
2013.20822  0
2013.21096  0
2013.21370  0
2013.21644  0
2013.21918  0
2013.22192  0
2013.22466  0
2013.22740  0
2013.23014  0
2013.23288  0
2013.23562  0
2013.23836  0
2013.24110  0
2013.24384  0
2013.24658  0
2013.24932  0
2013.26027  0
2013.26301  0
2013.26575  0
2013.26849  0
2013.28493  0
2013.28767  0
2013.29041  0
2013.29315  0
2013.29589  0
2013.29863  0
2013.30137  0
2013.30411  0
2013.30685  0
2013.30959  0
2013.31233  0
2013.31507  0
2013.31781  0
2013.32055  0
2013.32329  0
2013.32603  0
2013.32877  0
2013.33151  0
2013.33425  0
2013.33699  0
2013.33973  0
2013.34247  0
2013.34521  0
2013.34795  0
2013.35068  0
2013.35342  0
2013.35616  0
2013.35890  0
2013.36164  0
2013.36438  0
2013.36712  0
2013.36986  0
2013.37260  0
2013.37534  0
2013.37808  0
2013.38082  0
2013.38356  0
2013.38630  0
2013.38904  0
2013.39178  0
2013.39452  0
2013.39726  0
2013.40000  0
2013.40274  0
2013.40548  0
2013.40822  0
2013.41096  0
2013.41370  0
2013.41644  0
2013.41918  0
2013.42192  0
2013.42466  0
2013.42740  0
2013.43014  0
2013.43288  0
2013.44384  0
2013.44658  0
2013.44932  0
2013.45205  0
2013.45479  0
2013.45753  0
2013.46027  0
2013.46301  0
2013.46575  0
2013.46849  0
2013.47123  0
2013.47397  0
2013.47671  0
2013.47945  0
2013.48219  0
2013.48493  0
2013.48767  0
2013.49041  0
2013.49315  0
2013.49589  0
2013.49863  0
2013.50137  0
2013.50411  0
2013.50685  0
2013.50959  0
2013.51233  0
2013.51507  0
2013.51781  0
2013.52055  0
2013.52329  0
2013.52603  0
2013.52877  0
2013.53151  0
2013.53425  0
2013.53699  0
2013.53973  0
2013.54247  0
2013.54521  0
2013.54795  0
2013.55068  0
2013.55342  0
2013.55616  0
2013.55890  0
2013.56164  0
2013.56438  0
2013.57534  0
2013.57808  0
2013.58082  0
2013.58356  0
2013.58630  0
2013.58904  0
2013.59178  0
2013.59452  0
2013.59726  0
2013.60000  0
2013.60274  0
2013.60548  0
2013.60822  0
2013.61096  0
2013.61370  0
2013.61644  0
2013.61918  0
2013.62192  0
2013.62466  0
2013.62740  0
2013.63014  0
2013.63288  0
2013.63562  0
2013.63836  0
2013.64110  0
2013.64384  0
2013.64932  0
2013.65205  0
2013.65479  0
2013.65753  0
2013.66027  0
2013.66849  0
2013.67123  0
2013.67397  0
2013.67671  0
2013.67945  0
2013.68219  0
2013.68493  0
2013.68767  0
2013.69041  0
2013.69315  0
2013.69589  0
2013.69863  0
2013.70137  0
2013.70411  0
2013.70685  0
2013.70959  0
2013.71233  0
2013.71507  0
2013.71781  0
2013.72055  0
2013.72329  0
2013.72603  0
2013.72877  0
2013.73151  0
2013.73425  0
2013.73699  0
2013.73973  0
2013.74247  0
2013.74521  0
2013.75616  0
2013.75890  0
2013.76164  0
2013.76438  0
2013.76712  0
2013.76986  0
2013.77534  0
2013.77808  0
2013.78082  0
2013.78356  0
2013.78630  0
2013.78904  0
2013.79178  0
2013.79452  0
2013.79726  0
2013.80000  0
2013.80274  0
2013.80548  0
2013.80822  0
2013.81096  0
2013.81370  0
2013.81644  0
2013.81918  0
2013.82192  0
2013.82466  0
2013.82740  0
2013.83014  0
2013.83288  0
2013.92329  0
2013.92603  0
2013.92877  0
2013.93699  0
2013.93973  0
2013.94247  0
2013.94521  0
2013.94795  0
2013.95342  0
2013.95616  0
2013.95890  0
2013.96164  0
2013.96438  0
2013.96712  0
2013.96986  0
2013.97260  0
2013.97534  0
2013.97808  0
2013.98082  0
2013.98356  0
2013.98630  0
2013.98904  0
2013.99178  0
2013.99452  0
2013.99726  0
2014.00000  0
2014.00274  0
2014.00548  0
2014.00822  0
2014.01096  0
2014.01370  0
2014.01644  0
2014.01918  0
2014.02192  0
2014.02466  0
2014.02740  0
2014.03014  0
2014.03288  0
2014.03562  0
2014.05205  0
2014.05479  0
2014.05753  0
2014.06027  0
2014.06301  0
2014.06575  0
2014.06849  0
2014.07123  0
2014.07397  0
2014.07671  0
2014.07945  0
2014.08219  0
2014.08493  0
2014.08767  0
2014.09041  0
2014.09315  0
2014.09589  0
2014.09863  0
2014.10137  0
2014.10411  0
2014.10685  0
2014.10959  0
2014.11233  0
2014.11507  0
2014.12055  0
2014.12329  0
2014.12603  0
2014.12877  0
2014.13151  0
2014.13425  0
2014.13699  0
2014.13973  0
2014.14247  0
2014.14521  0
2014.14795  0
2014.15068  0
2014.16712  0
2014.16986  0
2014.17260  0
2014.17534  0
2014.17808  0
2014.18082  0
2014.18356  0
2014.18630  0
2014.18904  0
2014.19178  0
2014.19452  0
2014.19726  0
2014.20000  0
2014.20274  0
2014.20548  0
2014.20822  0
2014.21096  0
2014.21370  0
2014.21644  0
2014.21918  0
2014.22192  0
2014.22466  0
2014.22740  0
2014.23014  0
2014.23288  0
2014.23562  0
2014.23836  0
2014.24110  0
2014.24384  0
2014.24658  0
2014.24932  0
2014.25205  0
2014.26301  0
2014.26575  0
2014.27123  0
2014.27397  0
2014.27671  0
2014.28219  0
2014.28493  0
2014.28767  0
2014.29041  0
2014.29315  0
2014.29589  0
2014.29863  0
2014.30137  0
2014.30411  0
2014.30685  0
2014.30959  0
2014.31233  0
2014.31507  0
2014.31781  0
2014.32055  0
2014.32329  0
2014.32603  0
2014.32877  0
2014.33151  0
2014.33425  0
2014.33699  0
2014.33973  0
2014.34247  0
2014.34521  0
2014.34795  0
2014.35068  0
2014.35342  0
2014.35616  0
2014.35890  0
2014.36164  0
2014.36712  0
2014.36986  0
2014.37260  0
2014.37534  0
2014.37808  0
2014.38082  0
2014.38356  0
2014.38630  0
2014.38904  0
2014.39178  0
2014.39452  0
2014.39726  0
2014.40000  0
2014.40274  0
2014.40548  0
2014.40822  0
2014.41096  0
2014.41370  0
2014.41644  0
2014.41918  0
2014.42192  0
2014.42466  0
2014.44110  0
2014.44384  0
2014.44658  0
2014.44932  0
2014.45205  0
2014.45479  0
2014.45753  0
2014.46027  0
2014.46301  0
2014.46575  0
2014.46849  0
2014.47123  0
2014.47397  0
2014.47671  0
2014.47945  0
2014.48219  0
2014.48493  0
2014.48767  0
2014.49041  0
2014.49315  0
2014.49589  0
2014.49863  0
2014.50137  0
2014.50411  0
2014.50685  0
2014.50959  0
2014.51233  0
2014.51507  0
2014.51781  0
2014.52055  0
2014.52329  0
2014.52603  0
2014.52877  0
2014.53151  0
2014.53425  0
2014.53699  0
2014.53973  0
2014.54247  0
2014.54521  0
2014.54795  0
2014.55068  0
2014.55342  0
2014.55616  0
2014.55890  0
2014.56164  0
2014.56438  0
2014.56712  0
2014.56986  0
2014.57260  0
2014.57534  0
2014.57808  0
2014.58082  0
2014.58356  0
2014.58630  0
2014.58904  0
2014.59178  0
2014.59452  0
2014.59726  0
2014.60000  0
2014.60274  0
2014.60548  0
2014.60822  0
2014.61096  0
2014.61370  0
2014.61644  0
2014.61918  0
2014.62192  0
2014.62466  0
2014.62740  0
2014.63014  0
2014.63288  0
2014.63562  0
2014.63836  0
2014.64110  0
2014.64384  0
2014.64658  0
2014.64932  0
2014.65205  0
2014.65479  0
2014.65753  0
2014.66027  0
2014.66301  0
2014.66575  0
2014.66849  0
2014.67123  0
2014.67397  0
2014.67671  0
2014.67945  0
2014.68219  0
2014.68493  0
2014.68767  0
2014.69041  0
2014.69315  0
2014.69589  0
2014.69863  0
2014.70137  0
2014.70411  0
2014.70685  0
2014.70959  0
2014.71233  0
2014.71507  0
2014.71781  0
2014.72329  0
2014.72603  0
2014.72877  0
2014.73151  0
2014.73425  0
2014.73699  0
2014.73973  0
2014.74247  0
2014.74521  0
2014.74795  0
2014.75068  0
2014.75342  0
2014.75616  0
2014.75890  0
2014.76164  0
2014.76438  0
2014.76712  0
2014.76986  0
2014.77260  0
2014.77534  0
2014.77808  0
2014.78082  0
2014.78356  0
2014.78630  0
2014.78904  0
2014.79178  0
2014.79452  0
2014.79726  0
2014.80000  0
2014.80274  0
2014.80548  0
2014.80822  0
2014.81096  0
2014.81370  0
2014.81644  0
2014.81918  0
2014.82192  0
2014.82466  0
2014.82740  0
2014.83014  0
2014.83288  0
2014.83562  0
2014.83836  0
2014.84110  0
2014.84384  0
2014.84658  0
2014.84932  0
2014.85205  0
2014.85479  0
2014.85753  0
2014.86027  0
2014.86301  0
2014.86575  0
2014.86849  0
2014.87123  0
2014.87397  0
2014.87671  0
2014.87945  0
2014.88219  0
2014.88493  0
2014.88767  0
2014.89041  0
2014.89315  0
2014.89589  0
2014.89863  0
2014.90137  0
2014.90411  0
2014.90685  0
2014.90959  0
2014.91233  0
2014.91507  0
2014.91781  0
2014.92055  0
2014.92329  0
2014.92603  0
2014.92877  0
2014.93151  0
2014.93425  0
2014.93699  0
2014.93973  0
2014.94247  0
2014.94521  0
2014.94795  0
2014.95068  0
2014.95342  0
2014.95616  0
2014.95890  0
2014.96164  0
2014.96712  0
2014.96986  0
2014.97260  0
2014.97534  0
2014.97808  0
2014.98082  0
2014.98356  0
2014.98630  0
2014.98904  0
2014.99178  0
2014.99452  0
2014.99726  0
2015.00000  0
2015.00274  0
2015.00548  0
2015.00822  0
2015.01096  0
2015.01370  0
2015.01644  0
2015.01918  0
2015.02192  0
2015.02466  0
2015.02740  0
2015.03014  0
2015.03288  0
2015.03562  0
2015.03836  0
2015.04110  0
2015.04384  0
2015.04658  0
2015.04932  0
2015.05205  0
2015.05479  0
2015.05753  0
2015.06027  0
2015.06301  0
2015.06575  0
2015.06849  0
2015.07123  0
2015.07397  0
2015.07671  0
2015.07945  0
2015.08219  0
2015.08493  0
2015.08767  0
2015.09041  0
2015.09315  0
2015.09589  0
2015.09863  0
2015.10137  0
2015.10411  0
2015.10685  0
2015.10959  0
2015.11233  0
2015.11507  0
2015.11781  0
2015.12055  0
2015.12329  0
2015.14795  0
2015.15068  0
2015.15342  0
2015.15616  0
2015.15890  0
2015.16164  0
2015.16438  0
2015.16712  0
2015.16986  0
2015.17260  0
2015.17534  0
2015.17808  0
2015.18082  0
2015.18356  0
2015.18630  0
2015.18904  0
2015.19178  0
2015.19452  0
2015.19726  0
2015.20000  0
2015.20274  0
2015.20548  0
2015.20822  0
2015.21096  0
2015.21370  0
2015.21644  0
2015.21918  0
2015.22192  0
2015.22466  0
2015.22740  0
2015.23014  0
2015.23288  0
2015.23562  0
2015.23836  0
2015.24110  0
2015.24384  0
2015.24932  0
2015.25205  0
2015.25479  0
2015.25753  0
2015.26027  0
2015.26301  0
2015.26575  0
2015.26849  0
2015.27123  0
2015.27397  0
2015.27671  0
2015.27945  0
2015.28219  0
2015.28493  0
2015.28767  0
2015.29041  0
2015.29315  0
2015.29589  0
2015.29863  0
2015.30137  0
2015.30411  0
2015.30685  0
2015.30959  0
2015.31233  0
2015.31507  0
2015.31781  0
2015.32055  0
2015.32329  0
2015.32603  0
2015.32877  0
2015.33151  0
2015.33425  0
2015.33699  0
2015.33973  0
2015.34247  0
2015.34521  0
2015.34795  0
2015.35068  0
2015.35342  0
2015.35616  0
2015.35890  0
2015.36164  0
2015.36438  0
2015.36712  0
2015.36986  0
2015.37260  0
2015.37534  0
2015.37808  0
2015.38082  0
2015.38356  0
2015.38630  0
2015.38904  0
2015.39178  0
2015.39452  0
2015.39726  0
2015.40000  0
2015.40274  0
2015.40548  0
2015.40822  0
2015.41096  0
2015.41370  0
2015.41644  0
2015.41918  0
2015.42192  0
2015.42466  0
2015.42740  0
2015.43014  0
2015.43288  0
2015.43562  0
2015.43836  0
2015.44110  0
2015.44384  0
2015.44658  0
2015.44932  0
2015.45205  0
2015.45479  0
2015.45753  0
2015.46027  0
2015.46301  0
2015.46575  0
2015.46849  0
2015.47123  0
2015.47397  0
2015.47671  0
2015.47945  0
2015.48219  0
2015.48493  0
2015.48767  0
2015.49041  0
2015.49315  0
2015.49589  0
2015.49863  0
2015.50137  0
2015.50411  0
2015.50685  0
2015.50959  0
2015.51233  0
2015.51507  0
2015.51781  0
2015.52055  0
2015.52329  0
2015.52603  0
2015.52877  0
2015.53151  0
2015.53425  0
2015.53699  0
2015.53973  0
2015.54247  0
2015.54521  0
2015.54795  0
2015.55068  0
2015.55616  0
2015.55890  0
2015.56164  0
2015.56438  0
2015.56712  0
2015.56986  0
2015.57260  0
2015.57534  0
2015.57808  0
2015.58082  0
2015.58356  0
2015.58630  0
2015.58904  0
2015.59178  0
2015.59452  0
2015.59726  0
2015.60000  0
