2012.83060  0
2012.83333  0
2012.84426  0
2012.84699  0
2012.84973  0
2012.85246  0
2012.85519  0
2012.87158  0
2012.87432  0
2012.87705  0
2012.87978  0
2012.88251  0
2012.88525  0
2012.88798  0
2012.89344  0
2012.89617  0
2012.89891  0
2012.90164  0
2012.90437  0
2012.90710  0
2012.90984  0
2012.91257  0
2012.91530  0
2012.91803  0
2012.92077  0
2012.92350  0
2012.92623  0
2012.94809  0
2012.95082  0
2012.95355  0
2012.95628  0
2012.95902  0
2012.96175  0
2012.96448  0
2012.96721  0
2012.96995  0
2012.97268  0
2012.97541  0
2012.97814  0
2012.98087  0
2012.98361  0
2012.98634  0
2012.98907  0
2012.99180  0
2012.99454  0
2012.99727  0
2013.00000  0
2013.00274  0
2013.00548  0
2013.00822  0
2013.01096  0
2013.01370  0
2013.01644  0
2013.01918  0
2013.02192  0
2013.02466  0
2013.02740  0
2013.03014  0
2013.03288  0
2013.03562  0
2013.03836  0
2013.04110  0
2013.04384  0
2013.04658  0
2013.04932  0
2013.05205  0
2013.05479  0
2013.05753  0
2013.06027  0
2013.06301  0
2013.06575  0
2013.06849  0
2013.07123  0
2013.07397  0
2013.07671  0
2013.07945  0
2013.08219  0
2013.08493  0
2013.08767  0
2013.09041  0
2013.09315  0
2013.09589  0
2013.09863  0
2013.10137  0
2013.10411  0
2013.10685  0
2013.10959  0
2013.11233  0
2013.11507  0
2013.11781  0
2013.12055  0
2013.12329  0
2013.12603  0
2013.12877  0
2013.13151  0
2013.13425  0
2013.13699  0
2013.13973  0
2013.14247  0
2013.14521  0
2013.14795  0
2013.15068  0
2013.15342  0
2013.15616  0
2013.15890  0
2013.16164  0
2013.16438  0
2013.16712  0
2013.16986  0
2013.17260  0
2013.17534  0
2013.17808  0
2013.18082  0
2013.18356  0
2013.18630  0
2013.18904  0
2013.19178  0
2013.19452  0
2013.19726  0
2013.20000  0
2013.20274  0
2013.20548  0
2013.20822  0
2013.21096  0
2013.21370  0
2013.21644  0
2013.21918  0
2013.22192  0
2013.22466  0
2013.22740  0
2013.23014  0
2013.23288  0
2013.23562  0
2013.23836  0
2013.24110  0
2013.24384  0
2013.24658  0
2013.24932  0
2013.25205  0
2013.25479  0
2013.25753  0
2013.26027  0
2013.26301  0
2013.26575  0
2013.26849  0
2013.27123  0
2013.27397  0
2013.27671  0
2013.27945  0
2013.28219  0
2013.28493  0
2013.28767  0
2013.29041  0
2013.29315  0
2013.29589  0
2013.29863  0
2013.30137  0
2013.30411  0
2013.30685  0
2013.30959  0
2013.31233  0
2013.31507  0
2013.31781  0
2013.32055  0
2013.32329  0
2013.32603  0
2013.32877  0
2013.33151  0
2013.33425  0
2013.33699  0
2013.33973  0
2013.34247  0
2013.34521  0
2013.34795  0
2013.35068  0
2013.35342  0
2013.35616  0
2013.35890  0
2013.36164  0
2013.36438  0
2013.36712  0
2013.36986  0
2013.37260  0
2013.37534  0
2013.37808  0
2013.38082  0
2013.38356  0
2013.38630  0
2013.38904  0
2013.39178  0
2013.39452  0
2013.39726  0
2013.40000  0
2013.40274  0
2013.40548  0
2013.40822  0
2013.41096  0
2013.41370  0
2013.41644  0
2013.41918  0
2013.42192  0
2013.42466  0
2013.42740  0
2013.43014  0
2013.43288  0
2013.43562  0
2013.43836  0
2013.44110  0
2013.44384  0
2013.44658  0
2013.44932  0
2013.45205  0
2013.45479  0
2013.45753  0
2013.46027  0
2013.46301  0
2013.46575  0
2013.46849  0
2013.47123  0
2013.47397  0
2013.47671  0
2013.47945  0
2013.48219  0
2013.48493  0
2013.48767  0
2013.49041  0
2013.49315  0
2013.49589  0
2013.49863  0
2013.50137  0
2013.50411  0
2013.50685  0
2013.50959  0
2013.51233  0
2013.51507  0
2013.51781  0
2013.52055  0
2013.52329  0
2013.52603  0
2013.52877  0
2013.53151  0
2013.53425  0
2013.53699  0
2013.53973  0
2013.54247  0
2013.54521  0
2013.54795  0
2013.55068  0
2013.55342  0
2013.55616  0
2013.55890  0
2013.56164  0
2013.56438  0
2013.56712  0
2013.56986  0
2013.57260  0
2013.57534  0
2013.57808  0
2013.58082  0
2013.58356  0
2013.58630  0
2013.58904  0
2013.59178  0
2013.59452  0
2013.59726  0
2013.60000  0
2013.60274  0
2013.60548  0
2013.60822  0
2013.61096  0
2013.61370  0
2013.61644  0
2013.61918  0
2013.62192  0
2013.62466  0
2013.62740  0
2013.63014  0
2013.63288  0
2013.63562  0
2013.63836  0
2013.64110  0
2013.64384  0
2013.64658  0
2013.64932  0
2013.65205  0
2013.65479  0
2013.65753  0
2013.66027  0
2013.66301  0
2013.66575  0
2013.66849  0
2013.67123  0
2013.67397  0
2013.67671  0
2013.67945  0
2013.68219  0
2013.68493  0
2013.68767  0
2013.69041  0
2013.69315  0
2013.69589  0
2013.69863  0
2013.70137  0
2013.70411  0
2013.70685  0
2013.70959  0
2013.71233  0
2013.71507  0
2013.71781  0
2013.72055  0
2013.72329  0
2013.72603  0
2013.72877  0
2013.73151  0
2013.73425  0
2013.73699  0
2013.73973  0
2013.74247  0
2013.74521  0
2013.74795  0
2013.75068  0
2013.75342  0
2013.75616  0
2013.75890  0
2013.76164  0
2013.76438  0
2013.76712  0
2013.76986  0
2013.77260  0
2013.77534  0
2013.77808  0
2013.78082  0
2013.78356  0
2013.78630  0
2013.78904  0
2013.79178  0
2013.79452  0
2013.79726  0
2013.80000  0
2013.80274  0
2013.80548  0
2013.80822  0
2013.81096  0
2013.81370  0
2013.81644  0
2013.81918  0
2013.82192  0
2013.82466  0
2013.82740  0
2013.83014  0
2013.83288  0
2013.83562  0
2013.83836  0
2013.84110  0
2013.84384  0
2013.84658  0
2013.84932  0
2013.85205  0
2013.85479  0
2013.85753  0
2013.86027  0
2013.86301  0
2013.86575  0
2013.86849  0
2013.87123  0
2013.87397  0
2013.87671  0
2013.87945  0
2013.88219  0
2013.88493  0
2013.88767  0
2013.89041  0
2013.89315  0
2013.89589  0
2013.89863  0
2013.90137  0
2013.90411  0
2013.90685  0
2013.90959  0
2013.91233  0
2013.91507  0
2013.91781  0
2013.92055  0
2013.92329  0
2013.92603  0
2013.92877  0
2013.93151  0
2013.93425  0
2013.93699  0
2013.93973  0
2013.94247  0
2013.94521  0
2013.94795  0
2013.95068  0
2013.95342  0
2013.95616  0
2013.95890  0
2013.96164  0
2013.96438  0
2013.96712  0
2013.96986  0
2013.97260  0
2013.97534  0
2013.97808  0
2013.98082  0
2013.98356  0
2013.98630  0
2013.98904  0
2013.99178  0
2013.99452  0
2013.99726  0
2014.00000  0
2014.00274  0
2014.00548  0
2014.00822  0
2014.01096  0
2014.01370  0
2014.01644  0
2014.01918  0
2014.02192  0
2014.02466  0
2014.02740  0
2014.03014  0
2014.03288  0
2014.03562  0
2014.03836  0
2014.04110  0
2014.04384  0
2014.04658  0
2014.04932  0
2014.05205  0
2014.05479  0
2014.05753  0
2014.06027  0
2014.06301  0
2014.06575  0
2014.06849  0
2014.07123  0
2014.07397  0
2014.07671  0
2014.07945  0
2014.08219  0
2014.08493  0
2014.08767  0
2014.09041  0
2014.09315  0
2014.09589  0
2014.09863  0
2014.10137  0
2014.10411  0
2014.10685  0
2014.10959  0
2014.11233  0
2014.11507  0
2014.11781  0
2014.12055  0
2014.12329  0
2014.12603  0
2014.12877  0
2014.13151  0
2014.13425  0
2014.13699  0
2014.14795  0
2014.15068  0
2014.15342  0
2014.15616  0
2014.15890  0
2014.16164  0
2014.16438  0
2014.16712  0
2014.16986  0
2014.17260  0
2014.17534  0
2014.17808  0
2014.18082  0
2014.18356  0
2014.18630  0
2014.18904  0
2014.19178  0
2014.19452  0
2014.19726  0
2014.20000  0
2014.20274  0
2014.20548  0
2014.20822  0
2014.21096  0
2014.21370  0
2014.21644  0
2014.21918  0
2014.22192  0
2014.22466  0
2014.22740  0
2014.23014  0
2014.23288  0
2014.23562  0
2014.23836  0
2014.24110  0
2014.24384  0
2014.24658  0
2014.24932  0
2014.25205  0
2014.25479  0
2014.25753  0
2014.26027  0
2014.26301  0
2014.26575  0
2014.26849  0
2014.27123  0
2014.27397  0
2014.27671  0
2014.27945  0
2014.28219  0
2014.28493  0
2014.28767  0
2014.29041  0
2014.29315  0
2014.29589  0
2014.29863  0
2014.30137  0
2014.30411  0
2014.30685  0
2014.30959  0
2014.31233  0
2014.31507  0
2014.31781  0
2014.32055  0
2014.32329  0
2014.32603  0
2014.32877  0
2014.33151  0
2014.33425  0
2014.33699  0
2014.33973  0
2014.34247  0
2014.34521  0
2014.34795  0
2014.35068  0
2014.35342  0
2014.35616  0
2014.35890  0
2014.36164  0
2014.36438  0
2014.36712  0
2014.36986  0
2014.37260  0
2014.37534  0
2014.37808  0
2014.38082  0
2014.38356  0
2014.38630  0
2014.38904  0
2014.39178  0
2014.39452  0
2014.39726  0
2014.40000  0
2014.40274  0
2014.40548  0
2014.40822  0
2014.41096  0
2014.41370  0
2014.41644  0
2014.41918  0
2014.42192  0
2014.42466  0
2014.42740  0
2014.43014  0
2014.43288  0
2014.43562  0
2014.43836  0
2014.44110  0
2014.44384  0
2014.44658  0
2014.44932  0
2014.45205  0
2014.45479  0
2014.45753  0
2014.46027  0
2014.46301  0
2014.46575  0
2014.46849  0
2014.47123  0
2014.47397  0
2014.47671  0
2014.47945  0
2014.48219  0
2014.48493  0
2014.48767  0
2014.49041  0
2014.49315  0
2014.49589  0
2014.49863  0
2014.50137  0
2014.50411  0
2014.50685  0
2014.50959  0
2014.51233  0
2014.51507  0
2014.51781  0
2014.52055  0
2014.52329  0
2014.52603  0
2014.52877  0
2014.53151  0
2014.53425  0
2014.53699  0
2014.53973  0
2014.54247  0
2014.54521  0
2014.54795  0
2014.55068  0
2014.55342  0
2014.55616  0
2014.55890  0
2014.56164  0
2014.56438  0
2014.56712  0
2014.56986  0
2014.57260  0
2014.57534  0
2014.57808  0
2014.58082  0
2014.58356  0
2014.58630  0
2014.58904  0
2014.59178  0
2014.59452  0
2014.59726  0
2014.60000  0
2014.60274  0
2014.60548  0
2014.60822  0
2014.61096  0
2014.61370  0
2014.61644  0
2014.61918  0
2014.62192  0
2014.62466  0
2014.62740  0
2014.63014  0
2014.63288  0
2014.63562  0
2014.63836  0
2014.64110  0
2014.64384  0
2014.64658  0
2014.64932  0
2014.65205  0
2014.65479  0
2014.65753  0
2014.66027  0
2014.66301  0
2014.66575  0
2014.66849  0
2014.67123  0
2014.67397  0
2014.67671  0
2014.67945  0
2014.68219  0
2014.68493  0
2014.68767  0
2014.69041  0
2014.69315  0
2014.69589  0
2014.69863  0
2014.70137  0
2014.70411  0
2014.70685  0
2014.70959  0
2014.71233  0
2014.71507  0
2014.71781  0
2014.72055  0
2014.72329  0
2014.72603  0
2014.72877  0
2014.73151  0
2014.73425  0
2014.73699  0
2014.73973  0
2014.74247  0
2014.74521  0
2014.74795  0
2014.75068  0
2014.75342  0
2014.75616  0
2014.75890  0
2014.76164  0
2014.76438  0
2014.76712  0
2014.76986  0
2014.77260  0
2014.77534  0
2014.77808  0
2014.78082  0
2014.78356  0
2014.78630  0
2014.78904  0
2014.79178  0
2014.79452  0
2014.79726  0
2014.80000  0
2014.80274  0
2014.80548  0
2014.80822  0
2014.81096  0
2014.81370  0
2014.81644  0
2014.81918  0
2014.82192  0
2014.82466  0
2014.82740  0
2014.83014  0
2014.83288  0
2014.83562  0
2014.83836  0
2014.84110  0
2014.84384  0
2014.84658  0
2014.84932  0
2014.85205  0
2014.85479  0
2014.85753  0
2014.86027  0
2014.86301  0
2014.86575  0
2014.88767  0
2014.91781  0
2014.92329  0
2014.92877  0
2014.93425  0
2014.93699  0
2014.94521  0
2014.95342  0
2014.95616  0
2014.95890  0
2014.96164  0
2014.96438  0
2014.96712  0
2014.96986  0
2014.97260  0
2014.97534  0
2014.97808  0
2014.98082  0
2014.98356  0
2014.98630  0
2014.98904  0
2014.99178  0
2014.99452  0
2014.99726  0
2015.00000  0
2015.00274  0
2015.00548  0
2015.00822  0
2015.01096  0
2015.01370  0
2015.01644  0
2015.01918  0
2015.02192  0
2015.02466  0
2015.02740  0
2015.03014  0
2015.03288  0
2015.03562  0
2015.03836  0
2015.04110  0
2015.04384  0
2015.04658  0
2015.04932  0
2015.05205  0
2015.05479  0
2015.05753  0
2015.06027  0
2015.06301  0
2015.06575  0
2015.06849  0
2015.07123  0
2015.07397  0
2015.07671  0
2015.07945  0
2015.08219  0
2015.08493  0
2015.08767  0
2015.09041  0
2015.09315  0
2015.09589  0
2015.09863  0
2015.10137  0
2015.10411  0
2015.10685  0
2015.10959  0
2015.11233  0
2015.11507  0
2015.11781  0
2015.12055  0
2015.12329  0
2015.12603  0
2015.12877  0
2015.13151  0
2015.13425  0
2015.13699  0
2015.13973  0
2015.14247  0
2015.14521  0
2015.14795  0
2015.15068  0
2015.15342  0
2015.15616  0
2015.15890  0
2015.16164  0
2015.16438  0
2015.16712  0
2015.16986  0
2015.17260  0
2015.17534  0
2015.17808  0
2015.18082  0
2015.18356  0
2015.18630  0
2015.18904  0
2015.19178  0
2015.19452  0
2015.19726  0
2015.20000  0
2015.20274  0
2015.20548  0
2015.20822  0
2015.21096  0
2015.21370  0
2015.21644  0
2015.21918  0
2015.22192  0
2015.22466  0
2015.22740  0
2015.23014  0
2015.23288  0
2015.23562  0
2015.23836  0
2015.24110  0
2015.24384  0
2015.24658  0
2015.24932  0
2015.25205  0
2015.25479  0
2015.25753  0
2015.26027  0
2015.26301  0
2015.26575  0
2015.26849  0
2015.27123  0
2015.27397  0
2015.27671  0
2015.27945  0
2015.28219  0
2015.28493  0
2015.28767  0
2015.29041  0
2015.29315  0
2015.29589  0
2015.29863  0
2015.30137  0
2015.30411  0
2015.31781  0
2015.32055  0
2015.32329  0
2015.32603  0
2015.32877  0
2015.33151  0
2015.33425  0
2015.33699  0
2015.33973  0
2015.34247  0
2015.34521  0
2015.34795  0
2015.35068  0
2015.35342  0
2015.35616  0
2015.35890  0
2015.36164  0
2015.36438  0
2015.36712  0
2015.36986  0
2015.37260  0
2015.37534  0
2015.37808  0
2015.38082  0
2015.38356  0
2015.38630  0
2015.38904  0
2015.39178  0
2015.39452  0
2015.39726  0
2015.40000  0
2015.40274  0
2015.40548  0
2015.40822  0
2015.41096  0
2015.41370  0
2015.41644  0
2015.41918  0
2015.42192  0
2015.42466  0
2015.42740  0
2015.43014  0
2015.43288  0
2015.43562  0
2015.43836  0
2015.44110  0
2015.44384  0
2015.44658  0
2015.44932  0
2015.45205  0
2015.45479  0
2015.45753  0
2015.46027  0
2015.46301  0
2015.46575  0
2015.46849  0
2015.47123  0
2015.47397  0
2015.47671  0
2015.47945  0
2015.48219  0
2015.48493  0
2015.48767  0
2015.49041  0
2015.49315  0
2015.49589  0
2015.49863  0
2015.50137  0
2015.50411  0
2015.50685  0
2015.50959  0
2015.51233  0
2015.51507  0
2015.51781  0
2015.52055  0
2015.52329  0
2015.52603  0
2015.52877  0
2015.53151  0
2015.53425  0
2015.53699  0
2015.53973  0
2015.54247  0
2015.54521  0
2015.54795  0
2015.55068  0
2015.55342  0
2015.55616  0
2015.55890  0
2015.56164  0
2015.56438  0
2015.56712  0
2015.56986  0
2015.57260  0
2015.57534  0
2015.57808  0
2015.58082  0
2015.58356  0
2015.58630  0
2015.58904  0
2015.59178  0
2015.59452  0
2015.59726  0
2015.60000  0
2015.60274  0
2015.60548  0
2015.60822  0
2015.61096  0
2015.61370  0
2015.61644  0
2015.61918  0
2015.62192  0
2015.62466  0
2015.62740  0
2015.63014  0
2015.63288  0
2015.63562  0
2015.63836  0
2015.64110  0
2015.64384  0
2015.64658  0
2015.64932  0
2015.65205  0
2015.65479  0
2015.65753  0
2015.66027  0
2015.66301  0
2015.66575  0
2015.66849  0
2015.67123  0
2015.67397  0
2015.67671  0
2015.67945  0
2015.68219  0
2015.68493  0
2015.68767  0
2015.69041  0
2015.69315  0
2015.69589  0
2015.69863  0
2015.70137  0
2015.70411  0
2015.70685  0
2015.70959  0
2015.71233  0
2015.71507  0
2015.71781  0
2015.72055  0
2015.72329  0
2015.72603  0
2015.72877  0
2015.73151  0
2015.73425  0
2015.73699  0
2015.73973  0
2015.74247  0
2015.74521  0
2015.74795  0
2015.75068  0
2015.75342  0
2015.75616  0
2015.75890  0
2015.76164  0
2015.76438  0
2015.76712  0
2015.76986  0
2015.77260  0
2015.77534  0
2015.77808  0
2015.78082  0
2015.78356  0
2015.78630  0
2015.78904  0
2015.79178  0
2015.79452  0
2015.79726  0
2015.80000  0
2015.80274  0
2015.80548  0
2015.80822  0
2015.81096  0
2015.81370  0
2015.81644  0
2015.81918  0
2015.82192  0
2015.82466  0
2015.82740  0
2015.83014  0
2015.83288  0
2015.83562  0
2015.83836  0
2015.84110  0
2015.84384  0
2015.84658  0
2015.84932  0
2015.85205  0
2015.85479  0
2015.85753  0
2015.86027  0
2015.86301  0
2015.86575  0
2015.86849  0
2015.87123  0
2015.87397  0
2015.87671  0
2015.87945  0
2015.88219  0
2015.88493  0
2015.88767  0
2015.89041  0
2015.89315  0
2015.89589  0
2015.89863  0
2015.90137  0
2015.90411  0
2015.90685  0
2015.90959  0
2015.91233  0
2015.91507  0
2015.91781  0
2015.92055  0
2015.92329  0
2015.92603  0
2015.92877  0
2015.93151  0
2015.93425  0
2015.93699  0
2015.93973  0
2015.94247  0
2015.94521  0
2015.94795  0
2015.95068  0
2015.95342  0
2015.95616  0
2015.95890  0
2015.96164  0
2015.96438  0
2015.96712  0
2015.96986  0
2015.97260  0
2015.97534  0
2015.97808  0
2015.98082  0
2015.98356  0
2015.98630  0
2015.98904  0
2015.99178  0
2015.99452  0
2015.99726  0
2016.00000  0
2016.00273  0
2016.00546  0
2016.00820  0
2016.01093  0
2016.01366  0
2016.01639  0
2016.01913  0
2016.02186  0
2016.02459  0
2016.02732  0
2016.03005  0
2016.03279  0
2016.03552  0
2016.03825  0
2016.04098  0
2016.04372  0
2016.04645  0
2016.04918  0
2016.05191  0
2016.05464  0
2016.05738  0
2016.06011  0
2016.06284  0
2016.06557  0
2016.06831  0
2016.07104  0
2016.07377  0
2016.07650  0
2016.07923  0
2016.08197  0
2016.08470  0
2016.08743  0
2016.09016  0
2016.09290  0
2016.09563  0
2016.09836  0
2016.10109  0
2016.10383  0
2016.10656  0
2016.10929  0
2016.11202  0
2016.11475  0
2016.11749  0
2016.12022  0
2016.12295  0
2016.12568  0
2016.12842  0
2016.13115  0
2016.13388  0
2016.13661  0
2016.13934  0
2016.14208  0
2016.14481  0
2016.14754  0
2016.15027  0
2016.15301  0
2016.15574  0
2016.15847  0
2016.16120  0
2016.16393  0
2016.16667  0
2016.16940  0
2016.17213  0
2016.17486  0
2016.17760  0
2016.18033  0
2016.18306  0
2016.18579  0
2016.18852  0
2016.19126  0
2016.19399  0
2016.19672  0
2016.19945  0
2016.20219  0
2016.20492  0
2016.20765  0
2016.21038  0
2016.21311  0
2016.21585  0
2016.21858  0
2016.22131  0
2016.22404  0
2016.22678  0
2016.22951  0
2016.23224  0
2016.23497  0
2016.23770  0
2016.24044  0
2016.24317  0
2016.24590  0
2016.24863  0
2016.25137  0
2016.25410  0
2016.25683  0
2016.25956  0
2016.26230  0
2016.26503  0
2016.26776  0
2016.27049  0
2016.27322  0
2016.27596  0
2016.27869  0
2016.28142  0
2016.28415  0
2016.28689  0
2016.28962  0
2016.29235  0
2016.29508  0
2016.29781  0
2016.30055  0
2016.30328  0
2016.30601  0
2016.30874  0
2016.31148  0
2016.31421  0
2016.31694  0
2016.31967  0
2016.32240  0
2016.32514  0
2016.32787  0
2016.33060  0
2016.33333  0
2016.33607  0
2016.33880  0
2016.34153  0
2016.34426  0
2016.34699  0
2016.34973  0
2016.35246  0
2016.35519  0
2016.35792  0
2016.36066  0
2016.36339  0
2016.36612  0
2016.36885  0
2016.37158  0
2016.37432  0
2016.37705  0
2016.37978  0
2016.38251  0
2016.38525  0
2016.38798  0
2016.39071  0
2016.39344  0
2016.39617  0
2016.39891  0
2016.40164  0
2016.40437  0
2016.40710  0
2016.40984  0
2016.41257  0
2016.41530  0
2016.41803  0
2016.42077  0
2016.42350  0
2016.42623  0
2016.42896  0
2016.43169  0
2016.43443  0
2016.43716  0
2016.43989  0
2016.44262  0
2016.44536  0
2016.44809  0
2016.45082  0
2016.45355  0
2016.45628  0
2016.45902  0
2016.46175  0
2016.46448  0
2016.46721  0
2016.46995  0
2016.47268  0
2016.47541  0
2016.47814  0
2016.48087  0
2016.48361  0
2016.48634  0
2016.48907  0
2016.49180  0
2016.49454  0
2016.49727  0
2016.50000  0
2016.50273  0
2016.50546  0
2016.50820  0
2016.51093  0
2016.51366  0
2016.51639  0
2016.51913  0
2016.52186  0
2016.52459  0
2016.52732  0
2016.53005  0
2016.53279  0
2016.53552  0
2016.53825  0
2016.54098  0
2016.54372  0
2016.54645  0
2016.54918  0
2016.55191  0
2016.55464  0
2016.55738  0
2016.56011  0
2016.56284  0
2016.56557  0
2016.56831  0
2016.57104  0
2016.57377  0
2016.57650  0
2016.57923  0
2016.58197  0
2016.58470  0
2016.58743  0
2016.59016  0
2016.59290  0
2016.59563  0
2016.59836  0
2016.60109  0
2016.60383  0
2016.60656  0
2016.60929  0
2016.61202  0
2016.61475  0
2016.61749  0
2016.62022  0
2016.62295  0
2016.62568  0
2016.62842  0
2016.63115  0
2016.63388  0
2016.63661  0
2016.63934  0
2016.64208  0
2016.64481  0
2016.64754  0
2016.65027  0
2016.65301  0
2016.65574  0
2016.65847  0
2016.66120  0
2016.66393  0
2016.66667  0
2016.66940  0
2016.67213  0
2016.67486  0
2016.67760  0
2016.68033  0
2016.68306  0
2016.68579  0
2016.68852  0
2016.69126  0
2016.69399  0
2016.69672  0
2016.69945  0
2016.70219  0
2016.70492  0
2016.70765  0
2016.71038  0
2016.71311  0
2016.71585  0
2016.71858  0
2016.72131  0
2016.72404  0
2016.72678  0
2016.72951  0
2016.73224  0
2016.73497  0
2016.73770  0
2016.74044  0
2016.74317  0
2016.74590  0
2016.74863  0
2016.75137  0
2016.75410  0
2016.75683  0
2016.75956  0
2016.76230  0
2016.76503  0
2016.76776  0
2016.77049  0
2016.77322  0
2016.77596  0
2016.77869  0
2016.78142  0
2016.78415  0
2016.78689  0
2016.78962  0
2016.79235  0
2016.79508  0
2016.79781  0
2016.80055  0
2016.80328  0
2016.80601  0
2016.80874  0
2016.81148  0
2016.81421  0
2016.81694  0
2016.81967  0
2016.82240  0
2016.82514  0
2016.82787  0
2016.83060  0
2016.83333  0
2016.83607  0
2016.83880  0
2016.84153  0
2016.84426  0
2016.84699  0
2016.84973  0
2016.85246  0
2016.85519  0
2016.85792  0
2016.86066  0
2016.86339  0
2016.86612  0
2016.86885  0
2016.87158  0
2016.87432  0
2016.87705  0
2016.87978  0
2016.88251  0
2016.88525  0
2016.88798  0
2016.89071  0
2016.89344  0
2016.89617  0
2016.89891  0
2016.90164  0
2016.90437  0
2016.90710  0
2016.90984  0
2016.91257  0
2016.91530  0
2016.91803  0
2016.92077  0
2016.92350  0
2016.92623  0
2016.92896  0
2016.93169  0
2016.93443  0
2016.93716  0
2016.93989  0
2016.94262  0
2016.94536  0
2016.94809  0
2016.95082  0
2016.95355  0
2016.95628  0
2016.95902  0
2016.96175  0
2016.96448  0
2016.96721  0
2016.96995  0
2016.97268  0
2016.97541  0
2016.97814  0
2016.98087  0
2016.98361  0
2016.98634  0
2016.98907  0
2016.99180  0
2016.99454  0
2016.99727  0
2017.00000  0
2017.00274  0
2017.00548  0
2017.00822  0
2017.01096  0
2017.01370  0
2017.01644  0
2017.01918  0
2017.02192  0
2017.02466  0
2017.02740  0
2017.03014  0
2017.03288  0
2017.03562  0
2017.03836  0
2017.04110  0
2017.04384  0
2017.04658  0
2017.04932  0
2017.05205  0
2017.05479  0
2017.05753  0
2017.06027  0
2017.06301  0
2017.06575  0
2017.06849  0
2017.07123  0
2017.07397  0
2017.07671  0
2017.07945  0
2017.08219  0
2017.08493  0
2017.08767  0
2017.09041  0
2017.09315  0
2017.09589  0
2017.09863  0
2017.10137  0
2017.10411  0
2017.10685  0
2017.10959  0
2017.11233  0
2017.11507  0
2017.11781  0
2017.12055  0
2017.12329  0
2017.12603  0
2017.12877  0
2017.13151  0
2017.13425  0
2017.13699  0
2017.13973  0
2017.14247  0
2017.14521  0
2017.14795  0
2017.15068  0
2017.15342  0
2017.15616  0
2017.15890  0
2017.16164  0
2017.16438  0
2017.16712  0
2017.16986  0
2017.17260  0
2017.17534  0
2017.17808  0
2017.18082  0
2017.18356  0
2017.18630  0
2017.18904  0
2017.19178  0
2017.19452  0
2017.19726  0
2017.20000  0
2017.20274  0
2017.20548  0
2017.20822  0
2017.21096  0
2017.21370  0
2017.21644  0
2017.21918  0
2017.22192  0
2017.22466  0
2017.22740  0
2017.23014  0
2017.23288  0
2017.23562  0
2017.23836  0
2017.24110  0
2017.24384  0
2017.24658  0
2017.24932  0
2017.25205  0
2017.25479  0
2017.25753  0
2017.26027  0
2017.26301  0
2017.26575  0
2017.26849  0
2017.27123  0
2017.27397  0
2017.27671  0
2017.27945  0
2017.28219  0
2017.28493  0
2017.28767  0
2017.29041  0
2017.29315  0
2017.29589  0
2017.29863  0
2017.30137  0
2017.30411  0
2017.30685  0
2017.30959  0
2017.31233  0
2017.31507  0
2017.31781  0
2017.32055  0
2017.32329  0
2017.32603  0
2017.32877  0
2017.33151  0
2017.33425  0
2017.33699  0
2017.33973  0
2017.34247  0
2017.34521  0
2017.34795  0
2017.35068  0
2017.35342  0
2017.35616  0
2017.35890  0
2017.36164  0
2017.36438  0
2017.36712  0
2017.36986  0
2017.37260  0
2017.37534  0
2017.37808  0
2017.38082  0
2017.38356  0
2017.38630  0
2017.38904  0
2017.39178  0
2017.39452  0
2017.39726  0
2017.40000  0
2017.40274  0
2017.40548  0
2017.40822  0
2017.41096  0
2017.41370  0
2017.41644  0
2017.41918  0
2017.42192  0
2017.42466  0
2017.42740  0
2017.43014  0
2017.43288  0
2017.43562  0
2017.43836  0
2017.44110  0
2017.44384  0
2017.44658  0
2017.44932  0
2017.45205  0
2017.45479  0
2017.45753  0
2017.46027  0
2017.46301  0
2017.46575  0
2017.46849  0
2017.47123  0
2017.47397  0
2017.47671  0
2017.47945  0
2017.48219  0
2017.48493  0
2017.48767  0
2017.49041  0
2017.49315  0
2017.49589  0
2017.49863  0
2017.50137  0
2017.50411  0
2017.50685  0
2017.50959  0
2017.51233  0
2017.51507  0
2017.51781  0
2017.52055  0
2017.52329  0
2017.52603  0
2017.52877  0
2017.53151  0
2017.53425  0
2017.53699  0
2017.53973  0
2017.54247  0
2017.54521  0
2017.54795  0
2017.55068  0
2017.55342  0
2017.55616  0
2017.55890  0
2017.56164  0
2017.56438  0
2017.56712  0
2017.56986  0
2017.57260  0
2017.57534  0
2017.57808  0
2017.58082  0
2017.58356  0
2017.58630  0
2017.58904  0
2017.59178  0
2017.59452  0
2017.59726  0
2017.60000  0
2017.60274  0
2017.60548  0
2017.60822  0
2017.61096  0
2017.61370  0
2017.61644  0
2017.61918  0
2017.62192  0
2017.62466  0
2017.62740  0
2017.63014  0
2017.63288  0
2017.63562  0
2017.63836  0
2017.64110  0
2017.64384  0
2017.64658  0
2017.64932  0
2017.65205  0
2017.65479  0
2017.65753  0
2017.66027  0
2017.66301  0
2017.66575  0
2017.66849  0
2017.67123  0
2017.67397  0
2017.67671  0
2017.67945  0
2017.68219  0
2017.68493  0
2017.68767  0
2017.69041  0
2017.69315  0
2017.69589  0
2017.69863  0
2017.70137  0
2017.70411  0
2017.70685  0
2017.70959  0
2017.71233  0
2017.71507  0
2017.71781  0
2017.72055  0
2017.72329  0
2017.72603  0
2017.72877  0
2017.73151  0
2017.73425  0
2017.73699  0
2017.73973  0
2017.74247  0
2017.74521  0
2017.74795  0
2017.75068  0
2017.75342  0
2017.75616  0
2017.75890  0
2017.76164  0
2017.76438  0
2017.76712  0
2017.76986  0
2017.77260  0
2017.77534  0
2017.77808  0
2017.78082  0
2017.78356  0
2017.78630  0
2017.78904  0
2017.79178  0
2017.79452  0
2017.79726  0
2017.80000  0
2017.80274  0
2017.80548  0
2017.80822  0
2017.81096  0
2017.81370  0
2017.81644  0
2017.81918  0
2017.82192  0
2017.82466  0
2017.82740  0
2017.83014  0
2017.83288  0
2017.83562  0
2017.83836  0
2017.84110  0
2017.84384  0
2017.84658  0
2017.84932  0
2017.85205  0
2017.85479  0
2017.85753  0
2017.86027  0
2017.86301  0
2017.86575  0
2017.86849  0
2017.87123  0
2017.87397  0
2017.87671  0
2017.87945  0
2017.88219  0
2017.88493  0
2017.88767  0
2017.89041  0
2017.89315  0
2017.89589  0
2017.89863  0
2017.90137  0
2017.90411  0
2017.90685  0
2017.90959  0
2017.91233  0
2017.91507  0
2017.91781  0
2017.92055  0
2017.92329  0
2017.92603  0
2017.92877  0
2017.93151  0
2017.93425  0
2017.93699  0
2017.93973  0
2017.94247  0
2017.94521  0
2017.94795  0
2017.95068  0
2017.95342  0
2017.95616  0
2017.95890  0
2017.96164  0
2017.96438  0
2017.96712  0
2017.96986  0
2017.97260  0
2017.97534  0
2017.97808  0
2017.98082  0
2017.98356  0
2017.98630  0
2017.98904  0
2017.99178  0
2017.99452  0
2017.99726  0
2018.00000  0
2018.00274  0
2018.00548  0
2018.00822  0
2018.01096  0
2018.01370  0
2018.01644  0
2018.01918  0
2018.02192  0
2018.02466  0
2018.02740  0
2018.03014  0
2018.03288  0
2018.03562  0
2018.03836  0
2018.04110  0
2018.04384  0
2018.04658  0
2018.04932  0
2018.05205  0
2018.05479  0
2018.05753  0
2018.06027  0
2018.06301  0
2018.06575  0
2018.06849  0
2018.07123  0
2018.07397  0
2018.07671  0
2018.07945  0
2018.08219  0
2018.08493  0
2018.08767  0
2018.09041  0
2018.09315  0
2018.09589  0
2018.09863  0
2018.10137  0
2018.10411  0
2018.10685  0
2018.10959  0
2018.11233  0
2018.11507  0
2018.11781  0
2018.12055  0
2018.12329  0
2018.12603  0
2018.12877  0
2018.13151  0
2018.13425  0
2018.13699  0
2018.13973  0
2018.14247  0
2018.14521  0
2018.14795  0
2018.15068  0
2018.15342  0
2018.15616  0
2018.15890  0
2018.16164  0
2018.16438  0
2018.16712  0
2018.16986  0
2018.17260  0
2018.17534  0
2018.17808  0
2018.18082  0
2018.18356  0
2018.18630  0
2018.18904  0
2018.19178  0
2018.19452  0
2018.19726  0
2018.20000  0
2018.20274  0
2018.20548  0
2018.20822  0
2018.21096  0
2018.21370  0
2018.21644  0
2018.21918  0
2018.22192  0
2018.22466  0
2018.22740  0
2018.23014  0
2018.23288  0
2018.23562  0
2018.23836  0
2018.24110  0
2018.24384  0
2018.24658  0
2018.24932  0
2018.25205  0
2018.25479  0
2018.25753  0
2018.26027  0
2018.26301  0
2018.26575  0
2018.26849  0
2018.27123  0
2018.27397  0
2018.27671  0
2018.27945  0
2018.28219  0
2018.28493  0
2018.28767  0
2018.29041  0
2018.29315  0
2018.29589  0
2018.29863  0
2018.30137  0
2018.30411  0
2018.30685  0
2018.30959  0
2018.31233  0
2018.31507  0
2018.31781  0
2018.32055  0
2018.32329  0
2018.32603  0
2018.32877  0
2018.33151  0
2018.33425  0
2018.33699  0
2018.33973  0
2018.34247  0
2018.34521  0
2018.34795  0
2018.35068  0
2018.35342  0
2018.35616  0
2018.35890  0
2018.36164  0
2018.36438  0
2018.36712  0
2018.36986  0
2018.37260  0
2018.37534  0
2018.37808  0
2018.38082  0
2018.38356  0
2018.38630  0
2018.38904  0
2018.39178  0
2018.39452  0
2018.39726  0
2018.40000  0
2018.40274  0
2018.40548  0
2018.40822  0
2018.41096  0
2018.41370  0
2018.41644  0
2018.41918  0
2018.42192  0
2018.42466  0
2018.42740  0
2018.43014  0
2018.43288  0
2018.43562  0
2018.43836  0
2018.44110  0
2018.44384  0
2018.44658  0
2018.44932  0
2018.45205  0
2018.45479  0
2018.45753  0
2018.46027  0
2018.46301  0
2018.46575  0
2018.46849  0
2018.47123  0
2018.47397  0
2018.47671  0
2018.47945  0
2018.48219  0
2018.48493  0
2018.48767  0
2018.49041  0
2018.49315  0
2018.49589  0
2018.49863  0
2018.50137  0
2018.50411  0
2018.50685  0
2018.50959  0
2018.51233  0
2018.51507  0
2018.51781  0
2018.52055  0
2018.52329  0
2018.52603  0
2018.52877  0
2018.53151  0
2018.53425  0
2018.53699  0
2018.53973  0
2018.54247  0
2018.54521  0
2018.54795  0
2018.55068  0
2018.55342  0
2018.55616  0
2018.55890  0
2018.56164  0
2018.56438  0
2018.56712  0
2018.56986  0
2018.57260  0
2018.57534  0
2018.57808  0
2018.58082  0
2018.58356  0
2018.58630  0
2018.58904  0
2018.59178  0
2018.59452  0
2018.59726  0
2018.60000  0
2018.60274  0
2018.60548  0
2018.60822  0
2018.61096  0
2018.61370  0
2018.61644  0
2018.61918  0
2018.62192  0
2018.62466  0
2018.62740  0
2018.63014  0
2018.63288  0
2018.63562  0
2018.63836  0
2018.64110  0
2018.64384  0
2018.64658  0
2018.64932  0
2018.65205  0
2018.65479  0
2018.65753  0
2018.66027  0
2018.66301  0
2018.66575  0
2018.66849  0
2018.67123  0
2018.67397  0
2018.67671  0
2018.67945  0
2018.68219  0
2018.68493  0
2018.68767  0
2018.69041  0
2018.69315  0
2018.69589  0
2018.69863  0
2018.70137  0
2018.70411  0
2018.70685  0
2018.70959  0
2018.71233  0
2018.71507  0
2018.71781  0
2018.72055  0
2018.72329  0
2018.72603  0
2018.72877  0
2018.73151  0
2018.73425  0
2018.73699  0
2018.73973  0
2018.74247  0
2018.74521  0
2018.74795  0
2018.75068  0
2018.75342  0
2018.75616  0
2018.75890  0
2018.76164  0
2018.76438  0
2018.76712  0
2018.76986  0
2018.77260  0
2018.77534  0
2018.77808  0
2018.78082  0
2018.78356  0
2018.78630  0
2018.78904  0
2018.79178  0
2018.79452  0
2018.79726  0
2018.80000  0
2018.80274  0
2018.80548  0
2018.80822  0
2018.81096  0
2018.81370  0
2018.81644  0
2018.81918  0
2018.82192  0
2018.82466  0
2018.82740  0
2018.83014  0
2018.83288  0
2018.83562  0
2018.83836  0
2018.84110  0
2018.84384  0
2018.84658  0
2018.84932  0
2018.85205  0
2018.85479  0
2018.85753  0
2018.86027  0
2018.86301  0
2018.86575  0
2018.88767  0
2018.89041  0
2018.89315  0
2018.89589  0
2018.89863  0
2018.90137  0
2018.90411  0
2018.90685  0
2018.90959  0
2018.93425  0
2018.94795  0
2018.95068  0
2018.95342  0
2018.95616  0
2018.95890  0
2018.96164  0
2018.96438  0
2018.96712  0
2018.96986  0
2018.97260  0
2018.97534  0
2018.97808  0
2018.98082  0
2018.98356  0
2018.98630  0
2018.98904  0
2018.99178  0
2018.99452  0
2018.99726  0
2019.00000  0
2019.00274  0
2019.00548  0
2019.00822  0
2019.01096  0
2019.01370  0
2019.01644  0
2019.01918  0
2019.02192  0
2019.02466  0
2019.02740  0
2019.03014  0
2019.03288  0
2019.03562  0
2019.03836  0
2019.04110  0
2019.04384  0
2019.04658  0
2019.04932  0
2019.05205  0
2019.05479  0
2019.05753  0
2019.06027  0
2019.06301  0
2019.06575  0
2019.06849  0
2019.07123  0
2019.07397  0
2019.07671  0
2019.07945  0
2019.08219  0
2019.08493  0
2019.08767  0
2019.09041  0
2019.09315  0
2019.09589  0
2019.09863  0
2019.10137  0
2019.10411  0
2019.10685  0
2019.10959  0
2019.11233  0
2019.11507  0
2019.11781  0
2019.12055  0
2019.12329  0
2019.12603  0
2019.12877  0
2019.13151  0
2019.13425  0
2019.13699  0
2019.13973  0
2019.14247  0
2019.14521  0
2019.14795  0
2019.15068  0
2019.15342  0
2019.15616  0
2019.15890  0
2019.16164  0
2019.16438  0
2019.16712  0
2019.16986  0
2019.17260  0
2019.17534  0
2019.17808  0
2019.18082  0
2019.18356  0
2019.18630  0
2019.18904  0
2019.19178  0
2019.19452  0
2019.19726  0
2019.20000  0
2019.20274  0
2019.20548  0
2019.20822  0
2019.21096  0
2019.21370  0
2019.21644  0
2019.21918  0
2019.22192  0
2019.22466  0
2019.22740  0
2019.23014  0
2019.23288  0
2019.23562  0
2019.23836  0
2019.24110  0
2019.24384  0
2019.24658  0
2019.24932  0
2019.25205  0
2019.25479  0
2019.25753  0
2019.26027  0
2019.26301  0
2019.26575  0
2019.26849  0
2019.27123  0
2019.27397  0
2019.27671  0
2019.27945  0
2019.28219  0
2019.28493  0
2019.28767  0
2019.29041  0
2019.29315  0
2019.29589  0
2019.29863  0
2019.30137  0
2019.30411  0
2019.30685  0
2019.30959  0
2019.31233  0
2019.31507  0
2019.31781  0
2019.32055  0
2019.32329  0
2019.32603  0
2019.32877  0
2019.33151  0
2019.33425  0
2019.33699  0
2019.33973  0
2019.34247  0
2019.34521  0
2019.34795  0
2019.35068  0
2019.35342  0
2019.35616  0
2019.35890  0
2019.36164  0
2019.36438  0
2019.36712  0
2019.36986  0
2019.37260  0
2019.37534  0
2019.37808  0
2019.38082  0
2019.38356  0
2019.38630  0
2019.38904  0
2019.39178  0
2019.39452  0
2019.39726  0
2019.40000  0
2019.40274  0
2019.40548  0
2019.40822  0
2019.41096  0
2019.41370  0
2019.41644  0
2019.41918  0
2019.42192  0
2019.42466  0
2019.42740  0
2019.43014  0
2019.43288  0
2019.43562  0
2019.43836  0
2019.44110  0
2019.44384  0
2019.44658  0
2019.44932  0
2019.45205  0
2019.45479  0
2019.45753  0
2019.46027  0
2019.46301  0
2019.46575  0
2019.46849  0
2019.47123  0
2019.47397  0
2019.47671  0
2019.47945  0
2019.48219  0
2019.48493  0
2019.48767  0
2019.49041  0
2019.49315  0
2019.49589  0
2019.49863  0
2019.50137  0
2019.50411  0
2019.50685  0
2019.50959  0
2019.51233  0
2019.51507  0
2019.51781  0
2019.52055  0
2019.52329  0
2019.52603  0
2019.52877  0
2019.53151  0
2019.53425  0
2019.53699  0
2019.53973  0
2019.54247  0
2019.54521  0
2019.54795  0
2019.55068  0
2019.55342  0
2019.55616  0
2019.55890  0
2019.56164  0
2019.56438  0
2019.56712  0
2019.56986  0
2019.57260  0
2019.57534  0
2019.57808  0
2019.58082  0
2019.58356  0
2019.58630  0
2019.58904  0
2019.59178  0
2019.59452  0
2019.59726  0
2019.60000  0
2019.60274  0
2019.60548  0
2019.60822  0
2019.61096  0
2019.61370  0
2019.61644  0
2019.61918  0
2019.62192  0
2019.62466  0
2019.62740  0
2019.63014  0
2019.63288  0
2019.63562  0
2019.63836  0
2019.64110  0
2019.64384  0
2019.64658  0
2019.64932  0
2019.65205  0
2019.65479  0
2019.65753  0
2019.66027  0
2019.66301  0
2019.66575  0
2019.66849  0
2019.67123  0
2019.67397  0
2019.67671  0
2019.67945  0
2019.68219  0
2019.68493  0
2019.68767  0
2019.69041  0
2019.69315  0
2019.69589  0
2019.69863  0
2019.70137  0
2019.70411  0
2019.70685  0
2019.70959  0
2019.71233  0
2019.71507  0
2019.71781  0
2019.72055  0
2019.72329  0
2019.72603  0
2019.72877  0
2019.73151  0
2019.73425  0
2019.73699  0
2019.73973  0
2019.74247  0
2019.74521  0
2019.74795  0
2019.75068  0
2019.75342  0
2019.75616  0
2019.75890  0
2019.76164  0
2019.76438  0
2019.76712  0
2019.76986  0
2019.77260  0
2019.77534  0
2019.77808  0
2019.78082  0
2019.78356  0
2019.78630  0
2019.78904  0
2019.79178  0
2019.79452  0
2019.79726  0
2019.80000  0
2019.80274  0
2019.80548  0
2019.80822  0
2019.81096  0
2019.81370  0
2019.81644  0
2019.81918  0
2019.82192  0
2019.82466  0
2019.82740  0
2019.83014  0
2019.83288  0
2019.83562  0
2019.83836  0
2019.84110  0
2019.84384  0
2019.84658  0
2019.84932  0
2019.85205  0
2019.85479  0
2019.85753  0
2019.86027  0
2019.86301  0
2019.86575  0
2019.86849  0
2019.87123  0
2019.87397  0
2019.87671  0
2019.87945  0
2019.88219  0
2019.88493  0
2019.88767  0
2019.89041  0
2019.89315  0
2019.89589  0
2019.89863  0
2019.90137  0
2019.90411  0
2019.90685  0
2019.90959  0
2019.91233  0
2019.91507  0
2019.91781  0
2019.92055  0
2019.92329  0
2019.92603  0
2019.92877  0
2019.93151  0
2019.93425  0
2019.93699  0
2019.93973  0
2019.94247  0
2019.94521  0
2019.94795  0
2019.95068  0
2019.95342  0
2019.95616  0
2019.95890  0
2019.96164  0
2019.96438  0
2019.96712  0
2019.96986  0
2019.97260  0
2019.97534  0
2019.97808  0
2019.98082  0
2019.98356  0
2019.98630  0
2019.98904  0
2019.99178  0
2019.99452  0
2019.99726  0
2020.00000  0
2020.00273  0
2020.00546  0
2020.00820  0
2020.01093  0
2020.01366  0
2020.01639  0
2020.01913  0
2020.02186  0
2020.02459  0
2020.02732  0
2020.03005  0
2020.03279  0
2020.03552  0
2020.03825  0
2020.04098  0
2020.04372  0
2020.04645  0
2020.04918  0
2020.05191  0
2020.05464  0
2020.05738  0
2020.06011  0
2020.06284  0
2020.06557  0
2020.06831  0
2020.07104  0
2020.07377  0
2020.07650  0
2020.07923  0
2020.08197  0
2020.08470  0
2020.08743  0
2020.09016  0
2020.09290  0
2020.09563  0
2020.09836  0
2020.10109  0
2020.10383  0
2020.10656  0
2020.10929  0
2020.11202  0
2020.11475  0
2020.11749  0
2020.12022  0
2020.12295  0
2020.12568  0
2020.12842  0
2020.13115  0
2020.13388  0
2020.13661  0
2020.13934  0
2020.14208  0
2020.14481  0
2020.14754  0
2020.15027  0
2020.15301  0
2020.15574  0
2020.15847  0
2020.16120  0
2020.16393  0
2020.16667  0
2020.16940  0
2020.17213  0
2020.17486  0
2020.17760  0
2020.18033  0
2020.18306  0
2020.18579  0
2020.18852  0
2020.19126  0
2020.19399  0
2020.19672  0
2020.19945  0
2020.20219  0
2020.20492  0
2020.20765  0
2020.21038  0
2020.21311  0
2020.21585  0
2020.21858  0
2020.22131  0
2020.22404  0
2020.22678  0
2020.22951  0
2020.23224  0
2020.23497  0
2020.23770  0
2020.24044  0
2020.24317  0
2020.24590  0
2020.24863  0
2020.25137  0
2020.25410  0
2020.25683  0
2020.25956  0
2020.26230  0
2020.26503  0
2020.26776  0
2020.27049  0
2020.27322  0
2020.27596  0
2020.27869  0
2020.28142  0
2020.28415  0
2020.28689  0
2020.28962  0
2020.29235  0
2020.29508  0
2020.29781  0
2020.30055  0
2020.30328  0
2020.30601  0
2020.30874  0
2020.31148  0
2020.31421  0
2020.31694  0
2020.31967  0
2020.32240  0
2020.32514  0
2020.32787  0
2020.33060  0
2020.33333  0
2020.33607  0
2020.33880  0
2020.34153  0
2020.34426  0
2020.34699  0
2020.34973  0
2020.35246  0
2020.35519  0
2020.35792  0
2020.36066  0
2020.36339  0
2020.36612  0
2020.36885  0
2020.37158  0
2020.37432  0
2020.37705  0
2020.37978  0
2020.38251  0
2020.38525  0
2020.38798  0
2020.39071  0
2020.39344  0
2020.39617  0
2020.39891  0
2020.40164  0
2020.40437  0
2020.40710  0
2020.40984  0
2020.41257  0
2020.41530  0
2020.41803  0
2020.42077  0
2020.42350  0
2020.42623  0
2020.42896  0
2020.43169  0
2020.43443  0
2020.43716  0
2020.43989  0
2020.44262  0
2020.44536  0
2020.44809  0
2020.45082  0
2020.45355  0
2020.45628  0
2020.45902  0
2020.46175  0
2020.46448  0
2020.46721  0
2020.46995  0
2020.47268  0
2020.47541  0
2020.47814  0
2020.48087  0
2020.48361  0
2020.48634  0
2020.48907  0
2020.49180  0
2020.49454  0
2020.49727  0
2020.50000  0
2020.50273  0
2020.50546  0
2020.50820  0
2020.51093  0
2020.51366  0
2020.51639  0
2020.51913  0
2020.52186  0
2020.52459  0
2020.52732  0
2020.53005  0
2020.53279  0
2020.53552  0
2020.53825  0
2020.54098  0
2020.54372  0
2020.54645  0
2020.54918  0
2020.55191  0
2020.55464  0
2020.55738  0
2020.56011  0
2020.56284  0
2020.56557  0
2020.56831  0
2020.57104  0
2020.57377  0
2020.57650  0
2020.57923  0
2020.58197  0
2020.58470  0
2020.58743  0
2020.59016  0
2020.59290  0
2020.59563  0
2020.59836  0
2020.60109  0
2020.60383  0
2020.60656  0
2020.60929  0
2020.61202  0
2020.61475  0
2020.61749  0
2020.62022  0
2020.62295  0
2020.62568  0
2020.62842  0
2020.63115  0
2020.63388  0
2020.63661  0
2020.64208  0
2020.64481  0
2020.64754  0
2020.65027  0
2020.65301  0
2020.65574  0
2020.65847  0
2020.66120  0
2020.66393  0
2020.66667  0
2020.66940  0
2020.67213  0
2020.67486  0
2020.67760  0
2020.68033  0
2020.68306  0
2020.68579  0
2020.68852  0
2020.69126  0
2020.69399  0
2020.69672  0
2020.69945  0
2020.70219  0
2020.70492  0
2020.70765  0
2020.71038  0
2020.71311  0
2020.71585  0
2020.71858  0
2020.72131  0
2020.72404  0
2020.72678  0
2020.72951  0
2020.73224  0
2020.73497  0
2020.73770  0
2020.74044  0
2020.74317  0
2020.74590  0
2020.74863  0
2020.75137  0
2020.75410  0
2020.75683  0
2020.75956  0
2020.76230  0
2020.76503  0
2020.76776  0
2020.77049  0
2020.77322  0
2020.77596  0
2020.77869  0
2020.78142  0
2020.78415  0
2020.78689  0
2020.78962  0
2020.79235  0
2020.79508  0
2020.79781  0
2020.80055  0
2020.80328  0
2020.80601  0
2020.80874  0
2020.81148  0
2020.81421  0
2020.81694  0
2020.81967  0
2020.82240  0
2020.82514  0
2020.82787  0
2020.83060  0
2020.83333  0
2020.83607  0
2020.83880  0
2020.84153  0
2020.84426  0
2020.84699  0
2020.84973  0
2020.85246  0
2020.85519  0
2020.85792  0
2020.86066  0
2020.86339  0
2020.86612  0
2020.86885  0
2020.87158  0
2020.87432  0
2020.87705  0
2020.87978  0
2020.88251  0
2020.88525  0
2020.88798  0
2020.89071  0
2020.89344  0
2020.89617  0
2020.89891  0
2020.90164  0
2020.90437  0
2020.90710  0
2020.90984  0
2020.91257  0
2020.91530  0
2020.91803  0
2020.92077  0
2020.92350  0
2020.92623  0
2020.92896  0
2020.93169  0
2020.93443  0
2020.93716  0
2020.93989  0
2020.94262  0
2020.94536  0
2020.94809  0
2020.95082  0
2020.95355  0
2020.95628  0
2020.95902  0
2020.96175  0
2020.96448  0
2020.96721  0
2020.96995  0
2020.97268  0
2020.97541  0
2020.97814  0
2020.98087  0
2020.98361  0
2020.98634  0
2020.98907  0
2020.99180  0
2020.99454  0
2020.99727  0
2021.00000  0
2021.00274  0
2021.00548  0
2021.00822  0
2021.01096  0
2021.01370  0
2021.01644  0
2021.01918  0
2021.02192  0
2021.02466  0
2021.02740  0
2021.03014  0
2021.03288  0
2021.03562  0
2021.03836  0
2021.04110  0
2021.04384  0
2021.04658  0
2021.04932  0
2021.05205  0
2021.05479  0
2021.05753  0
2021.06027  0
2021.06301  0
2021.06575  0
2021.06849  0
2021.07123  0
2021.07397  0
2021.07671  0
2021.07945  0
2021.08219  0
2021.08493  0
2021.08767  0
2021.09041  0
2021.09315  0
2021.09589  0
2021.09863  0
2021.10137  0
2021.10411  0
2021.10685  0
2021.10959  0
2021.11233  0
2021.11507  0
2021.11781  0
2021.12055  0
2021.12329  0
2021.12603  0
2021.12877  0
2021.13151  0
2021.13425  0
2021.13699  0
2021.13973  0
2021.14247  0
