2006.67945  0
2006.68219  0
2006.68493  0
2006.68767  0
2006.69041  0
2006.69315  0
2006.69589  0
2006.69863  0
2006.70137  0
2006.70411  0
2006.70685  0
2006.70959  0
2006.71233  0
2006.71507  0
2006.71781  0
2006.72055  0
2006.72329  0
2006.72603  0
2006.72877  0
2006.73151  0
2006.73425  0
2006.73699  0
2006.73973  0
2006.74247  0
2006.74521  0
2006.74795  0
2006.75068  0
2006.75342  0
2006.75616  0
2006.75890  0
2006.76164  0
2006.76438  0
2006.76712  0
2006.76986  0
2006.77260  0
2006.77534  0
2006.77808  0
2006.78082  0
2006.78356  0
2006.78630  0
2006.78904  0
2006.79178  0
2006.79452  0
2006.79726  0
2006.80000  0
2006.80274  0
2006.80548  0
2006.80822  0
2006.81096  0
2006.81370  0
2006.81644  0
2006.81918  0
2006.82192  0
2006.82466  0
2006.82740  0
2006.83014  0
2006.83288  0
2006.83562  0
2006.83836  0
2006.84110  0
2006.84384  0
2006.84658  0
2006.84932  0
2006.85205  0
2006.85479  0
2006.85753  0
2006.86027  0
2006.86301  0
2006.86575  0
2006.86849  0
2006.87123  0
2006.87397  0
2006.87671  0
2006.87945  0
2006.88219  0
2006.88493  0
2006.88767  0
2006.89041  0
2006.89315  0
2006.89589  0
2006.89863  0
2006.90137  0
2006.90411  0
2006.90685  0
2006.90959  0
2006.91233  0
2006.91507  0
2006.91781  0
2006.96986  0
2006.97260  0
2006.97534  0
2006.97808  0
2006.98082  0
2006.98356  0
2006.98630  0
2006.98904  0
2006.99178  0
2006.99452  0
2006.99726  0
2007.00000  0
2007.00274  0
2007.00548  0
2007.00822  0
2007.01096  0
2007.01370  0
2007.01644  0
2007.01918  0
2007.02192  0
2007.02466  0
2007.02740  0
2007.03014  0
2007.03288  0
2007.03562  0
2007.03836  0
2007.04110  0
2007.04384  0
2007.04658  0
2007.04932  0
2007.05205  0
2007.05479  0
2007.05753  0
2007.06027  0
2007.06301  0
2007.06575  0
2007.06849  0
2007.07123  0
2007.07397  0
2007.07671  0
2007.07945  0
2007.08219  0
2007.08493  0
2007.08767  0
2007.09041  0
2007.09315  0
2007.09589  0
2007.10137  0
2007.10411  0
2007.10685  0
2007.10959  0
2007.11233  0
2007.11507  0
2007.11781  0
2007.12055  0
2007.12329  0
2007.12603  0
2007.12877  0
2007.13151  0
2007.13425  0
2007.13699  0
2007.13973  0
2007.14247  0
2007.14521  0
2007.14795  0
2007.15068  0
2007.15342  0
2007.15616  0
2007.15890  0
2007.16164  0
2007.16438  0
2007.16712  0
2007.16986  0
2007.17260  0
2007.17534  0
2007.17808  0
2007.18082  0
2007.18356  0
2007.18630  0
2007.18904  0
2007.19178  0
2007.19452  0
2007.19726  0
2007.20000  0
2007.20274  0
2007.20548  0
2007.20822  0
2007.21096  0
2007.21370  0
2007.21644  0
2007.21918  0
2007.22192  0
2007.22466  0
2007.22740  0
2007.23014  0
2007.23288  0
2007.23562  0
2007.24110  0
2007.24384  0
2007.24658  0
2007.24932  0
2007.25205  0
2007.25479  0
2007.25753  0
2007.26027  0
2007.26301  0
2007.26575  0
2007.26849  0
2007.27123  0
2007.27397  0
2007.27671  0
2007.29041  0
2007.29315  0
2007.29589  0
2007.29863  0
2007.30137  0
2007.30411  0
2007.30685  0
2007.30959  0
2007.31233  0
2007.31507  0
2007.31781  0
2007.32055  0
2007.32329  0
2007.32603  0
2007.32877  0
2007.33151  0
2007.33425  0
2007.33699  0
2007.33973  0
2007.34247  0
2007.34521  0
2007.34795  0
2007.35068  0
2007.35342  0
2007.35616  0
2007.35890  0
2007.36164  0
2007.36438  0
2007.36712  0
2007.36986  0
2007.37260  0
2007.37534  0
2007.37808  0
2007.38082  0
2007.38356  0
2007.38630  0
2007.38904  0
2007.39178  0
2007.39452  0
2007.39726  0
2007.40000  0
2007.40274  0
2007.40548  0
2007.40822  0
2007.41096  0
2007.41370  0
2007.41644  0
2007.41918  0
2007.42192  0
2007.42466  0
2007.42740  0
2007.43014  0
2007.43288  0
2007.43562  0
2007.43836  0
2007.44110  0
2007.44384  0
2007.44658  0
2007.44932  0
2007.45205  0
2007.45479  0
2007.45753  0
2007.46027  0
2007.46301  0
2007.46575  0
2007.46849  0
2007.47123  0
2007.47397  0
2007.47671  0
2007.47945  0
2007.48219  0
2007.48493  0
2007.48767  0
2007.49041  0
2007.49315  0
2007.49589  0
2007.49863  0
2007.50137  0
2007.50411  0
2007.50685  0
2007.50959  0
2007.51233  0
2007.51507  0
2007.51781  0
2007.52055  0
2007.52329  0
2007.52603  0
2007.52877  0
2007.53151  0
2007.53425  0
2007.53699  0
2007.53973  0
2007.54247  0
2007.54521  0
2007.54795  0
2007.55068  0
2007.55342  0
2007.55616  0
2007.55890  0
2007.56164  0
2007.56438  0
2007.56712  0
2007.56986  0
2007.57260  0
2007.57534  0
2007.57808  0
2007.58082  0
2007.58356  0
2007.58630  0
2007.58904  0
2007.59178  0
2007.59452  0
2007.59726  0
2007.60000  0
2007.60274  0
2007.60548  0
2007.60822  0
2007.61096  0
2007.61370  0
2007.61644  0
2007.61918  0
2007.62192  0
2007.67945  0
2007.68219  0
2007.68493  0
2007.68767  0
2007.69041  0
2007.69315  0
2007.69589  0
2007.69863  0
2007.70137  0
2007.70411  0
2007.70685  0
2007.70959  0
2007.71233  0
2007.71507  0
2007.71781  0
2007.72055  0
2007.72329  0
2007.72603  0
2007.72877  0
2007.73151  0
2007.73425  0
2007.73699  0
2007.73973  0
2007.74247  0
2007.74521  0
2007.74795  0
2007.75068  0
2007.75342  0
2007.75616  0
2007.78630  0
2007.78904  0
2007.79178  0
2007.79452  0
2007.84384  0
2007.84658  0
2007.84932  0
2007.85205  0
2007.85479  0
2007.85753  0
2007.86027  0
2007.86301  0
2007.86575  0
2007.86849  0
2007.87123  0
2007.87397  0
2007.87671  0
2007.87945  0
2007.88219  0
2007.88493  0
2007.88767  0
2007.89041  0
2007.89315  0
2007.89863  0
2007.90137  0
2007.90411  0
2007.90685  0
2007.90959  0
2007.91233  0
2007.91507  0
2007.91781  0
2007.92055  0
2007.92329  0
2007.92603  0
2007.92877  0
2007.93151  0
2007.93699  0
2007.93973  0
2007.94247  0
2007.94521  0
2007.94795  0
2007.95068  0
2007.95890  0
2007.96164  0
2007.96438  0
2007.96712  0
2007.96986  0
2007.97260  0
2007.97534  0
2007.97808  0
2007.98082  0
2007.98356  0
2007.98630  0
2007.98904  0
2007.99178  0
2007.99452  0
2007.99726  0
2008.00000  0
2008.00273  0
2008.00546  0
2008.00820  0
2008.01093  0
2008.01366  0
2008.01913  0
2008.02186  0
2008.02459  0
2008.02732  0
2008.03005  0
2008.03279  0
2008.03552  0
2008.03825  0
2008.04098  0
2008.04372  0
2008.04645  0
2008.04918  0
2008.05191  0
2008.05464  0
2008.05738  0
2008.06011  0
2008.06284  0
2008.17213  0
2008.17486  0
2008.17760  0
2008.18033  0
2008.18306  0
2008.18579  0
2008.18852  0
2008.19126  0
2008.19399  0
2008.19672  0
2008.19945  0
2008.20219  0
2008.20492  0
2008.20765  0
2008.21038  0
2008.21311  0
2008.21585  0
2008.21858  0
2008.22131  0
2008.22404  0
2008.22678  0
2008.22951  0
2008.23224  0
2008.23497  0
2008.23770  0
2008.24044  0
2008.24317  0
2008.24590  0
2008.24863  0
2008.25137  0
2008.25410  0
2008.25683  0
2008.25956  0
2008.26230  0
2008.26503  0
2008.26776  0
2008.27049  0
2008.27322  0
2008.27596  0
2008.27869  0
2008.28142  0
2008.28415  0
2008.28689  0
2008.28962  0
2008.29235  0
2008.29508  0
2008.29781  0
2008.30055  0
2008.30328  0
2008.30601  0
2008.30874  0
2008.31148  0
2008.31421  0
2008.31694  0
2008.31967  0
2008.32240  0
2008.32514  0
2008.32787  0
2008.33060  0
2008.33333  0
2008.33607  0
2008.33880  0
2008.34153  0
2008.34426  0
2008.34699  0
2008.34973  0
2008.35246  0
2008.35519  0
2008.35792  0
2008.36066  0
2008.36339  0
2008.36612  0
2008.36885  0
2008.37158  0
2008.37432  0
2008.37705  0
2008.37978  0
2008.38251  0
2008.38525  0
2008.38798  0
2008.39071  0
2008.39344  0
2008.39617  0
2008.39891  0
2008.40164  0
2008.40437  0
2008.40710  0
2008.40984  0
2008.41257  0
2008.41530  0
2008.41803  0
2008.42077  0
2008.42350  0
2008.42623  0
2008.42896  0
2008.43169  0
2008.43443  0
2008.43716  0
2008.43989  0
2008.44262  0
2008.44536  0
2008.44809  0
2008.45082  0
2008.45355  0
2008.45628  0
2008.45902  0
2008.46175  0
2008.46448  0
2008.46721  0
2008.46995  0
2008.47268  0
2008.47541  0
2008.47814  0
2008.48087  0
2008.48361  0
2008.48634  0
2008.48907  0
2008.49180  0
2008.49454  0
2008.49727  0
2008.50000  0
2008.50273  0
2008.50546  0
2008.50820  0
2008.51093  0
2008.51366  0
2008.51639  0
2008.51913  0
2008.52186  0
2008.52459  0
2008.52732  0
2008.53005  0
2008.53279  0
2008.53552  0
2008.53825  0
2008.54098  0
2008.54372  0
2008.54645  0
2008.54918  0
2008.55191  0
2008.55464  0
2008.55738  0
2008.56011  0
2008.56284  0
2008.56557  0
2008.56831  0
2008.57104  0
2008.57377  0
2008.57650  0
2008.57923  0
2008.58197  0
2008.58470  0
2008.58743  0
2008.59016  0
2008.59290  0
2008.59563  0
2008.59836  0
2008.60109  0
2008.60383  0
2008.60656  0
2008.60929  0
2008.63115  0
2008.63388  0
2008.63661  0
2008.63934  0
2008.64208  0
2008.64481  0
2008.64754  0
2008.65027  0
2008.65301  0
2008.65574  0
2008.65847  0
2008.66120  0
2008.66393  0
2008.66667  0
2008.66940  0
2008.67213  0
2008.67486  0
2008.67760  0
2008.68033  0
2008.68306  0
2008.68579  0
2008.68852  0
2008.69126  0
2008.69399  0
2008.69672  0
2008.69945  0
2008.70219  0
2008.70492  0
2008.70765  0
2008.71038  0
2008.71311  0
2008.71585  0
2008.71858  0
2008.72131  0
2008.72404  0
2008.72678  0
2008.72951  0
2008.73224  0
2008.73497  0
2008.73770  0
2008.74044  0
2008.74317  0
2008.74590  0
2008.74863  0
2008.75137  0
2008.75410  0
2008.75683  0
2008.75956  0
2008.76230  0
2008.76503  0
2008.76776  0
2008.77049  0
2008.77322  0
2008.77596  0
2008.77869  0
2008.78142  0
2008.78415  0
2008.78689  0
2008.80601  0
2008.80874  0
2008.81148  0
2008.81421  0
2008.81694  0
2008.81967  0
2008.82240  0
2008.82514  0
2008.82787  0
2008.83060  0
2008.83333  0
2008.83607  0
2008.83880  0
2008.84153  0
2008.84426  0
2008.84699  0
2008.84973  0
2008.85246  0
2008.85519  0
2008.85792  0
2008.86066  0
2008.86339  0
2008.86612  0
2008.86885  0
2008.87158  0
2008.87432  0
2008.87705  0
2008.87978  0
2008.88251  0
2008.88525  0
2008.88798  0
2008.89071  0
2008.89344  0
2008.89617  0
2008.89891  0
2008.90164  0
2008.90437  0
2008.92350  0
2008.92623  0
2008.92896  0
2008.93169  0
2008.93443  0
2008.93716  0
2008.93989  0
2008.94262  0
2008.94536  0
2008.94809  0
2008.95082  0
2008.95355  0
2008.95628  0
2008.95902  0
2008.96175  0
2008.96448  0
2008.96721  0
2008.96995  0
2008.97268  0
2008.97541  0
2008.97814  0
2008.98087  0
2008.98361  0
2008.98634  0
2008.98907  0
2008.99180  0
2008.99454  0
2008.99727  0
2009.00000  0
2009.00274  0
2009.00548  0
2009.00822  0
2009.01096  0
2009.01370  0
2009.01644  0
2009.01918  0
2009.02192  0
2009.02466  0
2009.02740  0
2009.03014  0
2009.03288  0
2009.03562  0
2009.03836  0
2009.04110  0
2009.04384  0
2009.04658  0
2009.04932  0
2009.05205  0
2009.05479  0
2009.05753  0
2009.06027  0
2009.06301  0
2009.06575  0
2009.06849  0
2009.07123  0
2009.07397  0
2009.07671  0
2009.07945  0
2009.08219  0
2009.08493  0
2009.08767  0
2009.09041  0
2009.09863  0
2009.10137  0
2009.10411  0
2009.10685  0
2009.10959  0
2009.11233  0
2009.11507  0
2009.11781  0
2009.12055  0
2009.12329  0
2009.12603  0
2009.12877  0
2009.13151  0
2009.13425  0
2009.13699  0
2009.13973  0
2009.14247  0
2009.14521  0
2009.14795  0
2009.15068  0
2009.15342  0
2009.15616  0
2009.15890  0
2009.16164  0
2009.16438  0
2009.16712  0
2009.16986  0
2009.17260  0
2009.17534  0
2009.17808  0
2009.18082  0
2009.18356  0
2009.18630  0
2009.18904  0
2009.19178  0
2009.19452  0
2009.20274  0
2009.20548  0
2009.20822  0
2009.21096  0
2009.21370  0
2009.21644  0
2009.21918  0
2009.22192  0
2009.22466  0
2009.22740  0
2009.23014  0
2009.23288  0
2009.23562  0
2009.23836  0
2009.24110  0
2009.24384  0
2009.24658  0
2009.24932  0
2009.25205  0
2009.25479  0
2009.25753  0
2009.26027  0
2009.26301  0
2009.26575  0
2009.26849  0
2009.27123  0
2009.27397  0
2009.27671  0
2009.27945  0
2009.28219  0
2009.28493  0
2009.28767  0
2009.29041  0
2009.29315  0
2009.29589  0
2009.29863  0
2009.30137  0
2009.30411  0
2009.30685  0
2009.30959  0
2009.31233  0
2009.31507  0
2009.31781  0
2009.32055  0
2009.32329  0
2009.32603  0
2009.32877  0
2009.33151  0
2009.33425  0
2009.33699  0
2009.33973  0
2009.34247  0
2009.34521  0
2009.34795  0
2009.35068  0
2009.35342  0
2009.35616  0
2009.35890  0
2009.36164  0
2009.36438  0
2009.36712  0
2009.36986  0
2009.37260  0
2009.37534  0
2009.37808  0
2009.38082  0
2009.38356  0
2009.38630  0
2009.38904  0
2009.39178  0
2009.39452  0
2009.39726  0
2009.40000  0
2009.40274  0
2009.40548  0
2009.40822  0
2009.41096  0
2009.41370  0
2009.41644  0
2009.41918  0
2009.42192  0
2009.42466  0
2009.42740  0
2009.43014  0
2009.43288  0
2009.43562  0
2009.43836  0
2009.44110  0
2009.44384  0
2009.44658  0
2009.44932  0
2009.45205  0
2009.45479  0
2009.45753  0
2009.46027  0
2009.46301  0
2009.46575  0
2009.46849  0
2009.47123  0
2009.47397  0
2009.47671  0
2009.47945  0
2009.48219  0
2009.48493  0
2009.48767  0
2009.49041  0
2009.49315  0
2009.49589  0
2009.49863  0
2009.50137  0
2009.50411  0
2009.50685  0
2009.50959  0
2009.51233  0
2009.51507  0
2009.51781  0
2009.52055  0
2009.52329  0
2009.52603  0
2009.52877  0
2009.53151  0
2009.53425  0
2009.53699  0
2009.53973  0
2009.54247  0
2009.54521  0
2009.54795  0
2009.55068  0
2009.55342  0
2009.55616  0
2009.55890  0
2009.56164  0
2009.56438  0
2009.56712  0
2009.56986  0
2009.57260  0
2009.57534  0
2009.57808  0
2009.58082  0
2009.58356  0
2009.58630  0
2009.58904  0
2009.59178  0
2009.59452  0
2009.59726  0
2009.60000  0
2009.60274  0
2009.60548  0
2009.60822  0
2009.61918  0
2009.62192  0
2009.62466  0
2009.62740  0
2009.63014  0
2009.63288  0
2009.63562  0
2009.63836  0
2009.64110  0
2009.64384  0
2009.64658  0
2009.64932  0
2009.65205  0
2009.65479  0
2009.65753  0
2009.66027  0
2009.66301  0
2009.66575  0
2009.66849  0
2009.67123  0
2009.67397  0
2009.67671  0
2009.68767  0
2009.69041  0
2009.69315  0
2009.69589  0
2009.69863  0
2009.70137  0
2009.70411  0
2009.70685  0
2009.70959  0
2009.71233  0
2009.71507  0
2009.71781  0
2009.72055  0
2009.72329  0
2009.72603  0
2009.72877  0
2009.73151  0
2009.73425  0
2009.73699  0
2009.73973  0
2009.74247  0
2009.74521  0
2009.74795  0
2009.75068  0
2009.75342  0
2009.75616  0
2009.75890  0
2009.76164  0
2009.76438  0
2009.76712  0
2009.76986  0
2009.77260  0
2009.77534  0
2009.77808  0
2009.78082  0
2009.78356  0
2009.78630  0
2009.78904  0
2009.79178  0
2009.79452  0
2009.79726  0
2009.80000  0
2009.80274  0
2009.80548  0
2009.80822  0
2009.81096  0
2009.81370  0
2009.81644  0
2009.81918  0
2009.82192  0
2009.82466  0
2009.82740  0
2009.83014  0
2009.83288  0
2009.83562  0
2009.83836  0
2009.84110  0
2009.84384  0
2009.84658  0
2009.86027  0
2009.86301  0
2009.86575  0
2009.86849  0
2009.87123  0
2009.87397  0
2009.87671  0
2009.87945  0
2009.88219  0
2009.88493  0
2009.88767  0
2009.89041  0
2009.89315  0
2009.89589  0
2009.89863  0
2009.90137  0
2009.90411  0
2009.90685  0
2009.90959  0
2009.91233  0
2009.91507  0
2009.91781  0
2009.92055  0
2009.92329  0
2009.92603  0
2009.92877  0
2009.93151  0
2009.93425  0
2009.93699  0
2009.93973  0
2009.94247  0
2009.94521  0
2009.94795  0
2009.95068  0
2009.95342  0
2009.95616  0
2009.95890  0
2009.96164  0
2009.96438  0
2009.96712  0
2009.96986  0
2009.97260  0
2009.97534  0
2009.97808  0
2009.98082  0
2009.98356  0
2009.98630  0
2009.98904  0
2009.99178  0
2009.99452  0
2009.99726  0
2010.00000  0
2010.00274  0
2010.00548  0
2010.00822  0
2010.01096  0
2010.01370  0
2010.01644  0
2010.01918  0
2010.02192  0
2010.02466  0
2010.02740  0
2010.03014  0
2010.03288  0
2010.03562  0
2010.03836  0
2010.04110  0
2010.04384  0
2010.04658  0
2010.04932  0
2010.05205  0
2010.05479  0
2010.05753  0
2010.06027  0
2010.06301  0
2010.06575  0
2010.06849  0
2010.07123  0
2010.07397  0
2010.07671  0
2010.07945  0
2010.08219  0
2010.08493  0
2010.08767  0
2010.09041  0
2010.09315  0
2010.09589  0
2010.09863  0
2010.10137  0
2010.10411  0
2010.10685  0
2010.10959  0
2010.11233  0
2010.11507  0
2010.11781  0
2010.12055  0
2010.12329  0
2010.12603  0
2010.12877  0
2010.13151  0
2010.13425  0
2010.13699  0
2010.13973  0
2010.14247  0
2010.14521  0
2010.14795  0
2010.15068  0
2010.15342  0
2010.15616  0
2010.15890  0
2010.16164  0
2010.16438  0
2010.16712  0
2010.16986  0
2010.17260  0
2010.17534  0
2010.17808  0
2010.18082  0
2010.18356  0
2010.18630  0
2010.18904  0
2010.19178  0
2010.19452  0
2010.19726  0
2010.20000  0
2010.20274  0
2010.20548  0
2010.20822  0
2010.21096  0
2010.21370  0
2010.21644  0
2010.21918  0
2010.22192  0
2010.22466  0
2010.22740  0
2010.23014  0
2010.24384  0
2010.24658  0
2010.24932  0
2010.25205  0
2010.25479  0
2010.25753  0
2010.26027  0
2010.26301  0
2010.26575  0
2010.26849  0
2010.27123  0
2010.27397  0
2010.27671  0
2010.27945  0
2010.28219  0
2010.28493  0
2010.28767  0
2010.29041  0
2010.29315  0
2010.29589  0
2010.29863  0
2010.30137  0
2010.30411  0
2010.30685  0
2010.30959  0
2010.31233  0
2010.31507  0
2010.31781  0
2010.32055  0
2010.32329  0
2010.32603  0
2010.32877  0
2010.33151  0
2010.33425  0
2010.33699  0
2010.33973  0
2010.34247  0
2010.34521  0
2010.34795  0
2010.35068  0
2010.35342  0
2010.35616  0
2010.35890  0
2010.36164  0
2010.36438  0
2010.36712  0
2010.36986  0
2010.37260  0
2010.37534  0
2010.37808  0
2010.38082  0
2010.38356  0
2010.38630  0
2010.39178  0
2010.39452  0
2010.39726  0
2010.40000  0
2010.40274  0
2010.40548  0
2010.40822  0
2010.41096  0
2010.41370  0
2010.41644  0
2010.41918  0
2010.42192  0
2010.42466  0
2010.42740  0
2010.43014  0
2010.43288  0
2010.43562  0
2010.43836  0
2010.44110  0
2010.44384  0
2010.44658  0
2010.44932  0
2010.45205  0
2010.45479  0
2010.45753  0
2010.46027  0
2010.46301  0
2010.46575  0
2010.46849  0
2010.47123  0
2010.47397  0
2010.47671  0
2010.47945  0
2010.48219  0
2010.48493  0
2010.48767  0
2010.49041  0
2010.49315  0
2010.49589  0
2010.49863  0
2010.50137  0
2010.50411  0
2010.50685  0
2010.50959  0
2010.51233  0
2010.51507  0
2010.51781  0
2010.52055  0
2010.52329  0
2010.52603  0
2010.52877  0
2010.53151  0
2010.53425  0
2010.53699  0
2010.55342  0
2010.55616  0
2010.55890  0
2010.56164  0
2010.56438  0
2010.56712  0
2010.56986  0
2010.57260  0
2010.57534  0
2010.57808  0
2010.63288  0
2010.63562  0
2010.63836  0
2010.64110  0
2010.64384  0
2010.64658  0
2010.64932  0
2010.65205  0
2010.65479  0
2010.65753  0
2010.66027  0
2010.66849  0
2010.68219  0
2010.70137  0
2010.74247  0
2010.74521  0
2010.74795  0
2010.75068  0
2010.75342  0
2010.75616  0
2010.75890  0
2010.76164  0
2010.76438  0
2010.76712  0
2010.76986  0
2010.77260  0
2010.77534  0
2010.77808  0
2010.78082  0
2010.78356  0
2010.78630  0
2010.78904  0
2010.79178  0
2010.79452  0
2010.79726  0
2010.80000  0
2010.80274  0
2010.80548  0
2010.82192  0
2010.82466  0
2010.82740  0
2010.83014  0
2010.83288  0
2010.83562  0
2010.84384  0
2010.84658  0
2010.84932  0
2010.85205  0
2010.85479  0
2010.85753  0
2010.86027  0
2010.86301  0
2010.86575  0
2010.86849  0
2010.87123  0
2010.87397  0
2010.87671  0
2010.87945  0
2010.88219  0
2010.88493  0
2010.88767  0
2010.89041  0
2010.89315  0
2010.89589  0
2010.89863  0
2010.90137  0
2010.90411  0
2010.90685  0
2010.90959  0
2010.91233  0
2010.91507  0
2010.91781  0
2010.92055  0
2010.92329  0
2010.92603  0
2010.92877  0
2010.93151  0
2010.93425  0
2010.93699  0
2010.93973  0
2010.94247  0
2010.94521  0
2010.94795  0
2010.95068  0
2010.95342  0
2010.95616  0
2010.95890  0
2010.96164  0
2010.96438  0
2010.96712  0
2010.96986  0
2010.97260  0
2010.97534  0
2010.97808  0
2010.98082  0
2010.98356  0
2010.98630  0
2010.98904  0
2010.99178  0
2010.99452  0
2010.99726  0
2011.00000  0
2011.00274  0
2011.00548  0
2011.00822  0
2011.01096  0
2011.01370  0
2011.01644  0
2011.01918  0
2011.02192  0
2011.02466  0
2011.02740  0
2011.03014  0
2011.03288  0
2011.03562  0
2011.03836  0
2011.04110  0
2011.04384  0
2011.04658  0
2011.04932  0
2011.05205  0
2011.05479  0
2011.05753  0
2011.06027  0
2011.06301  0
2011.06575  0
2011.06849  0
2011.07123  0
2011.07397  0
2011.07671  0
2011.07945  0
2011.08219  0
2011.08493  0
2011.08767  0
2011.09041  0
2011.09315  0
2011.09589  0
2011.09863  0
2011.10137  0
2011.10411  0
2011.10685  0
2011.11781  0
2011.12055  0
2011.12329  0
2011.12603  0
2011.13151  0
2011.13425  0
2011.13699  0
2011.13973  0
2011.14247  0
2011.14521  0
2011.14795  0
2011.15068  0
2011.15342  0
2011.15616  0
2011.15890  0
2011.16164  0
2011.16712  0
2011.16986  0
2011.17260  0
2011.17534  0
2011.17808  0
2011.18082  0
2011.18356  0
2011.18630  0
2011.18904  0
2011.19178  0
2011.19452  0
2011.19726  0
2011.20000  0
2011.20274  0
2011.20548  0
2011.20822  0
2011.21096  0
2011.21370  0
2011.21644  0
2011.21918  0
2011.22192  0
2011.22466  0
2011.22740  0
2011.23014  0
2011.23288  0
2011.23562  0
2011.23836  0
2011.24110  0
2011.24384  0
2011.24658  0
2011.24932  0
2011.25205  0
2011.25479  0
2011.25753  0
2011.26027  0
2011.26301  0
2011.27397  0
2011.27671  0
2011.28493  0
2011.28767  0
2011.29041  0
2011.29315  0
2011.29589  0
2011.30411  0
2011.30685  0
2011.30959  0
2011.31233  0
2011.31507  0
2011.31781  0
2011.32055  0
2011.32329  0
2011.32603  0
2011.32877  0
2011.33151  0
2011.33425  0
2011.33699  0
2011.33973  0
2011.34247  0
2011.34521  0
2011.34795  0
2011.35068  0
2011.35342  0
2011.35616  0
2011.35890  0
2011.36164  0
2011.36438  0
2011.36712  0
2011.36986  0
2011.37260  0
2011.50685  0
2011.50959  0
2011.51233  0
2011.51507  0
2011.55068  0
2011.55342  0
2011.55616  0
2011.55890  0
2011.56164  0
2011.56438  0
2011.56712  0
2011.56986  0
2011.57260  0
2011.57534  0
2011.57808  0
2011.58082  0
2011.58356  0
2011.58630  0
2011.58904  0
2011.59178  0
2011.59452  0
2011.59726  0
2011.60000  0
2011.60274  0
2011.60548  0
2011.60822  0
2011.61096  0
2011.61370  0
2011.61644  0
2011.61918  0
2011.62192  0
2011.62466  0
2011.62740  0
2011.63014  0
2011.63288  0
2011.63836  0
2011.64110  0
2011.64384  0
2011.64658  0
2011.64932  0
2011.65205  0
2011.65479  0
2011.65753  0
2011.66027  0
2011.66301  0
2011.66575  0
2011.66849  0
2011.67123  0
2011.67397  0
2011.67671  0
2011.67945  0
2011.68219  0
2011.68493  0
2011.68767  0
2011.70411  0
2011.70685  0
2011.70959  0
2011.71233  0
2011.71507  0
2011.71781  0
2011.72055  0
2011.72329  0
2011.72603  0
2011.72877  0
2011.73151  0
2011.73425  0
2011.73699  0
2011.73973  0
2011.74247  0
2011.74521  0
2011.74795  0
2011.75068  0
2011.75342  0
2011.75616  0
2011.75890  0
2011.76164  0
2011.76438  0
2011.76712  0
2011.76986  0
2011.77260  0
2011.77534  0
2011.77808  0
2011.78082  0
2011.78356  0
2011.78630  0
2011.78904  0
2011.79178  0
2011.79452  0
2011.79726  0
2011.80000  0
2011.80274  0
2011.80548  0
2011.80822  0
2011.81096  0
2011.81370  0
2011.81644  0
2011.81918  0
2011.82192  0
2011.82466  0
2011.82740  0
2011.83014  0
2011.83288  0
2011.83562  0
2011.83836  0
2011.84110  0
2011.84384  0
2011.84658  0
2011.84932  0
2011.85205  0
2011.85479  0
2011.85753  0
2011.86027  0
2011.86301  0
2011.86575  0
2011.86849  0
2011.87123  0
2011.87397  0
2011.87671  0
2011.87945  0
2011.88219  0
2011.88493  0
2011.88767  0
2011.89041  0
2011.89315  0
2011.89589  0
2011.89863  0
2011.90137  0
2011.90411  0
2011.90685  0
2011.90959  0
2011.91233  0
2011.91507  0
2011.91781  0
2011.92055  0
2011.92329  0
2011.92603  0
2011.92877  0
2011.93151  0
2011.93425  0
2011.93699  0
2011.93973  0
2011.94247  0
2011.94521  0
2011.94795  0
2011.95068  0
2011.95342  0
2011.95616  0
2011.95890  0
2011.96164  0
2011.96438  0
2011.96712  0
2011.96986  0
2011.97260  0
2011.97534  0
2011.97808  0
2011.98082  0
2011.98356  0
2011.98630  0
2011.98904  0
2011.99178  0
2011.99452  0
2011.99726  0
2012.00000  0
2012.00273  0
2012.00546  0
2012.00820  0
2012.01093  0
2012.01366  0
2012.01639  0
2012.01913  0
2012.02186  0
2012.02459  0
2012.02732  0
2012.03005  0
2012.03279  0
2012.03552  0
2012.03825  0
2012.04098  0
2012.04372  0
2012.04645  0
2012.04918  0
2012.05191  0
2012.05464  0
2012.05738  0
2012.06011  0
2012.06284  0
2012.06557  0
2012.06831  0
2012.07104  0
2012.07377  0
2012.07650  0
2012.07923  0
2012.08197  0
2012.08470  0
2012.08743  0
2012.09016  0
2012.09290  0
2012.09563  0
2012.09836  0
2012.10109  0
2012.10383  0
2012.10656  0
2012.10929  0
2012.11202  0
2012.11475  0
2012.11749  0
2012.12022  0
2012.12295  0
2012.12568  0
2012.12842  0
2012.13115  0
2012.13388  0
2012.13661  0
2012.13934  0
2012.14208  0
2012.14481  0
2012.14754  0
2012.15027  0
2012.15301  0
2012.15574  0
2012.15847  0
2012.16120  0
2012.16393  0
2012.16667  0
2012.16940  0
2012.17213  0
2012.17486  0
2012.17760  0
2012.18033  0
2012.18306  0
2012.18579  0
2012.18852  0
2012.19126  0
2012.19399  0
2012.19672  0
2012.19945  0
2012.20219  0
2012.20492  0
2012.20765  0
2012.21038  0
2012.21311  0
2012.21585  0
2012.21858  0
2012.22131  0
2012.22404  0
2012.22678  0
2012.22951  0
2012.23224  0
2012.23497  0
2012.23770  0
2012.24044  0
2012.24317  0
2012.24590  0
2012.24863  0
2012.25137  0
2012.25410  0
2012.25683  0
2012.25956  0
2012.26230  0
2012.26503  0
2012.26776  0
2012.27049  0
2012.27322  0
2012.27596  0
2012.27869  0
2012.28142  0
2012.28415  0
2012.28689  0
2012.28962  0
2012.29235  0
2012.29508  0
2012.29781  0
2012.30055  0
2012.30328  0
2012.30601  0
2012.30874  0
2012.31148  0
2012.31421  0
2012.31967  0
2012.32787  0
2012.33333  0
2012.33607  0
2012.33880  0
2012.34153  0
2012.34426  0
2012.34699  0
2012.34973  0
2012.35246  0
2012.35519  0
2012.35792  0
2012.36066  0
2012.36339  0
2012.36612  0
2012.36885  0
2012.37158  0
2012.37432  0
2012.37705  0
2012.37978  0
2012.38251  0
2012.38525  0
2012.38798  0
2012.39071  0
2012.39344  0
2012.39617  0
2012.39891  0
2012.40164  0
2012.40437  0
2012.40710  0
2012.40984  0
2012.41257  0
2012.41530  0
2012.41803  0
2012.42077  0
2012.42350  0
2012.42623  0
2012.42896  0
2012.43169  0
2012.43989  0
2012.44262  0
2012.44536  0
2012.44809  0
2012.45082  0
2012.45355  0
2012.45628  0
2012.45902  0
2012.46175  0
2012.46448  0
2012.46721  0
2012.46995  0
2012.47268  0
2012.47541  0
2012.47814  0
2012.48087  0
2012.48361  0
2012.48634  0
2012.48907  0
2012.49727  0
2012.50000  0
2012.50273  0
2012.50546  0
2012.50820  0
2012.51093  0
2012.51366  0
2012.51639  0
2012.51913  0
2012.52186  0
2012.52459  0
2012.52732  0
2012.53005  0
2012.53279  0
2012.53552  0
2012.53825  0
2012.54098  0
2012.54372  0
2012.54645  0
2012.54918  0
2012.55191  0
2012.55464  0
2012.55738  0
2012.56011  0
2012.56284  0
2012.56831  0
2012.57104  0
2012.57377  0
2012.57650  0
2012.57923  0
2012.58197  0
2012.58470  0
2012.58743  0
2012.59016  0
2012.59290  0
2012.59563  0
2012.59836  0
2012.60109  0
2012.60383  0
2012.60656  0
2012.60929  0
2012.61202  0
2012.61475  0
2012.61749  0
2012.62022  0
2012.62295  0
2012.62568  0
2012.62842  0
2012.63115  0
2012.63388  0
2012.63661  0
2012.63934  0
2012.64208  0
2012.64481  0
2012.64754  0
2012.65027  0
2012.65301  0
2012.65574  0
2012.65847  0
2012.66120  0
2012.66393  0
2012.69126  0
2013.29041  0
2013.29315  0
2013.29589  0
2013.29863  0
2013.30137  0
2013.30411  0
2013.30685  0
2013.30959  0
2013.31233  0
2013.31507  0
2013.31781  0
2013.32055  0
2013.32329  0
2013.32603  0
2013.32877  0
2013.33151  0
2013.33425  0
2013.33699  0
2013.33973  0
2013.34247  0
2013.34521  0
2013.34795  0
2013.35068  0
2013.35342  0
2013.35616  0
2013.35890  0
2013.36164  0
2013.36438  0
2013.36712  0
2013.36986  0
2013.37260  0
2013.37534  0
2013.38904  0
2013.39178  0
2013.39452  0
2013.39726  0
2013.40000  0
2013.40274  0
2013.40548  0
2013.40822  0
2013.41096  0
2013.41370  0
2013.41644  0
2013.41918  0
2013.42192  0
2013.42466  0
2013.42740  0
2013.43014  0
2013.43288  0
2013.43562  0
2013.43836  0
2013.44110  0
2013.44384  0
2013.44658  0
2013.48219  0
2013.48493  0
2013.50137  0
2013.50411  0
2013.63288  0
2013.63562  0
2013.63836  0
2013.64110  0
2013.64384  0
2013.64658  0
2013.64932  0
2013.65205  0
2013.65479  0
2013.65753  0
2013.66027  0
2013.66301  0
2013.66575  0
2013.66849  0
2013.67123  0
2013.67397  0
2013.67671  0
2013.67945  0
2013.68219  0
2013.68493  0
2013.68767  0
2013.69041  0
2013.69315  0
2013.69589  0
2013.70959  0
2013.71233  0
2013.71507  0
2013.71781  0
2013.72055  0
2013.72329  0
2013.72603  0
2013.72877  0
2013.73151  0
2013.73425  0
2013.73699  0
2013.73973  0
2013.74247  0
2013.74521  0
2013.74795  0
2013.75068  0
2013.75342  0
2013.75616  0
2013.75890  0
2013.76164  0
2013.82466  0
2013.82740  0
2013.83014  0
2013.83288  0
2013.83562  0
2013.83836  0
2013.84110  0
2013.84384  0
2013.84658  0
2013.84932  0
2013.85205  0
2013.85479  0
2013.85753  0
2013.86027  0
2013.86301  0
2013.86575  0
2013.86849  0
2013.87123  0
2013.87397  0
2013.87671  0
2013.87945  0
2013.88219  0
2013.88493  0
2013.88767  0
2013.89041  0
2013.89315  0
2013.89589  0
2013.89863  0
2013.90137  0
2013.90411  0
2013.90685  0
2013.90959  0
2013.91233  0
2013.91507  0
2013.91781  0
2013.92055  0
2013.92329  0
2013.92603  0
2013.92877  0
2013.93151  0
2013.93425  0
2013.93699  0
2013.93973  0
2013.94247  0
2013.94521  0
2013.94795  0
2013.95068  0
2013.95342  0
2013.95616  0
2013.95890  0
2013.96164  0
2013.96438  0
2013.96712  0
2013.96986  0
2013.97260  0
2013.97534  0
2013.97808  0
2013.98082  0
2013.98356  0
2013.98630  0
2013.98904  0
2013.99178  0
2013.99452  0
2013.99726  0
2014.00000  0
2014.00274  0
2014.00548  0
2014.00822  0
2014.01096  0
2014.01370  0
2014.01644  0
2014.01918  0
2014.02192  0
2014.02466  0
2014.02740  0
2014.03014  0
2014.03288  0
2014.03562  0
2014.03836  0
2014.04110  0
2014.04384  0
2014.04658  0
2014.04932  0
2014.05205  0
2014.05479  0
2014.05753  0
2014.06027  0
2014.06301  0
2014.06575  0
2014.06849  0
2014.07123  0
2014.07397  0
2014.07671  0
2014.07945  0
2014.08219  0
2014.08493  0
2014.08767  0
2014.09041  0
2014.09315  0
2014.11507  0
2014.11781  0
2014.12055  0
2014.12329  0
2014.12603  0
2014.12877  0
2014.13151  0
2014.13425  0
2014.13699  0
2014.13973  0
2014.14247  0
2014.14521  0
2014.14795  0
2014.15068  0
2014.15342  0
2014.15616  0
2014.15890  0
2014.16164  0
2014.16438  0
2014.16712  0
2014.16986  0
2014.17260  0
2014.17534  0
2014.17808  0
2014.18082  0
2014.18356  0
2014.18630  0
2014.18904  0
2014.19178  0
2014.19452  0
2014.19726  0
2014.20000  0
2014.20274  0
2014.20548  0
2014.20822  0
2014.21096  0
2014.21370  0
2014.21644  0
2014.21918  0
2014.22192  0
2014.22466  0
2014.22740  0
2014.23014  0
2014.23288  0
2014.23562  0
2014.23836  0
2014.24110  0
2014.24384  0
2014.24658  0
2014.24932  0
2014.25205  0
2014.25479  0
2014.25753  0
2014.26027  0
2014.26301  0
2014.26575  0
2014.26849  0
2014.27123  0
2014.27397  0
2014.27671  0
2014.27945  0
2014.28219  0
2014.28493  0
2014.28767  0
2014.29041  0
2014.29315  0
2014.29589  0
2014.29863  0
2014.30137  0
2014.30411  0
2014.30685  0
2014.30959  0
2014.31233  0
2014.31507  0
2014.31781  0
2014.32055  0
2014.32329  0
2014.32603  0
2014.32877  0
2014.33151  0
2014.33425  0
2014.33699  0
2014.33973  0
2014.34247  0
2014.34521  0
2014.34795  0
2014.35068  0
2014.35342  0
2014.35616  0
2014.35890  0
2014.36164  0
2014.36438  0
2014.36712  0
2014.36986  0
2014.37260  0
2014.37534  0
2014.37808  0
2014.38082  0
2014.38356  0
2014.38630  0
2014.38904  0
2014.39178  0
2014.39452  0
2014.39726  0
2014.40000  0
2014.40274  0
2014.40548  0
2014.40822  0
2014.41096  0
2014.41370  0
2014.41644  0
2014.41918  0
2014.42192  0
2014.42740  0
2014.43014  0
2014.43288  0
2014.43562  0
2014.43836  0
2014.44110  0
2014.44384  0
2014.44658  0
2014.44932  0
2014.45205  0
2014.45479  0
2014.45753  0
2014.46027  0
2014.46301  0
2014.46575  0
2014.47397  0
2014.47671  0
2014.47945  0
2014.49863  0
2014.50137  0
2014.50411  0
2014.50685  0
2014.53425  0
2014.53699  0
2014.53973  0
2014.54247  0
2014.54521  0
2014.54795  0
2014.55068  0
2014.55342  0
2014.58082  0
2014.58356  0
2014.58630  0
2014.58904  0
2014.59726  0
2014.60000  0
2014.60274  0
2014.60548  0
2014.60822  0
2014.61096  0
2014.61370  0
2014.61644  0
2014.61918  0
2014.62192  0
2014.62466  0
2014.62740  0
2014.63014  0
2014.63288  0
2014.63562  0
2014.63836  0
2014.64110  0
2014.64384  0
2014.64658  0
2014.64932  0
2014.65205  0
2014.65479  0
2014.65753  0
2014.66027  0
2014.66301  0
2014.66575  0
2014.66849  0
2014.67123  0
2014.67397  0
2014.67671  0
2014.67945  0
2014.68219  0
2014.68493  0
2014.68767  0
2014.69041  0
2014.69315  0
2014.69589  0
2014.69863  0
2014.70137  0
2014.70411  0
2014.70685  0
2014.70959  0
2014.75068  0
2014.75342  0
2014.75616  0
2014.75890  0
2014.76164  0
2014.76438  0
2014.76712  0
2014.76986  0
2014.77260  0
2014.77534  0
2014.77808  0
2014.78082  0
2014.78356  0
2014.78630  0
2014.78904  0
2014.79178  0
2014.79452  0
2014.81096  0
2014.81370  0
2014.81644  0
2014.81918  0
2014.82192  0
2014.82466  0
2014.82740  0
2014.83014  0
2014.83288  0
2014.83562  0
2014.83836  0
2014.84110  0
2014.84384  0
2014.84658  0
2014.84932  0
2014.85205  0
2014.85479  0
2014.85753  0
2014.86027  0
2014.86301  0
2014.86575  0
2014.86849  0
2014.87123  0
2014.87397  0
2014.87671  0
2014.87945  0
2014.88219  0
2014.88493  0
2014.88767  0
2014.89041  0
2014.89315  0
2014.89589  0
2014.89863  0
2014.90137  0
2014.90411  0
2014.90685  0
2014.90959  0
2014.91233  0
2014.91507  0
2014.91781  0
2014.92055  0
2014.92329  0
2014.92603  0
2014.92877  0
2014.93151  0
2014.93425  0
2014.93699  0
2014.93973  0
2014.94247  0
2014.94521  0
2014.94795  0
2014.95068  0
2014.95342  0
2014.95616  0
2014.95890  0
2014.96164  0
2014.96438  0
2014.96712  0
2014.96986  0
2014.97260  0
2014.97534  0
2014.97808  0
2014.98082  0
2014.98356  0
2014.98630  0
2014.98904  0
2014.99178  0
2014.99452  0
2014.99726  0
2015.00000  0
2015.00274  0
2015.00548  0
2015.00822  0
2015.01096  0
2015.01370  0
2015.01644  0
2015.01918  0
2015.02192  0
2015.02466  0
2015.02740  0
2015.03014  0
2015.03288  0
2015.03562  0
2015.03836  0
2015.04110  0
2015.04384  0
2015.04658  0
2015.04932  0
2015.05205  0
2015.05479  0
2015.05753  0
2015.06027  0
2015.06301  0
2015.06575  0
2015.06849  0
2015.07123  0
2015.07397  0
2015.07671  0
2015.07945  0
2015.08219  0
2015.08493  0
2015.08767  0
2015.09041  0
2015.09315  0
2015.09589  0
2015.09863  0
2015.10137  0
2015.10411  0
2015.10685  0
2015.10959  0
2015.11233  0
2015.11507  0
2015.11781  0
2015.12055  0
2015.12329  0
2015.12603  0
2015.12877  0
2015.13151  0
2015.13425  0
2015.13699  0
2015.13973  0
2015.14247  0
2015.14521  0
2015.14795  0
2015.15068  0
2015.15342  0
2015.15616  0
2015.15890  0
2015.16164  0
2015.16438  0
2015.16712  0
2015.16986  0
2015.17260  0
2015.17534  0
2015.17808  0
2015.18082  0
2015.18356  0
2015.18630  0
2015.18904  0
2015.19178  0
2015.19452  0
2015.19726  0
2015.20000  0
2015.20274  0
2015.20548  0
2015.20822  0
2015.21096  0
2015.21370  0
2015.21644  0
2015.21918  0
2015.22192  0
2015.22466  0
2015.22740  0
2015.23014  0
2015.23288  0
2015.23562  0
2015.23836  0
2015.24110  0
2015.24384  0
2015.24658  0
2015.24932  0
2015.25205  0
2015.25479  0
2015.25753  0
2015.26027  0
2015.26301  0
2015.26575  0
2015.26849  0
2015.27123  0
2015.27397  0
2015.27671  0
2015.27945  0
2015.28219  0
2015.28493  0
2015.28767  0
2015.29041  0
2015.29315  0
2015.29589  0
2015.29863  0
2015.30137  0
2015.30411  0
2015.30685  0
2015.30959  0
2015.31233  0
2015.31507  0
2015.31781  0
2015.32055  0
2015.32329  0
2015.32603  0
2015.32877  0
2015.33151  0
2015.33425  0
2015.33699  0
2015.33973  0
2015.34247  0
2015.34521  0
2015.34795  0
2015.35068  0
2015.35342  0
2015.35616  0
2015.35890  0
2015.36164  0
2015.36438  0
2015.36712  0
2015.36986  0
2015.37260  0
2015.37534  0
2015.37808  0
2015.38082  0
2015.38356  0
2015.38630  0
2015.38904  0
2015.39178  0
2015.39452  0
2015.39726  0
2015.40000  0
2015.40274  0
2015.41644  0
2015.41918  0
2015.42192  0
2015.42466  0
2015.42740  0
2015.43014  0
2015.43288  0
2015.43562  0
2015.43836  0
2015.44110  0
2015.44384  0
2015.44658  0
2015.44932  0
2015.45205  0
2015.47397  0
2015.47671  0
2015.47945  0
2015.48219  0
2015.48493  0
2015.48767  0
2015.49041  0
2015.49315  0
2015.49589  0
2015.70137  0
2015.70411  0
2015.70685  0
2015.70959  0
2015.71233  0
2015.71507  0
2015.71781  0
2015.72055  0
2015.72329  0
2015.72603  0
2015.72877  0
2015.73151  0
2015.73425  0
2015.73699  0
2015.73973  0
2015.74247  0
2015.74521  0
2015.74795  0
2015.75068  0
2015.75342  0
2015.75616  0
2015.75890  0
2015.76164  0
2015.76438  0
2015.76712  0
2015.76986  0
2015.77260  0
2015.77534  0
2015.77808  0
2015.78082  0
2015.78356  0
2015.78630  0
2015.78904  0
2015.79178  0
2015.79452  0
2015.79726  0
2015.80000  0
2015.80274  0
2015.80548  0
2015.80822  0
2015.81096  0
2015.81370  0
2015.81644  0
2015.81918  0
2015.82192  0
2015.82466  0
2015.82740  0
2015.83014  0
2015.83288  0
2015.83562  0
2015.83836  0
2015.84110  0
2015.84384  0
2015.84658  0
2015.84932  0
2015.85205  0
2015.85479  0
2015.85753  0
2015.86027  0
2015.86301  0
2015.86575  0
2015.86849  0
2015.87123  0
2015.87397  0
2015.87671  0
2015.87945  0
2015.88219  0
2015.88493  0
2015.88767  0
2015.89041  0
2015.89315  0
2015.89589  0
2015.89863  0
2015.90137  0
2015.90411  0
2015.90685  0
2015.90959  0
2015.91233  0
2015.91507  0
2015.91781  0
2015.92055  0
2015.92329  0
2015.92603  0
2015.92877  0
2015.93151  0
2015.93425  0
2015.93699  0
2015.93973  0
2015.94247  0
2015.94521  0
2015.94795  0
2015.95068  0
2015.95342  0
2015.95616  0
2015.95890  0
2015.96164  0
2015.96438  0
2015.96712  0
2015.96986  0
2015.97260  0
2015.97534  0
2015.97808  0
2015.98082  0
2016.00000  0
2016.00273  0
2016.00546  0
2016.00820  0
2016.01093  0
2016.01366  0
2016.01639  0
2016.01913  0
2016.02186  0
2016.02459  0
2016.02732  0
2016.03005  0
2016.03279  0
2016.03552  0
2016.03825  0
2016.04098  0
2016.04372  0
2016.04645  0
2016.04918  0
2016.05191  0
2016.05464  0
2016.05738  0
2016.06011  0
2016.06284  0
2016.06557  0
2016.06831  0
2016.07104  0
2016.07377  0
2016.07650  0
2016.07923  0
2016.08197  0
2016.08470  0
2016.08743  0
2016.09016  0
2016.09290  0
2016.09563  0
2016.09836  0
2016.10109  0
2016.10383  0
2016.10656  0
2016.10929  0
2016.11202  0
2016.11475  0
2016.11749  0
2016.12022  0
2016.12295  0
2016.12568  0
2016.12842  0
2016.13115  0
2016.13388  0
2016.13661  0
2016.13934  0
2016.14208  0
2016.14481  0
2016.14754  0
2016.15027  0
2016.15301  0
2016.15574  0
2016.15847  0
2016.16120  0
2016.16393  0
2016.16667  0
2016.16940  0
2016.17213  0
2016.17486  0
2016.17760  0
2016.18033  0
2016.18306  0
2016.18579  0
2016.18852  0
2016.19126  0
2016.19399  0
2016.19672  0
2016.19945  0
2016.20219  0
2016.20492  0
2016.66667  0
2016.66940  0
2016.67213  0
2016.67486  0
2016.68306  0
2016.68579  0
2016.68852  0
2016.69399  0
2016.69945  0
2016.70219  0
2016.70492  0
2016.70765  0
2016.71038  0
2016.71311  0
2016.71585  0
2016.71858  0
2016.73497  0
2016.74044  0
2016.74317  0
2016.74590  0
2016.74863  0
2016.75137  0
2016.75410  0
2016.75683  0
2016.75956  0
2016.76230  0
2016.76776  0
2016.77596  0
2016.77869  0
2016.78142  0
2016.78415  0
2016.79235  0
2016.80328  0
2016.80601  0
2016.80874  0
2016.81421  0
2016.81694  0
2016.81967  0
2016.82240  0
2016.82514  0
2016.82787  0
2016.83060  0
2016.83607  0
2016.83880  0
2016.84153  0
2016.84426  0
2016.84699  0
2016.85246  0
2016.85519  0
2016.85792  0
2016.86885  0
2016.87158  0
2016.87432  0
2016.88251  0
2016.88525  0
2016.89071  0
2016.89344  0
2016.89617  0
2016.90437  0
2016.91257  0
2016.91530  0
2016.91803  0
2016.92077  0
2016.92350  0
2016.92623  0
2016.93443  0
2016.93716  0
2016.93989  0
2016.95082  0
2016.95902  0
2016.99180  0
2016.99454  0
2016.99727  0
2017.00000  0
2017.00274  0
2017.00548  0
2017.00822  0
2017.01096  0
2017.01370  0
2017.01644  0
2017.01918  0
2017.02192  0
2017.02466  0
2017.02740  0
2017.03014  0
2017.03288  0
2017.03562  0
2017.03836  0
2017.04110  0
2017.04384  0
2017.04658  0
2017.04932  0
2017.05205  0
2017.05479  0
2017.05753  0
2017.06027  0
2017.06301  0
2017.06575  0
2017.06849  0
2017.07123  0
2017.07397  0
2017.07671  0
2017.07945  0
2017.08219  0
2017.08493  0
2017.08767  0
2017.09041  0
2017.09315  0
2017.09589  0
2017.09863  0
2017.10137  0
2017.10411  0
2017.10685  0
2017.10959  0
2017.11233  0
2017.11507  0
2017.11781  0
2017.12055  0
2017.12329  0
2017.12603  0
2017.12877  0
2017.13151  0
2017.13425  0
2017.13699  0
2017.13973  0
2017.14247  0
2017.14521  0
2017.14795  0
2017.15068  0
2017.15342  0
2017.15616  0
2017.15890  0
2017.16164  0
2017.16438  0
2017.16712  0
2017.16986  0
2017.17260  0
2017.17534  0
2017.17808  0
2017.18082  0
2017.18356  0
2017.18630  0
2017.18904  0
2017.19178  0
2017.19452  0
2017.19726  0
2017.20000  0
2017.20274  0
2017.20548  0
2017.20822  0
2017.21096  0
2017.21370  0
2017.21644  0
2017.21918  0
2017.22192  0
2017.22466  0
2017.22740  0
2017.23014  0
2017.23288  0
2017.23562  0
2017.23836  0
2017.24110  0
2017.24384  0
2017.24658  0
2017.24932  0
2017.25205  0
2017.25479  0
2017.25753  0
2017.26027  0
2017.26301  0
2017.26575  0
2017.26849  0
2017.27123  0
2017.27397  0
2017.27671  0
2017.27945  0
2017.28219  0
2017.28493  0
2017.28767  0
2017.29041  0
2017.29315  0
2017.29589  0
2017.29863  0
2017.30137  0
2017.30411  0
2017.30685  0
2017.30959  0
2017.31233  0
2017.31507  0
2017.31781  0
2017.32055  0
2017.32329  0
2017.32603  0
2017.32877  0
2017.33151  0
2017.33425  0
2017.33699  0
2017.33973  0
2017.34247  0
2017.34521  0
2017.34795  0
2017.35068  0
2017.35342  0
2017.35616  0
2017.35890  0
2017.36164  0
2017.36438  0
2017.36712  0
2017.36986  0
2017.37260  0
2017.37534  0
2017.37808  0
2017.38082  0
2017.38356  0
2017.38630  0
2017.38904  0
2017.39178  0
2017.39452  0
2017.39726  0
2017.40000  0
2017.40274  0
2017.40548  0
2017.40822  0
2017.41096  0
2017.41370  0
2017.41644  0
2017.41918  0
2017.42192  0
2017.42466  0
2017.42740  0
2017.43014  0
2017.43288  0
2017.43562  0
2017.43836  0
2017.44110  0
2017.44384  0
2017.44658  0
2017.44932  0
2017.45205  0
2017.45479  0
2017.45753  0
2017.46027  0
2017.46301  0
2017.46575  0
2017.46849  0
2017.47123  0
2017.47397  0
2017.47671  0
2017.47945  0
2017.48219  0
2017.48493  0
2017.48767  0
2017.49041  0
2017.49315  0
2017.49589  0
2017.49863  0
2017.50137  0
2017.50411  0
2017.50685  0
2017.50959  0
2017.51233  0
2017.51507  0
2017.51781  0
2017.52055  0
2017.52329  0
2017.52603  0
2017.52877  0
2017.53151  0
2017.53425  0
2017.53699  0
2017.53973  0
2017.54247  0
2017.54521  0
2017.54795  0
2017.55068  0
2017.55342  0
2017.55616  0
2017.55890  0
2017.56164  0
2017.56438  0
2017.56712  0
2017.56986  0
2017.57260  0
2017.57534  0
2017.57808  0
2017.58082  0
2017.58356  0
2017.58630  0
2017.58904  0
2017.59178  0
2017.59452  0
2017.59726  0
2017.60000  0
2017.60274  0
2017.60548  0
2017.60822  0
2017.61096  0
2017.61370  0
2017.61644  0
2017.61918  0
2017.62192  0
2017.62466  0
2017.62740  0
2017.63014  0
2017.63288  0
2017.63562  0
2017.63836  0
2017.64110  0
2017.64384  0
2017.64658  0
2017.64932  0
2017.65205  0
2017.65479  0
2017.65753  0
2017.66027  0
2017.66301  0
2017.66575  0
2017.66849  0
2017.67123  0
2017.67397  0
2017.67671  0
2017.67945  0
2017.68219  0
2017.68493  0
2017.68767  0
2017.69041  0
2017.69315  0
2017.69589  0
2017.69863  0
2017.70137  0
2017.70411  0
2017.70685  0
2017.70959  0
2017.71233  0
2017.71507  0
2017.71781  0
2017.72055  0
2017.72329  0
2017.72603  0
2017.72877  0
2017.73151  0
2017.73425  0
2017.73699  0
2017.73973  0
2017.74247  0
2017.74521  0
2017.74795  0
2017.75068  0
2017.75342  0
2017.75616  0
2017.75890  0
2017.76164  0
2017.76438  0
2017.76712  0
2017.76986  0
2017.77260  0
2017.77534  0
2017.77808  0
2017.78082  0
2018.29589  0
2018.29863  0
2018.30137  0
2018.30411  0
2018.30685  0
2018.30959  0
2018.31233  0
2018.31507  0
2018.31781  0
2018.32055  0
2018.32329  0
2018.32603  0
2018.32877  0
2018.33151  0
2018.33425  0
2018.33699  0
2018.33973  0
2018.34247  0
2018.34521  0
2018.34795  0
2018.35068  0
2018.35342  0
2018.35616  0
2018.35890  0
2018.36164  0
2018.36438  0
2018.36712  0
2018.36986  0
2018.37260  0
2018.37534  0
2018.37808  0
2018.38082  0
2018.38356  0
2018.38630  0
2018.38904  0
2018.89589  0
2018.89863  0
2018.90137  0
2018.90411  0
2018.90685  0
2018.90959  0
2018.91233  0
2018.91507  0
2018.91781  0
2018.92055  0
2018.92329  0
2018.92603  0
2018.92877  0
2018.93151  0
2018.93425  0
2018.93699  0
2018.93973  0
2018.94247  0
2018.94521  0
2018.94795  0
2018.95068  0
2018.95342  0
2018.95616  0
2018.95890  0
2018.96164  0
2018.96438  0
2018.96712  0
2018.96986  0
2018.97260  0
2018.97534  0
2018.97808  0
2019.27397  0
2019.27671  0
2019.27945  0
2019.28219  0
2019.28493  0
2019.28767  0
2019.29041  0
2019.29315  0
2019.29589  0
2019.29863  0
2019.30137  0
2019.30411  0
2019.30685  0
2019.30959  0
2019.31233  0
2019.31507  0
2019.31781  0
2019.32055  0
2019.32329  0
2019.32603  0
2019.32877  0
2019.33151  0
2019.33425  0
2019.33699  0
2019.33973  0
2019.34247  0
