2015.70137     76.48      1.20
2015.70411     78.49      1.01
2015.70685     79.46      1.06
2015.70959     77.06      1.01
2015.71233     76.32      1.02
2015.71507     81.44      1.00
2015.71781     78.37      1.00
2015.72055     77.98      1.09
2015.72329     79.24      1.02
2015.72603     77.72      1.02
2015.72877     78.79      1.00
2015.73151     79.35      1.05
2015.73425     78.09      1.07
2015.73699     78.35      1.06
2015.73973     76.87      1.18
2015.74247     80.52      1.03
2015.74521     78.36      1.12
2015.74795     77.99      1.05
2015.75068     77.52      1.02
2015.75342     76.09      1.00
2015.75616     78.20      1.02
2015.75890     78.23      1.04
2015.76164     75.75      1.09
2015.76438     76.54      1.02
2015.76712     76.29      1.03
2015.76986     78.54      1.03
2015.77260     76.32      1.04
2015.77534     78.52      1.04
2015.77808     76.30      0.98
2015.78082     78.88      0.99
2015.78356     76.82      1.02
2015.78630     78.36      1.15
2015.78904     74.67      1.00
2015.79178     78.45      0.99
2015.79452     78.30      1.01
2015.79726     76.99      1.04
2015.80000     79.26      1.07
2015.80274     76.46      1.07
2015.80548     75.62      1.06
2015.80822     78.13      1.00
2015.81096     77.25      1.09
2015.81370     77.66      1.03
2015.81644     78.31      1.05
2015.81918     76.90      1.00
2015.82192     77.85      1.00
2015.82466     77.98      1.00
2015.82740     77.91      0.99
2015.83014     74.69      1.04
2015.83288     77.33      1.03
2015.83562     78.15      1.02
2015.83836     77.58      1.02
2015.84110     79.50      1.02
2015.84384     79.41      1.00
2015.84658     77.79      1.02
2015.84932     76.80      1.05
2015.85205     79.26      1.03
2015.85479     76.62      1.03
2015.85753     78.64      1.01
2015.86027     78.30      1.01
2015.86301     78.08      1.01
2015.86575     78.49      1.04
2015.86849     76.01      1.06
2015.87123     79.52      1.04
2015.87397     79.38      1.01
2015.87671     76.34      1.02
2015.87945     76.90      1.00
2015.88219     75.14      1.04
2015.88493     81.23      1.02
2015.88767     77.19      1.03
2015.89041     74.18      1.01
2015.89315     75.18      1.02
2015.89589     76.21      1.00
2015.89863     76.19      1.01
2015.90137     78.57      1.00
2015.90411     77.00      1.07
2015.90685     76.53      1.02
2015.90959     79.01      1.05
2015.91233     78.42      1.00
2015.91507     77.32      1.04
2015.91781     79.72      1.04
2015.92055     75.22      1.06
2015.92329     76.09      1.05
2015.92603     76.47      1.01
2015.92877     77.84      1.03
2015.93151     76.92      1.02
2015.93425     76.75      1.03
2015.93699     77.04      1.06
2015.93973     76.60      1.04
2015.94247     77.15      1.07
2015.94521     78.02      1.05
2015.94795     77.15      1.02
2015.95068     73.99      1.01
2015.95342     75.46      1.04
2015.95616     76.15      1.04
2015.95890     75.50      1.08
2015.96164     74.88      1.08
2015.96438     75.95      1.01
2015.96712     77.95      1.04
2015.96986     74.53      1.02
2015.97260     75.83      1.02
2015.97534     73.95      1.03
2015.97808     77.47      1.00
2015.98082     77.27      1.02
2015.98356     75.87      1.04
2015.98630     76.17      1.08
2015.98904     75.82      1.04
2015.99178     76.67      1.01
2015.99452     74.47      1.02
2015.99726     75.19      1.03
2016.00000     73.92      1.02
2016.00273     75.84      1.05
2016.00546     79.51      1.05
2016.00820     77.64      1.04
2016.01093     76.98      1.06
2016.01366     73.41      1.06
2016.01639     75.53      1.04
2016.01913     76.97      1.09
2016.02186     77.56      1.08
2016.02459     76.32      1.04
2016.02732     76.31      1.07
2016.03005     75.39      1.10
2016.03279     74.65      1.11
2016.03552     77.28      1.09
2016.03825     78.09      1.07
2016.04098     76.55      1.11
2016.04372     76.20      1.09
2016.04645     77.07      1.05
2016.04918     75.71      1.04
2016.05191     77.82      1.08
2016.05464     75.84      1.05
2016.05738     72.98      1.04
2016.06011     73.85      1.03
2016.06284     74.87      1.07
2016.06557     74.29      1.05
2016.06831     75.03      1.02
2016.07104     75.10      1.05
2016.07377     77.76      1.07
2016.07923     77.46      1.06
2016.08197     75.67      1.13
2016.08470     76.34      1.06
2016.08743     75.35      1.06
2016.09016     75.93      1.05
2016.09290     75.76      1.04
2016.09563     70.25      1.05
2016.09836     35.64      1.06
2016.10109     35.61      1.07
2016.10383     34.07      1.06
2016.10656     32.81      1.07
2016.10929     34.99      1.05
2016.11202     35.20      1.10
2016.11475     33.97      1.07
2016.11749     35.13      1.11
2016.12022     35.65      1.08
2016.12295     34.13      1.07
2016.12568     34.38      1.04
2016.12842     35.03      1.04
2016.13115     33.80      1.02
2016.13388     37.85      1.05
2016.13661     34.09      1.05
2016.13934     32.50      1.06
2016.14208     35.11      1.04
2016.14481     34.08      1.02
2016.14754     32.34      1.04
2016.15027     32.47      1.04
2016.15301     35.08      1.03
2016.15574     35.78      1.04
2016.15847     33.12      1.03
2016.16120     34.50      1.06
2016.16393     33.84      1.05
2016.16667     35.02      1.05
2016.16940     35.86      1.04
2016.17213     34.67      1.10
2016.17486     35.11      1.04
2016.17760     33.35      1.04
2016.18033     31.40      1.04
2016.18306     33.66      1.09
2016.18579     34.46      1.03
2016.18852     34.53      1.05
2016.19126     36.44      0.98
2016.19399     35.70      1.00
2016.19672     36.14      1.04
2016.19945     33.92      1.01
2016.20219     32.71      1.03
2016.20492     36.61      1.04
2016.20765     36.01      1.04
2016.21038     31.56      1.04
2016.21311     34.71      1.07
2016.21585     35.08      1.00
2016.21858     37.35      1.02
2016.22131     35.36      0.99
2016.22404     34.82      1.07
2016.22678     36.19      1.03
2016.22951     35.76      1.00
2016.23224     36.40      1.07
2016.23497     36.57      1.04
2016.23770     34.06      1.02
2016.24044     36.77      1.02
2016.24317     33.50      1.03
2016.24590     33.51      1.05
2016.24863     33.63      1.29
2016.25137     35.59      1.00
2016.25410     34.57      1.02
2016.25683     36.90      1.03
2016.25956     35.06      1.04
2016.26230     33.96      1.02
2016.26503     33.33      1.05
2016.26776     35.39      1.03
2016.27049     37.39      1.03
2016.27322     34.45      1.09
2016.27596     34.42      1.05
2016.27869     33.34      1.06
2016.28142     38.21      1.12
2016.28415     36.67      1.08
2016.28689     36.23      1.06
2016.28962     33.27      1.02
2016.29235     34.38      1.01
2016.29508     35.50      1.02
2016.29781     35.29      1.03
2016.30055     34.79      1.05
2016.30328     34.48      1.00
2016.30601     34.84      0.98
2016.30874     37.85      1.03
2016.31148     35.51      1.06
2016.31421     32.06      1.01
2016.31694     33.48      1.00
2016.31967     33.41      1.01
2016.32240     34.18      0.97
2016.32514     34.01      0.99
2016.32787     33.37      0.98
2016.33060     35.31      1.00
2016.33333     30.86      1.00
2016.33607     32.69      0.98
2016.33880     33.00      1.02
2016.34153     30.59      0.99
2016.34426     32.40      1.01
2016.34699     32.24      0.98
2016.34973     34.69      1.00
2016.35246     32.19      0.97
2016.35519     35.31      1.01
2016.35792     31.65      0.97
2016.36066     28.14      0.98
2016.36339     31.93      1.16
2016.36612     34.11      0.97
2016.36885     32.13      0.95
2016.37158     33.55      0.94
2016.37432     31.39      0.92
2016.37705     30.75      0.92
2016.37978     29.75      0.95
2016.38251     30.04      0.95
2016.38525     34.19      0.95
2016.38798     33.30      0.98
2016.39071     32.56      0.96
2016.39344     30.41      0.96
2016.39617     28.58      0.99
2016.39891     33.72      0.96
2016.40164     33.63      0.98
2016.40437     29.65      0.94
2016.40710     33.72      0.96
2016.40984     32.08      0.95
2016.41257     31.50      0.94
2016.41530     31.88      0.94
2016.41803     32.25      0.97
2016.42077     33.17      0.92
2016.42350     31.14      0.98
2016.42623     35.69      0.99
2016.42896     33.02      0.97
2016.43169     31.81      1.01
2016.43443     29.76      0.95
2016.43716     31.07      0.96
2016.43989     33.96      0.95
2016.44262     32.91      0.93
2016.44536     35.19      1.00
2016.44809     36.78      0.95
2016.45082     34.75      0.98
2016.45355     33.98      0.96
2016.45628     33.94      0.98
2016.45902     31.71      0.93
2016.46175     32.61      0.94
2016.46448     34.40      0.98
2016.46721     31.65      0.96
2016.46995     31.05      0.95
2016.47268     32.62      0.96
2016.47541     32.05      0.97
2016.47814     32.16      0.99
2016.48087     30.07      0.98
2016.48361     31.64      0.94
2016.48634     31.45      0.94
2016.48907     33.55      0.95
2016.49180     31.61      0.95
2016.49454     31.29      1.00
2016.49727     30.87      0.99
2016.50000     31.63      0.95
2016.50273     34.50      1.01
2016.50546     29.32      0.99
2016.50820     31.54      0.95
2016.51093     31.99      0.96
2016.51366     27.90      0.97
2016.51639     32.88      1.05
2016.51913     34.20      0.98
2016.52186     30.76      0.99
2016.52459     35.49      1.03
2016.52732     30.09      1.00
2016.53005     33.18      0.97
2016.53279     32.07      0.96
2016.53552     31.28      0.99
2016.53825     30.88      0.98
2016.54098     33.16      0.97
2016.54372     29.41      0.97
2016.54645     35.41      0.98
2016.54918     32.85      1.02
2016.55191     30.55      0.99
2016.55464     26.52      0.97
2016.55738     32.22      1.00
2016.56011     29.03      0.99
2016.56284     30.42      0.94
2016.56557     27.52      0.96
2016.56831     27.87      1.00
2016.57104     28.09      0.99
2016.57377     30.38      1.00
2016.57650     30.52      1.01
2016.57923     29.76      0.96
2016.58197     28.70      0.98
2016.58470     30.72      0.95
2016.58743     29.14      0.98
2016.59016     30.70      0.98
2016.59290     28.78      0.94
2016.59563     29.73      1.01
2016.59836     27.94      1.03
2016.60109     29.54      0.98
2016.60383     28.21      0.99
2016.60656     28.50      1.00
2016.60929     28.82      0.96
2016.61202     30.35      0.95
2016.61475     29.53      0.97
2016.61749     29.17      0.99
2016.62022     29.76      0.97
2016.62295     29.91      1.00
2016.62568     32.22      0.97
2016.62842     31.59      0.99
2016.63115     28.04      1.03
2016.63388     28.79      1.00
2016.63661     29.49      0.96
2016.63934     27.61      0.99
2016.64208     26.34      0.99
2016.64481     29.13      1.03
2016.64754     28.26      0.97
2016.65027     26.17      1.00
2016.65301     25.39      1.02
2016.65574     26.46      0.99
2016.65847     27.33      0.99
2016.66120     26.75      0.97
2016.66393     30.04      1.18
2016.66667     29.03      0.97
2016.66940     27.60      1.09
2016.67213     25.31      0.99
2016.67486     25.68      1.01
2016.67760     30.06      0.98
2016.68033     30.17      1.01
2016.68306     27.25      1.03
2016.68579     26.90      1.04
2016.68852     29.86      0.99
2016.69126     28.55      0.96
2016.69399     27.23      0.95
2016.69672     24.90      0.98
2016.69945     25.30      0.96
2016.70219     27.15      1.07
2016.70492     26.40      0.98
2016.70765     26.83      1.01
2016.71038     28.09      1.02
2016.71311     27.42      0.96
2016.71585     19.39      0.98
2016.71858     22.89      0.97
2016.72131     25.82      0.97
2016.72404     24.02      0.98
2016.72678     24.41      1.02
2016.72951     25.29      0.94
2016.73224     26.70      0.96
2016.73497     25.50      0.96
2016.73770     24.28      1.01
2016.74044     27.44      1.06
2016.74317     20.18      0.98
2016.74590     29.33      0.98
2016.74863     25.69      0.98
2016.75137     27.71      0.95
2016.75410     24.44      0.96
2016.75683     24.63      0.97
2016.75956     23.88      0.96
2016.76230     23.53      0.95
2016.76503     26.11      0.99
2016.76776     26.38      0.97
2016.77049     27.38      0.99
2016.77322     25.22      0.97
2016.77596     24.68      0.96
2016.77869     26.17      0.96
2016.78142     25.97      0.99
2016.78415     23.07      0.97
2016.78689     22.65      1.02
2016.78962     24.88      0.99
2016.79235     25.33      0.98
2016.79508     24.62      0.97
2016.79781     25.51      0.99
2016.80055     30.23      1.03
2016.80328     28.17      1.26
2016.80601     27.29      0.99
2016.80874     26.14      0.97
2016.81148     24.36      0.97
2016.81421     24.73      0.96
2016.81694     22.24      0.95
2016.81967     21.84      0.96
2016.82240     22.53      0.97
2016.82514     22.49      0.96
2016.82787     22.15      0.96
2016.83060     23.45      0.95
2016.83333     23.53      0.95
2016.83607     23.33      0.97
2016.83880     23.56      0.96
2016.84153     23.17      0.95
2016.84426     23.02      0.96
2016.84699     24.79      0.97
2016.84973     24.98      0.96
2016.85246     24.16      0.95
2016.85519     23.46      0.98
2016.85792     23.69      1.00
2016.86066     22.48      0.98
2016.86339     23.52      0.97
2016.86612     23.82      0.95
2016.86885     25.22      0.96
2016.87158     25.39      0.96
2016.87432     22.98      0.94
2016.87705     23.99      0.97
2016.87978     24.23      0.97
2016.88251     24.48      0.96
2016.88525     21.91      0.96
2016.88798     21.83      0.95
2016.89071     22.94      0.95
2016.89344     21.41      0.94
2016.89617     24.14      0.96
2016.89891     24.13      0.95
2016.90164     24.88      0.96
2016.90437     23.11      0.98
2016.90710     21.18      0.97
2016.90984     22.63      0.95
2016.91257     22.32      1.00
2016.91530     21.27      0.97
2016.91803     21.65      0.98
2016.92077     22.43      0.95
2016.92350     23.00      0.95
2016.92623     23.62      0.97
2016.92896     21.92      0.95
2016.93169     21.52      0.94
2016.93443     22.57      0.95
2016.93716     21.75      0.95
2016.93989     21.72      0.93
2016.94262     21.42      0.94
2016.94536     22.51      0.94
2016.94809     20.74      0.95
2016.95082     20.79      0.93
2016.95355     21.06      0.94
2016.95628     20.10      0.93
2016.95902     22.42      0.93
2016.96175     20.48      0.94
2016.96448     20.00      0.92
2016.96721     20.15      0.94
2016.96995     22.91      0.95
2016.97268     23.63      0.94
2016.97541     22.21      0.93
2016.97814     23.09      0.94
2016.98087     21.42      0.93
2016.98361     22.46      0.94
2016.98634     22.37      0.96
2016.98907     22.52      0.98
2016.99180     20.51      0.91
2016.99454     22.44      0.94
2016.99727     21.21      0.94
2017.00000     20.20      0.96
2017.00274     20.34      0.92
2017.00548     20.58      0.95
2017.00822     21.87      0.94
2017.01096     20.82      0.95
2017.01370     21.18      0.95
2017.01644     20.93      0.94
2017.01918     21.62      0.98
2017.02192     21.92      0.93
2017.02466     19.66      0.96
2017.02740     19.42      0.95
2017.03014     21.83      0.95
2017.03288     19.44      0.96
2017.03562     20.89      0.95
2017.03836     19.45      0.93
2017.04110     21.34      0.95
2017.04384     21.61      0.95
2017.04658     22.08      0.96
2017.04932     21.36      0.95
2017.05205     20.81      0.95
2017.05479     20.24      0.93
2017.05753     21.18      0.94
2017.06027     20.37      0.93
2017.06301     20.46      0.95
2017.06575     20.17      0.94
2017.06849     19.82      0.94
2017.07123     19.81      0.95
2017.07397     21.00      0.96
2017.07671     19.10      0.95
2017.07945     21.22      0.94
2017.08219     18.02      0.95
2017.08493     20.56      0.93
2017.08767     21.58      0.94
2017.09041     19.42      0.96
2017.09315     20.63      0.94
2017.09589     21.28      0.94
2017.09863     17.80      0.94
2017.10137     19.35      0.94
2017.10411     20.52      0.96
2017.10685     18.63      0.94
2017.10959     22.10      0.96
2017.11233     19.46      0.93
2017.11507     19.27      0.93
2017.11781     20.85      0.95
2017.12055     17.75      0.93
2017.12329     21.97      0.94
2017.12603     18.22      0.95
2017.12877     18.56      0.95
2017.13151     20.25      0.97
2017.13425     20.06      0.98
2017.13699     21.31      0.97
2017.13973     17.15      0.96
2017.14247     17.64      0.96
2017.14521     17.82      0.97
2017.14795     17.55      0.96
2017.15068     18.08      0.94
2017.15342     16.17      0.96
2017.15616     19.04      0.99
2017.15890     17.19      0.97
2017.16164     20.06      0.95
2017.16438     18.06      0.95
2017.16712     18.92      0.95
2017.16986     18.73      0.94
2017.17260     15.34      0.97
2017.17534     15.73      1.00
2017.17808     17.32      0.95
2017.18082     18.12      0.96
2017.18356     17.13      0.93
2017.18630     16.32      0.97
2017.18904     14.33      0.95
2017.19178     16.86      0.94
2017.19452     17.70      0.98
2017.19726     15.49      0.96
2017.20000     16.07      0.96
2017.20274     16.41      0.97
2017.20548     16.60      0.96
2017.20822     17.83      1.00
2017.21096     16.95      0.99
2017.21370     14.78      0.98
2017.21644     15.97      1.00
2017.21918     15.22      0.97
2017.22192     17.37      0.96
2017.22466     16.69      0.98
2017.22740     16.29      1.00
2017.23014     15.99      0.98
2017.23288     16.28      0.97
2017.23562     13.91      1.01
2017.23836     17.04      0.98
2017.24110     15.78      0.98
2017.24384     16.09      1.01
2017.24658     15.14      1.01
2017.24932     12.87      0.98
2017.25205     15.98      1.01
2017.25479     15.40      0.99
2017.25753     13.79      1.00
2017.26027     16.94      1.01
2017.26301     13.60      1.02
2017.26575     15.18      1.03
2017.26849     16.65      1.03
2017.27123     17.83      1.05
2017.27397     16.14      1.06
2017.27671     16.12      1.05
2017.27945     12.78      0.99
2017.28219     16.19      1.01
2017.28493     14.28      0.99
2017.28767     12.50      1.00
2017.29041     16.06      1.01
2017.29315     15.59      1.01
2017.29589     14.40      1.06
2017.29863     14.33      1.01
2017.30137     16.01      1.03
2017.30411     13.74      1.01
2017.30685     11.58      0.98
2017.30959     14.11      1.01
2017.31233     13.62      1.01
2017.31507     13.17      1.00
2017.31781      9.93      1.00
2017.32055     14.58      0.98
2017.32329     12.56      0.98
2017.32603     13.11      1.01
2017.32877     13.80      1.02
2017.33151     12.00      1.03
2017.33425     12.81      1.00
2017.33699      9.43      0.98
2017.33973     11.39      1.00
2017.34247     11.37      1.00
2017.34521     13.74      1.01
2017.34795     11.55      1.01
2017.35068     12.39      1.01
2017.35342     12.03      1.00
2017.35616     11.69      1.02
2017.35890     13.23      1.04
2017.36164     12.64      1.00
2017.36438     12.55      1.00
2017.36712     11.58      1.01
2017.36986     11.23      1.01
2017.37260     12.23      1.01
2017.37534     10.08      1.00
2017.37808     10.37      1.04
2017.38082     13.62      1.00
2017.38356     14.11      1.03
2017.38630     14.74      0.98
2017.38904      8.42      1.00
2017.39178     10.09      1.03
2017.39452      9.18      1.03
2017.39726     12.75      0.98
2017.40000     10.52      0.99
2017.40274     11.22      0.99
2017.40548     11.37      1.01
2017.40822     10.91      1.03
2017.41096     13.29      0.99
2017.41370     15.31      1.04
2017.41644     13.26      1.03
2017.41918     13.30      1.07
2017.42192     10.20      1.04
2017.42466     12.57      1.01
2017.42740     10.00      1.01
2017.43014     12.05      1.02
2017.43288     12.86      1.07
2017.43562     10.55      1.05
2017.43836     13.37      1.03
2017.44110     13.54      1.01
2017.44384      7.76      1.06
2017.44658      8.35      1.07
2017.44932      9.44      1.08
2017.45205     10.05      1.15
2017.45479      9.61      1.12
2017.45753     10.91      1.09
2017.46027     11.14      1.09
2017.46301     14.55      1.04
2017.46575     10.45      1.11
2017.46849     12.01      1.03
2017.47123     11.99      1.01
2017.47397      7.68      1.05
2017.47671     13.06      1.04
2017.47945     10.18      1.04
2017.48219     11.64      1.06
2017.48493     11.93      1.06
2017.48767      7.24      1.07
2017.49041      5.58      1.09
2017.49315      8.93      1.06
2017.49589     12.51      1.06
2017.49863     11.39      1.11
2017.50137      8.27      1.10
2017.50411     14.48      1.05
2017.50685      9.73      1.05
2017.50959      8.97      1.13
2017.51233      9.15      1.06
2017.51507     11.62      1.05
2017.51781      7.88      1.05
2017.52055      5.23      1.11
2017.52329     14.19      1.16
2017.52603      8.51      1.12
2017.52877      7.01      1.09
2017.53151     10.05      1.12
2017.53425      7.20      1.08
2017.53699     10.74      1.07
2017.53973      7.85      1.03
2017.54247      9.37      1.08
2017.54521      9.25      1.06
2017.54795      9.09      1.08
2017.55068      6.88      1.07
2017.55342      8.38      1.06
2017.55616     11.12      1.08
2017.55890      5.59      1.11
2017.56164     10.25      1.12
2017.56438      9.52      1.08
2017.56712      6.09      1.12
2017.56986      8.91      1.08
2017.57260     13.63      1.09
2017.57534      5.62      1.15
2017.57808     10.21      1.17
2017.58082      8.16      1.12
2017.58356      9.88      1.04
2017.58630      9.15      1.13
2017.58904     11.32      1.11
2017.59178      7.93      1.08
2017.59452      9.56      0.99
2017.59726      9.32      0.97
2017.60000      9.29      0.96
2017.60274      8.92      1.02
2017.60548      6.40      0.98
2017.60822      8.26      1.01
2017.61096      8.88      0.97
2017.61370      6.61      0.94
2017.61644      7.89      0.97
2017.61918      6.35      0.97
2017.62192      5.31      0.96
2017.62466      7.71      0.99
2017.62740      6.37      1.00
2017.63014      4.73      0.97
2017.63288      6.66      0.99
2017.63562      4.91      0.98
2017.63836      9.21      0.97
2017.64110      8.68      0.96
2017.64384      6.39      0.98
2017.64658      3.99      1.00
2017.64932      5.47      0.95
2017.65205      4.15      0.98
2017.65479      3.13      1.00
2017.65753      3.00      0.99
2017.66027      4.41      1.00
2017.66301      4.17      1.00
2017.66575      6.39      1.02
2017.66849      3.82      0.96
2017.67123      7.76      0.98
2017.67397     -0.15      1.00
2017.67671      4.84      0.95
2017.67945      6.66      0.93
2017.68219      8.04      0.98
2017.68493      5.93      0.96
2017.68767      4.80      1.00
2017.69041      4.20      0.98
2017.69315      2.16      0.99
2017.69589      6.17      0.97
2017.69863      5.50      1.02
2017.70137      1.98      0.97
2017.70411      1.94      0.94
2017.70685      3.05      0.94
2017.70959      3.84      1.01
2017.71233      3.15      0.97
2017.71507      6.03      0.98
2017.71781      2.90      0.93
2017.72055      5.51      0.96
2017.72329      0.61      0.95
2017.72603      2.94      0.93
2017.72877      5.33      0.97
2017.73151      4.51      1.00
2017.73425      4.38      0.97
2017.73699      4.60      0.95
2017.73973      0.27      0.97
2017.74247      5.52      1.01
2017.74521      5.68      0.96
2017.74795      2.85      1.00
2017.75068      0.09      1.01
2017.75342      0.96      0.99
2017.75616      4.85      1.03
2017.75890      7.23      0.97
2017.76164      3.19      0.96
2017.76438      3.25      0.99
2017.76712      4.05      1.02
2017.76986      3.58      0.99
2017.77260      2.41      1.00
2017.77534      1.39      1.01
2017.77808      0.23      0.99
2017.78082      1.01      0.97
2017.78356      3.38      0.99
2017.78630      3.54      1.04
2017.78904      3.39      1.00
2017.79178      1.22      0.98
2017.79452      3.30      0.95
2017.79726      2.46      0.97
2017.80000      3.90      0.98
2017.80274      2.11      0.95
2017.80548      4.88      0.95
2017.80822      2.26      0.95
2017.81096      2.97      0.94
2017.81370      2.85      0.92
2017.81644      2.14      0.96
2017.81918      2.77      1.00
2017.82192      2.80      0.97
2017.82466      2.75      0.95
2017.82740      3.11      0.96
2017.83014      1.88      0.97
2017.83288      0.85      0.98
2017.83562      1.59      1.00
2017.83836      3.26      0.98
2017.84110      0.46      0.98
2017.84384      2.67      0.95
2017.84658      0.95      0.97
2017.84932      3.29      0.98
2017.85205      1.12      0.95
2017.85479      1.98      0.99
2017.85753      3.23      0.97
2017.86027      2.83      1.00
2017.86301      2.35      0.95
2017.86575      3.74      0.94
2017.86849      1.57      0.94
2017.87123      0.83      0.95
2017.87397      1.78      0.98
2017.87671      0.49      0.95
2017.87945      0.08      0.99
2017.88219      1.87      0.98
2017.88493      2.89      0.98
2017.88767      1.09      0.97
2017.89041      0.26      0.97
2017.89315      0.45      0.97
2017.89589      2.83      0.99
2017.89863      2.03      0.96
2017.90137      2.37      0.97
2017.90411      0.07      0.97
2017.90685      0.27      0.98
2017.90959      2.26      1.00
2017.91233      1.36      0.99
2017.91507      0.27      0.96
2017.91781      0.25      0.96
2017.92055      2.29      0.97
2017.92329     -2.17      0.97
2017.92603     -0.22      0.96
2017.92877      0.64      0.97
2017.93151      0.68      0.98
2017.93425      2.71      0.96
2017.93699      2.25      0.96
2017.93973      2.14      0.98
2017.94247      0.39      0.96
2017.94521      2.04      0.98
2017.94795      1.91      0.96
2017.95068     -0.57      0.99
2017.95342      1.03      0.98
2017.95616     -1.82      0.97
2017.95890     -0.32      0.98
2017.96164      1.09      0.97
2017.96438     -0.14      1.02
2017.96712      1.89      1.01
2017.96986      1.04      0.98
2017.97260      0.57      0.98
2017.97534      1.20      0.97
2017.97808      1.30      0.98
2017.98082      0.26      0.98
2017.98356      1.54      0.98
2017.98630      2.31      0.97
2017.98904      3.01      1.00
2017.99178      0.95      1.00
2017.99452     -0.19      0.99
2017.99726      2.18      0.97
2018.00000      1.75      0.97
2018.00274      2.10      0.97
2018.00548      3.14      0.99
2018.00822      2.63      1.00
2018.01096      1.67      0.98
2018.01370      2.37      0.99
2018.01644      2.00      0.99
2018.01918     -0.34      1.02
2018.02192      1.51      1.01
2018.02466     -0.51      0.99
2018.02740      0.49      0.98
2018.03014      1.44      0.98
2018.03288      0.39      0.99
2018.03562      1.03      0.99
2018.03836      0.84      0.98
2018.04110      2.94      0.99
2018.04384     -0.50      1.00
2018.04658      0.84      1.00
2018.04932      0.43      1.35
2018.05205      0.19      1.00
2018.05479      2.27      1.01
2018.05753      0.52      0.99
2018.06027     -0.38      1.00
2018.06301     -0.96      0.99
2018.06575      0.96      0.99
2018.06849     -1.00      0.99
2018.07123     -0.48      0.99
2018.07397     -0.56      1.00
2018.07671      1.57      1.00
2018.07945     -0.28      0.96
2018.08219      0.38      0.99
2018.08493      0.87      1.00
2018.08767      1.41      1.00
2018.09041      0.52      0.98
2018.09315      0.68      0.98
2018.09589      0.40      0.99
2018.09863      0.78      0.99
2018.10137     -1.11      0.98
2018.10411      0.39      1.00
2018.10685      1.82      0.99
2018.10959     -0.42      1.00
2018.11233      0.48      0.97
2018.11507     -0.25      0.97
2018.11781      2.46      1.00
2018.12055      1.82      1.02
2018.12329      3.05      1.00
2018.12603      1.75      0.99
2018.12877      0.58      0.97
2018.13151      0.77      0.96
2018.13425      1.63      0.97
2018.13699      0.72      0.99
2018.13973     -0.01      1.00
2018.14247      0.22      1.00
2018.14521     -0.09      1.04
2018.14795     -0.11      1.04
2018.15068     -0.05      0.98
2018.15342     -0.81      0.99
2018.15616     -0.81      0.99
2018.15890     -0.44      0.99
2018.16164      0.04      0.99
2018.16438     -1.10      0.97
2018.16712      0.14      0.99
2018.16986      0.80      1.01
2018.17260     -2.09      0.99
2018.17534     -2.74      0.98
2018.17808     -1.30      0.99
2018.18082     -1.86      1.00
2018.18356     -2.39      1.00
2018.18630     -0.49      1.00
2018.18904     -2.04      1.01
2018.19178     -2.68      1.00
2018.19452     -3.80      1.02
2018.19726     -1.91      1.00
2018.20000     -1.48      1.09
2018.20274     -5.74      1.02
2018.20548     -3.88      1.01
2018.20822     -2.03      1.01
2018.21096     -1.31      1.02
2018.21370     -4.64      1.03
2018.21644     -3.13      1.01
2018.21918     -3.04      1.01
2018.22192     -4.63      0.99
2018.22466     -4.49      0.99
2018.22740     -2.20      0.99
2018.23014     -2.73      1.00
2018.23288     -5.37      1.05
2018.23562     -2.58      1.20
2018.23836     -3.01      1.00
2018.24110     -5.39      0.99
2018.24384     -4.19      0.99
2018.24658     -4.25      0.99
2018.24932     -5.55      0.98
2018.25205     -4.17      1.00
2018.25479     -1.80      0.99
2018.25753     -2.62      1.03
2018.26027     -3.65      1.01
2018.26301     -3.03      1.00
2018.26575     -4.00      0.98
2018.26849     -3.53      0.98
2018.27123     -3.61      0.98
2018.27397     -3.45      0.97
2018.27671     -3.25      1.01
2018.27945     -5.15      1.07
2018.28219     -7.15      1.03
2018.28493     -4.39      1.03
2018.28767     -5.30      1.01
2018.29041     -6.51      1.03
2018.29315     -6.95      0.99
2018.29589     -4.38      0.99
2018.29863     -4.29      1.02
2018.30137     -4.11      0.98
2018.30411     -3.63      1.01
2018.30685     -5.05      1.02
2018.30959     -5.38      1.00
2018.31233     -4.48      0.98
2018.31507     -4.74      1.00
2018.31781     -5.15      1.03
2018.32055     -6.78      0.99
2018.32329     -5.98      0.98
2018.32603     -6.05      0.99
2018.32877     -4.72      1.02
2018.33151     -4.78      0.99
2018.33425     -8.11      0.99
2018.33699     -5.51      0.99
2018.33973     -7.06      0.99
2018.34247     -4.48      0.99
2018.34521     -6.19      1.01
2018.34795     -2.11      1.04
2018.35068     -3.08      1.01
2018.35342     -4.66      0.97
2018.35616     -6.43      1.00
2018.35890     -5.92      0.97
2018.36164     -5.11      1.00
2018.36438     -4.89      0.99
2018.36712     -7.40      0.99
2018.36986     -5.06      0.99
2018.37260     -4.66      1.00
2018.37534     -4.58      1.01
2018.37808     -5.57      1.00
2018.38082     -7.43      0.99
2018.38356     -5.87      1.00
2018.38630     -9.11      0.99
2018.38904     -5.20      0.99
2018.39178     -5.54      1.00
2018.39452     -6.82      0.98
2018.39726     -5.47      0.99
2018.40000     -8.29      0.99
2018.40274     -9.48      1.02
2018.40548     -7.81      1.01
2018.40822     -9.14      1.00
2018.41096     -7.43      1.00
2018.41370     -6.04      1.00
2018.41644     -7.16      0.99
2018.41918     -8.81      1.00
2018.42192     -6.70      1.00
2018.42466     -8.52      0.98
2018.42740     -4.38      1.76
2018.43014     -4.72      1.04
2018.43288     -7.08      1.00
2018.43562     -7.66      1.00
2018.43836     -3.52      1.07
2018.44110     -7.16      1.02
2018.44384     -5.73      0.99
2018.44658     -8.45      0.97
2018.44932     -7.35      1.02
2018.45205     -7.42      0.98
2018.45479     -8.27      1.00
2018.45753     -5.08      1.01
2018.46027     -5.82      1.06
2018.46301     -6.45      1.00
2018.46575     -4.38      0.99
2018.46849     -3.98      1.00
2018.47123     -8.45      1.00
2018.47397     -6.61      0.99
2018.47671     -6.87      0.99
2018.47945     -7.23      1.02
2018.48219     -7.50      1.01
2018.48493     -8.20      0.99
2018.48767     -6.76      0.98
2018.49041     -4.84      0.99
2018.49315    -11.49      1.06
2018.49589     -8.85      1.10
2018.49863     -5.61      1.09
2018.50137     -5.65      1.06
2018.50411     -6.07      1.01
2018.50685     -5.15      1.01
2018.50959     -7.11      0.97
2018.51233     -4.58      1.02
2018.51507     -7.20      1.00
2018.51781     -6.80      0.97
2018.52055     -4.99      1.29
2018.52329     -7.46      1.04
2018.52603     -9.09      1.00
2018.52877     -4.95      0.99
2018.53151     -5.22      1.04
2018.53425     -6.89      0.98
2018.53699     -3.03      1.22
2018.53973     -6.62      0.97
2018.54247    -10.61      0.99
2018.54521     -3.52      1.08
2018.54795     -1.74      1.06
2018.55068    -11.42      1.01
2018.55342     -7.84      1.03
2018.55616     -7.17      0.99
2018.55890     -7.03      1.01
2018.56164    -11.73      0.99
2018.56438     -8.42      0.98
2018.56712     -5.27      1.31
2018.56986     -6.31      1.07
2018.57260    -12.38      1.03
2018.57534     -6.44      1.02
2018.57808     -8.78      1.07
2018.58082     -7.28      1.01
2018.58356     -9.92      1.06
2018.58630     -9.16      1.03
2018.58904     -9.35      1.03
2018.59178    -11.02      1.00
2018.59452    -10.73      1.02
2018.59726     -6.50      1.03
2018.60000    -11.07      1.03
2018.60274    -13.77      1.05
2018.60548    -11.71      1.08
2018.60822    -13.28      1.02
2018.61096    -11.00      1.05
2018.61370     -8.32      1.01
2018.61644     -8.96      1.04
2018.61918     -7.79      1.03
2018.62192    -12.94      1.06
2018.62466     -7.33      1.04
2018.62740     -7.19      1.00
2018.63014     -9.49      0.97
2018.63288     -8.34      1.03
2018.63562     -8.52      1.00
2018.63836     -6.16      1.08
2018.64110    -10.16      1.08
2018.64384     -4.55      1.29
2018.64658     -9.64      0.99
2018.64932     -7.60      1.02
2018.65205     -9.45      1.01
2018.65479     -8.34      1.02
2018.65753     -7.80      0.99
2018.66027     -9.42      0.99
2018.66301     -9.26      0.98
2018.66575     -8.29      0.98
2018.66849     -9.35      0.96
2018.67123     -8.85      0.99
2018.67397    -10.90      0.98
2018.67671    -10.92      1.01
2018.67945    -10.57      1.03
2018.68219    -10.09      1.05
2018.68493     -8.74      0.99
2018.68767    -10.11      0.98
2018.69041    -12.94      0.98
2018.69315    -11.79      1.01
2018.69589    -11.44      1.00
2018.69863    -11.35      0.98
2018.70137    -13.53      1.04
2018.70411    -12.60      1.04
2018.70685     -9.77      1.01
2018.70959    -10.50      1.00
2018.71233    -12.80      1.01
2018.71507     -8.02      1.02
2018.71781    -11.30      1.04
2018.72055    -12.10      1.03
2018.72329    -11.57      1.02
2018.72603    -11.62      1.04
2018.72877    -12.44      1.02
2018.73151     -8.83      0.99
2018.73425    -14.33      1.02
2018.73699    -11.42      1.02
2018.73973    -13.43      1.00
2018.74247    -14.74      1.03
2018.74521    -12.40      1.00
2018.74795    -10.75      1.02
2018.75068    -12.80      1.00
2018.75342    -13.48      1.00
2018.75616    -13.18      1.02
2018.75890    -11.45      0.98
2018.76164    -11.41      0.99
2018.76438    -13.69      0.99
2018.76712    -13.50      0.98
2018.76986    -13.89      0.98
2018.77260    -11.78      1.03
2018.77534    -12.14      0.99
2018.77808    -12.15      1.02
2018.78082    -13.20      1.01
2018.78356    -12.53      0.99
2018.78630    -13.34      1.00
2018.78904    -12.82      1.05
2018.79178    -12.28      1.00
2018.79452    -11.47      0.99
2018.79726    -12.11      0.99
2018.80000    -12.46      0.99
2018.80274    -12.73      1.02
2018.80548    -12.96      1.00
2018.80822    -11.36      0.99
2018.81096    -10.15      1.03
2018.81370    -11.88      1.02
2018.81644    -13.83      0.99
2018.81918    -11.87      0.98
2018.82192    -11.52      0.98
2018.82466    -10.52      1.03
2018.82740    -11.13      1.01
2018.83014    -10.92      1.01
2018.83288    -12.81      1.01
2018.83562    -14.05      1.03
2018.83836    -11.91      1.00
2018.84110    -11.56      0.99
2018.84384    -10.47      0.99
2018.84658    -13.68      1.00
2018.84932    -12.62      0.97
2018.85205    -12.57      0.99
2018.85479    -11.31      1.00
2018.85753    -12.65      1.03
2018.86027    -13.22      1.00
2018.86301    -12.88      1.02
2018.86575    -14.42      0.99
2018.86849    -11.65      0.98
2018.87123    -13.01      0.97
2018.87397    -13.50      0.98
2018.87671    -11.91      0.98
2018.87945    -11.93      1.02
2018.88219    -12.45      1.01
2018.88493    -12.31      0.99
2018.88767    -12.33      1.02
2018.89041    -12.17      1.00
2018.89315    -14.81      1.01
2018.89589    -14.40      1.04
2018.89863    -11.86      1.02
2018.90137    -13.02      0.99
2018.90411    -13.29      1.01
2018.90685    -15.40      1.00
2018.90959    -11.83      1.02
2018.91233    -10.98      1.31
2018.91507    -10.89      1.03
2018.91781    -12.25      1.01
2018.92055    -14.72      1.01
2018.92329    -11.92      1.01
2018.92603    -15.83      1.00
2018.92877    -13.94      0.99
2018.93151    -12.43      1.04
2018.93425    -13.53      1.03
2018.93699    -14.49      1.01
2018.93973    -12.77      1.02
2018.94247    -12.72      0.99
2018.94521    -11.53      0.99
2018.95068    -13.66      1.01
2018.95342    -15.36      1.00
2018.95616    -13.49      0.99
2018.95890    -12.80      1.00
2018.96164    -11.68      1.00
2018.96438    -12.86      0.99
2018.96712    -12.68      0.99
2018.96986    -13.87      1.01
2018.97260    -10.98      0.99
2018.97534    -11.07      0.98
2018.97808    -11.74      0.97
2018.98082    -14.97      0.99
2018.98356    -12.93      1.02
2018.98630    -13.11      0.99
2018.98904    -14.89      1.05
2018.99178    -12.81      1.01
2018.99452    -12.69      1.01
2018.99726    -14.13      1.00
2019.00000    -14.15      1.00
2019.00274    -12.25      1.01
2019.00548    -12.15      0.99
2019.00822     -9.06      0.98
2019.01096    -13.86      1.00
2019.01370    -13.18      1.01
2019.01644    -13.32      1.00
2019.01918    -12.41      0.99
2019.02192    -13.83      0.98
2019.02466    -11.96      0.98
2019.02740    -15.47      1.02
2019.03014    -13.77      1.03
2019.03288    -11.22      0.99
2019.03562    -13.64      0.98
2019.03836    -15.55      1.00
2019.04110    -12.69      0.99
2019.04384    -13.73      0.99
2019.04658    -14.77      1.00
2019.04932    -12.73      1.00
2019.05205    -13.05      1.00
2019.05479    -11.96      1.00
2019.05753    -14.10      1.03
2019.06027    -13.04      1.02
2019.06301    -13.45      1.01
2019.06575    -13.55      1.02
2019.06849    -13.48      0.99
2019.07123    -14.66      0.99
2019.07397    -13.52      0.98
2019.07671    -15.17      0.97
2019.07945    -12.99      0.99
2019.08219    -12.35      0.99
2019.08493    -13.72      0.97
2019.08767    -12.39      0.97
2019.09041    -12.59      1.04
2019.09315    -11.82      0.99
2019.09589    -14.29      0.97
2019.09863    -12.49      0.99
2019.10137    -14.40      0.99
2019.10411    -12.02      0.99
2019.10685    -12.16      0.98
2019.10959    -12.07      0.94
2019.11233    -11.28      1.02
2019.11507    -12.31      1.02
2019.11781    -13.52      0.96
2019.12055    -14.27      1.00
2019.12329    -16.57      0.99
2019.12603    -13.82      0.98
2019.12877    -14.12      0.98
2019.13151    -13.09      0.99
2019.13425    -15.21      1.23
2019.13699    -15.47      0.96
2019.13973    -14.40      1.00
2019.14247    -15.82      0.98
2019.14521    -13.87      0.98
2019.14795    -12.60      0.98
2019.15068    -12.83      0.97
2019.15342    -13.27      0.97
2019.15616    -13.48      0.98
2019.15890    -15.11      0.98
2019.16164    -15.34      1.02
2019.16438    -14.48      0.97
2019.16712    -14.67      0.98
2019.16986    -14.34      0.96
2019.17260    -16.91      1.00
2019.17534    -14.87      1.00
2019.17808    -16.56      0.97
2019.18082    -13.91      1.00
2019.18356    -16.83      0.98
2019.18630    -16.56      0.99
2019.18904    -16.33      0.97
2019.19178    -16.46      0.97
2019.19452    -16.54      1.01
2019.19726    -15.14      0.96
2019.20000    -17.36      0.99
2019.20274    -14.70      1.09
2019.20548    -17.91      0.98
2019.20822    -15.69      0.97
2019.21096    -15.27      0.98
2019.21370    -16.93      0.96
2019.21644    -14.73      0.99
2019.21918    -17.69      1.01
2019.22192    -14.78      0.98
2019.22466    -15.95      0.97
2019.22740    -14.63      0.97
2019.23014    -15.80      0.98
2019.23288    -17.41      0.99
2019.23562    -16.37      0.97
2019.23836    -14.16      0.99
2019.24110    -16.11      1.00
2019.24384    -15.24      1.01
2019.24658    -16.67      1.02
2019.24932    -17.64      0.99
2019.25205    -18.33      1.01
2019.25479    -17.80      0.97
2019.25753    -17.36      0.99
2019.26027    -19.09      1.00
2019.26301    -19.38      1.03
2019.26575    -15.60      0.99
2019.26849    -16.87      1.09
2019.27123    -17.05      1.04
2019.27397    -16.11      1.04
2019.27671    -17.52      1.04
2019.27945    -17.24      1.02
2019.28219    -17.65      1.01
2019.28493    -18.38      1.02
2019.28767    -19.56      1.01
2019.29041    -16.76      1.02
2019.29315    -18.18      1.03
2019.29589    -17.88      1.08
2019.29863    -17.24      1.05
2019.30137    -17.85      1.07
2019.30411    -15.46      1.06
2019.30685    -16.22      1.01
2019.30959    -19.00      1.02
2019.31233    -17.50      1.06
2019.31507    -19.96      1.00
2019.31781    -18.32      1.02
2019.32055    -17.00      1.00
2019.32329    -17.05      1.02
2019.32603    -16.62      1.08
2019.32877    -17.09      1.02
2019.33151    -21.77      1.04
2019.33425    -17.28      1.03
2019.33699    -17.82      1.02
2019.33973    -19.12      1.02
2019.34247    -18.77      1.00
2019.34521    -19.57      1.05
2019.34795    -19.01      1.03
2019.35068    -18.12      1.04
2019.35342    -18.10      1.00
2019.35616    -18.81      1.05
2019.35890    -18.66      1.05
2019.36164    -18.66      1.00
2019.36438    -19.04      1.04
2019.36712    -18.84      1.03
2019.36986    -22.38      1.07
2019.37260    -20.42      1.08
2019.37534    -18.29      1.10
2019.37808    -20.73      1.08
2019.38082    -18.49      1.10
2019.38356    -19.50      1.03
2019.38630    -18.64      1.04
2019.38904    -15.94      1.04
2019.39178    -19.33      1.04
2019.39452    -23.18      1.06
2019.39726    -20.87      1.05
2019.40000    -19.30      1.04
2019.40274    -19.55      1.04
2019.40548    -19.09      1.05
2019.40822    -20.03      1.04
2019.41096    -19.90      1.07
2019.41370    -20.90      1.06
2019.41644    -21.45      1.07
2019.41918    -19.85      1.06
2019.42192    -21.78      1.07
2019.42466    -21.33      1.06
2019.42740    -18.22      1.08
2019.43014    -20.95      1.08
2019.43288    -19.91      1.05
2019.43562    -16.49      1.04
2019.43836    -22.30      1.10
2019.44110    -18.53      1.12
2019.44384    -17.77      1.03
2019.44658    -20.93      1.13
2019.44932    -21.05      1.26
2019.45205    -19.03      1.02
2019.45479    -22.86      1.06
2019.45753    -23.00      1.01
2019.46027    -22.50      1.04
2019.46301    -21.81      1.07
2019.46575    -20.01      1.09
2019.46849    -17.85      1.08
2019.47123    -22.94      1.07
2019.47397    -21.16      1.11
2019.47671    -21.02      1.04
2019.47945    -22.19      1.04
2019.48219    -17.48      1.02
2019.48493    -19.58      1.04
2019.48767    -23.31      1.04
2019.49041    -19.20      1.05
2019.49315    -21.46      1.04
2019.49589    -21.48      1.04
2019.49863    -20.71      1.10
2019.50137    -17.71      1.04
2019.50411    -18.97      1.06
2019.50685    -18.41      1.02
2019.50959    -19.95      1.06
2019.51233    -21.09      1.09
2019.51507    -19.73      1.08
2019.51781    -18.39      1.15
2019.52055    -17.33      1.17
2019.52329    -18.81      1.04
2019.52603    -20.58      1.05
2019.52877    -20.30      1.14
2019.53151    -21.50      1.04
2019.53425    -23.53      1.07
2019.53699    -22.21      1.05
2019.53973    -19.61      1.06
2019.54247    -17.60      1.15
2019.54521    -20.29      1.23
2019.54795    -21.79      1.06
2019.55068    -19.96      1.07
2019.55342    -20.34      1.05
2019.55616    -22.24      1.06
2019.55890    -19.40      1.06
2019.56164    -23.56      1.03
2019.56438    -23.26      1.04
2019.56712    -21.75      1.02
2019.56986    -21.53      1.07
2019.57260    -22.93      1.08
2019.57534    -24.88      1.05
2019.57808    -24.72      1.07
2019.58082    -24.25      1.05
2019.58356    -22.93      1.07
2019.58630    -23.64      1.04
2019.58904    -24.93      1.07
2019.59178    -23.74      1.09
2019.59452    -24.78      1.06
2019.59726    -22.36      1.11
2019.60000    -25.72      1.10
2019.60274    -23.26      1.06
2019.60548    -20.93      1.10
2019.60822    -22.64      1.09
2019.61096    -21.82      1.11
2019.61370    -23.12      1.12
2019.61644    -19.12      1.15
2019.61918    -27.01      1.18
2019.62192    -22.48      1.15
2019.62466    -21.08      1.07
2019.62740    -24.87      1.06
2019.63014    -24.71      1.02
2019.63288    -23.59      1.01
2019.63562    -21.37      1.04
2019.63836    -25.40      1.06
2019.64110    -23.80      1.42
2019.64384    -27.68      1.09
2019.64658    -23.47      1.07
2019.64932    -24.08      1.02
2019.65205    -24.97      1.04
2019.65479    -24.31      1.05
2019.65753    -24.01      1.13
2019.66027    -23.33      1.07
2019.66301    -24.72      1.04
2019.66575    -25.68      1.06
2019.66849    -25.33      1.08
2019.67123    -25.74      1.03
2019.67397    -23.73      1.07
2019.67671    -25.42      1.08
2019.67945    -22.40      1.08
2019.68219    -26.18      1.04
2019.68493    -24.48      1.09
2019.68767    -33.12      1.13
2019.69041    -21.22      1.07
2019.69315    -26.30      1.03
2019.69589    -24.86      1.03
2019.69863    -23.81      1.05
2019.70137    -23.02      1.08
2019.70411    -28.14      1.08
2019.70685    -22.88      1.03
2019.70959    -24.49      1.02
2019.71233    -26.98      1.03
2019.71507    -28.16      1.02
2019.71781    -25.78      1.05
2019.72055    -26.70      1.04
2019.72329    -27.65      1.02
2019.72603    -29.09      1.02
2019.72877    -28.61      0.99
2019.73151    -27.91      1.00
2019.73425    -28.19      0.99
2019.73699    -28.85      1.04
2019.73973    -29.04      1.15
2019.74247    -26.96      1.10
2019.74521    -26.93      1.03
2019.74795    -27.48      1.02
2019.75068    -25.78      1.03
2019.75342    -30.43      1.05
2019.75616    -27.00      1.08
2019.75890    -26.58      1.05
2019.76164    -28.45      1.01
2019.76438    -27.18      1.04
2019.76712    -27.85      1.02
2019.76986    -27.74      1.05
2019.77260    -26.35      1.08
2019.77534    -30.20      1.06
2019.77808    -32.57      1.07
2019.78082    -28.27      1.04
2019.78356    -31.49      1.03
2019.78630    -27.61      1.03
2019.78904    -30.59      1.03
2019.79178    -29.87      1.05
2019.79452    -29.10      1.06
2019.79726    -28.84      1.03
2019.80000    -28.76      1.03
2019.80274    -28.77      1.05
2019.80548    -30.27      1.04
2019.80822    -29.64      1.04
2019.81096    -29.72      1.03
2019.81370    -29.98      1.05
2019.81644    -28.85      1.06
2019.81918    -25.42      1.05
2019.82192    -29.31      1.04
2019.82466    -29.48      1.05
2019.82740    -29.12      1.04
2019.83014    -30.46      1.09
2019.83288    -27.86      1.08
2019.83562    -28.05      1.10
2019.83836    -30.06      1.06
2019.84110    -27.41      1.05
2019.84384    -28.57      1.27
2019.84658    -30.59      1.03
2019.84932    -28.53      1.04
2019.85205    -28.97      1.02
2019.85479    -31.43      1.03
2019.85753    -30.58      1.05
2019.86027    -30.10      1.02
2019.86301    -30.82      1.02
2019.86575    -28.96      1.03
2019.86849    -32.51      1.03
2019.87123    -31.51      1.06
2019.87397    -29.49      1.01
2019.87671    -30.49      1.07
2019.87945    -29.92      1.04
2019.88219    -31.01      1.01
2019.88493    -30.81      1.03
2019.88767    -31.59      1.05
2019.89041    -30.53      1.03
2019.89315    -30.62      1.04
2019.89589    -30.78      1.03
2019.89863    -30.31      1.04
2019.90137    -30.44      1.03
2019.90411    -31.55      1.03
2019.90685    -32.32      1.03
2019.90959    -29.65      1.03
2019.91233    -32.36      1.05
2019.91507    -29.37      1.04
2019.91781    -29.77      1.01
2019.92055    -31.84      1.03
2019.92329    -28.73      1.05
2019.92603    -32.07      1.05
2019.92877    -30.96      1.06
2019.93151    -29.56      1.00
2019.93425    -31.53      1.02
2019.93699    -29.72      1.04
2019.93973    -31.59      1.04
2019.94247    -29.35      1.01
2019.94521    -30.17      1.00
2019.94795    -27.05      1.01
2019.95068    -28.15      1.05
2019.95342    -29.16      1.00
2019.95616    -27.25      1.02
2019.95890    -27.53      1.03
2019.96164    -26.39      0.99
2019.96438    -28.20      1.02
2019.96712    -26.56      1.06
2019.96986    -27.22      1.00
2019.97260    -29.64      1.01
2019.97534    -29.49      1.02
2019.97808    -26.69      0.99
2019.98082    -29.26      1.02
2019.98356    -29.23      1.00
2019.98630    -28.83      1.05
2019.98904    -28.73      1.02
2019.99178    -25.98      1.02
2019.99452    -27.11      1.00
2019.99726    -27.28      1.00
2020.00000    -25.91      1.00
2020.00273    -26.56      1.00
2020.00546    -28.41      1.01
2020.00820    -29.43      1.02
2020.01093    -28.66      1.06
2020.01366    -28.58      1.02
2020.01639    -28.82      1.02
2020.01913    -30.76      1.01
2020.02186    -27.77      1.04
2020.02459    -27.05      1.03
2020.02732    -28.51      0.99
2020.03005    -27.45      1.00
2020.03279    -26.50      1.01
2020.03552    -28.49      1.00
2020.03825    -25.79      0.99
2020.04098    -27.68      0.99
2020.04372    -28.66      0.99
2020.04645    -28.30      0.97
2020.04918    -25.70      1.01
2020.05191    -25.77      0.99
2020.05464    -28.85      0.98
2020.05738    -28.12      0.99
2020.06011    -28.15      0.99
2020.06284    -28.16      0.97
2020.06557    -27.50      1.06
2020.06831    -26.74      1.01
2020.07104    -26.13      0.99
2020.07377    -29.30      0.98
2020.07650    -30.09      0.99
2020.07923    -28.35      1.01
2020.08197    -28.19      0.98
2020.08470    -30.34      1.00
2020.08743    -29.03      0.97
2020.09016    -29.10      0.98
2020.09290    -28.14      0.98
2020.09563    -29.97      0.98
2020.09836    -29.40      0.99
2020.10109    -30.34      0.97
2020.10383    -28.92      1.00
2020.10656    -27.92      1.00
2020.10929    -29.47      1.00
2020.11202    -28.74      1.01
2020.11475    -30.15      1.00
2020.11749    -28.86      1.00
2020.12022    -28.35      1.10
2020.12295    -31.85      1.04
2020.12568    -28.37      1.05
2020.12842    -29.31      1.03
2020.13115    -28.34      1.03
2020.13388    -28.97      1.03
2020.13661    -29.88      1.05
2020.13934    -29.48      1.04
2020.14208    -28.97      1.03
2020.14481    -29.73      1.04
2020.14754    -28.30      1.04
2020.15027    -27.95      1.04
2020.15301    -29.05      1.06
2020.15574    -30.42      1.03
2020.15847    -28.51      1.04
2020.16120    -26.56      1.05
2020.16393    -28.90      1.03
2020.16667    -29.41      1.02
2020.16940    -28.88      1.04
2020.17213    -28.65      1.05
2020.17486    -30.10      1.05
2020.17760    -29.97      1.03
2020.18033    -28.22      1.04
2020.18306    -29.43      1.04
2020.18579    -27.35      1.04
2020.18852    -25.84      1.04
2020.19126    -27.92      1.04
2020.19399    -30.09      1.06
2020.19672    -29.02      1.04
2020.19945    -29.58      1.05
2020.20219    -28.55      1.05
2020.20492    -31.47      1.07
2020.20765    -31.88      1.06
2020.21038    -29.39      1.07
2020.21311    -29.83      1.18
2020.21585    -29.12      1.08
2020.21858    -31.69      1.06
2020.22131    -29.49      1.06
2020.22404    -31.06      1.14
2020.22678    -31.68      1.05
2020.22951    -29.01      1.05
2020.23224    -28.23      1.09
2020.23497    -31.59      1.09
2020.23770    -30.21      1.05
2020.24044    -28.39      1.07
2020.24317    -29.45      1.08
2020.24590    -28.76      1.06
2020.24863    -29.42      1.06
2020.25137    -30.64      1.07
2020.25410    -31.91      1.08
2020.25683    -31.11      1.09
2020.25956    -31.50      1.06
2020.26230    -34.72      1.07
2020.26503    -33.31      1.07
2020.26776    -33.88      1.07
2020.27049    -33.33      1.06
2020.27322    -33.07      1.10
2020.27596    -32.67      1.06
2020.27869    -32.23      1.10
2020.28142    -32.82      1.08
2020.28415    -34.27      1.06
2020.28689    -33.55      1.07
2020.28962    -32.19      1.05
2020.29235    -35.20      1.07
2020.29508    -35.24      1.07
2020.29781    -30.94      1.10
2020.30055    -34.50      1.06
2020.30328    -34.10      1.08
2020.30601    -35.49      1.04
2020.30874    -31.94      1.10
2020.31148    -32.07      1.10
2020.31421    -31.90      1.08
2020.31694    -33.58      1.07
2020.31967    -33.49      1.13
2020.33880    -32.00      1.34
2020.34153    -31.05      1.12
2020.34426    -30.20      1.09
2020.34699    -33.38      1.13
2020.34973    -31.68      1.12
2020.35246    -35.21      1.13
2020.35519    -34.24      1.12
2020.35792    -34.20      1.13
2020.36066    -35.25      1.12
2020.36339    -33.13      1.12
2020.36612    -33.69      1.09
2020.36885    -32.31      1.10
2020.37158    -33.89      1.13
2020.37432    -35.28      1.13
2020.37705    -36.30      1.14
2020.37978    -35.31      1.11
2020.38251    -32.73      1.09
2020.38525    -37.13      1.10
2020.38798    -33.19      1.14
2020.39071    -34.93      1.13
2020.39617    -34.11      1.09
2020.39891    -32.32      1.20
2020.40164    -32.84      1.10
2020.40437    -37.52      1.15
2020.40710    -33.71      1.09
2020.40984    -31.86      1.10
2020.41257    -33.97      1.09
2020.41530    -35.46      1.11
2020.41803    -37.93      1.08
2020.42077    -34.02      1.09
2020.42350    -34.01      1.16
2020.42623    -32.80      1.14
2020.42896    -33.89      1.11
2020.43169    -33.89      1.11
2020.43443    -31.84      1.09
2020.43716    -34.45      1.11
2020.43989    -33.80      1.09
2020.44262    -31.71      1.13
2020.44536    -34.11      1.10
2020.44809    -34.93      1.10
2020.45082    -31.93      1.10
2020.45355    -34.53      1.09
2020.45628    -35.99      1.07
2020.45902    -34.81      1.10
2020.46175    -33.49      1.08
2020.46448    -31.64      1.12
2020.46721    -30.72      1.11
2020.46995    -33.04      1.13
2020.47268    -34.96      1.09
2020.47541    -34.92      1.17
2020.47814    -35.25      1.11
2020.48087    -35.95      1.14
2020.48361    -32.20      1.14
2020.48634    -35.68      1.13
2020.48907    -35.16      1.18
2020.49180    -35.60      1.18
2020.49454    -35.79      1.17
2020.49727    -32.40      1.12
2020.50000    -31.45      1.16
2020.50273    -31.76      1.09
2020.50546    -37.23      1.15
2020.50820    -35.09      1.11
2020.51093    -37.83      1.15
2020.51366    -37.68      1.09
2020.51639    -33.80      1.11
2020.51913    -31.11      1.14
2020.52186    -31.35      1.12
2020.52459    -31.85      1.14
2020.52732    -39.67      1.17
2020.53005    -37.35      1.14
2020.53279    -37.94      1.13
2020.53552    -38.40      1.14
2020.53825    -34.65      1.14
2020.54098    -37.20      1.13
2020.54372    -36.77      1.10
2020.54645    -36.94      1.13
2020.54918    -33.88      1.16
2020.55191    -40.37      1.12
2020.55464    -40.68      1.14
2020.55738    -39.01      1.15
2020.56011    -35.49      1.14
2020.56284    -40.11      1.13
2020.56557    -35.05      1.12
2020.56831    -37.52      1.22
2020.57104    -39.85      1.80
2020.57650    -37.92      1.33
2020.57923    -37.68      1.12
2020.58197    -37.19      1.18
2020.58470    -36.33      1.20
2020.58743    -32.31      1.16
2020.59016    -37.52      1.11
2020.59290    -38.09      1.12
2020.59563    -41.97      1.90
2020.59836    -36.09      1.25
2020.60109    -37.40      1.14
2020.60383    -35.25      1.14
2020.60656    -39.15      1.15
2020.60929    -34.64      1.12
2020.61202    -40.58      1.14
2020.63115    -64.62     31.82
2020.68306    -37.63      1.12
2020.71311    -40.25      1.24
2020.71585    -41.79      1.18
2020.74590    -41.08      1.11
2020.75137    -46.56      1.12
2020.76230    -39.83      1.09
2020.79235    -40.81      1.08
2020.80055    -39.01      3.96
2020.83060    -30.42     33.80
2020.85519    -42.88      6.08
2020.85792    -64.80     31.86
2020.94262    -38.82      1.33
2020.94536    -42.27      1.22
2020.94809    -40.66      1.23
2020.95082    -40.89      1.21
2020.95355    -42.09      1.22
2020.95628    -41.57      1.26
2020.95902    -40.99      1.20
2020.96175    -41.98      1.39
2020.96448    -37.76      1.23
2020.96721    -40.62      1.23
2020.96995    -39.15      1.25
2020.97268    -39.26      1.22
2020.97541    -37.62      1.26
2020.97814    -37.06      1.27
2020.98087    -40.73      1.25
2020.98361    -40.95      1.21
2020.98634    -37.48      1.20
2020.98907    -41.07      1.21
2020.99180    -39.77      1.22
2020.99454    -37.15      1.19
2020.99727    -38.64      1.19
2021.00000    -40.83      1.19
2021.00274    -37.56      1.24
2021.00548    -37.21      1.22
2021.00822    -35.72      1.19
2021.01096    -36.52      1.20
2021.01370    -38.86      1.19
2021.01644    -38.03      1.19
2021.01918    -36.14      1.28
2021.02192    -36.57      1.29
2021.02466    -37.84      1.30
2021.02740    -38.01      1.35
2021.03014    -39.73      1.32
2021.03288    -38.54      1.41
2021.03562    -40.84      1.39
2021.03836    -37.58      1.35
2021.04110    -39.23      1.36
2021.04384    -40.65      1.36
2021.04658    -40.76      1.29
2021.04932    -40.53      1.28
2021.05205    -40.40      1.34
2021.05479    -41.34      1.38
2021.05753    -38.18      2.20
2021.06575    -43.76      1.71
2021.06849    -40.04      1.28
2021.07123    -42.99      1.28
2021.07397    -46.98      1.34
2021.07671    -43.99      1.32
2021.07945    -43.83      1.29
2021.08219    -42.58      1.34
2021.08493    -39.91      1.33
2021.08767    -41.58      1.43
2021.09041    -44.60      1.29
2021.09315    -43.40      1.32
2021.10411    -42.31      1.39
2021.10685    -40.20      1.31
2021.10959    -39.14      1.29
2021.11233    -41.07      1.27
2021.11507    -41.72      1.33
2021.11781    -42.81      1.33
2021.12055    -43.16      1.31
2021.12329    -40.89      1.35
2021.12603    -43.33      1.34
2021.13973    -39.81      1.32
2021.14247    -41.87      1.35
