2015.70137   -41.8459     5.8700
2015.70411   -43.6168     4.4800
2015.70685   -48.1577     4.6100
2015.70959   -52.3186     4.4700
2015.71233   -52.8995     4.6400
2015.71507   -45.0404     4.6500
2015.71781   -41.3514     4.5900
2015.72055   -45.0023     4.9400
2015.72329   -38.1532     4.5800
2015.72603   -36.1841     4.4700
2015.72877   -44.1550     4.5200
2015.73151   -48.4359     4.8300
2015.73425   -47.9969     4.6200
2015.73699   -38.7878     4.8300
2015.73973   -37.3287     5.4200
2015.74247   -44.2496     4.6800
2015.74521   -40.0605     5.0700
2015.74795   -34.3214     4.9400
2015.75068   -38.9624     4.4200
2015.75342   -39.4033     4.3700
2015.75616   -33.9242     4.5300
2015.75890   -37.9851     4.4100
2015.76164   -42.5660     5.0500
2015.76438   -34.5169     4.6500
2015.76712   -33.7278     4.5900
2015.76986   -38.4488     4.7000
2015.77260   -46.2097     4.4400
2015.77534   -37.2706     4.4400
2015.77808   -48.6715     4.7500
2015.78082   -45.1524     4.4000
2015.78356   -40.6233     4.6500
2015.78630   -47.8243     4.9400
2015.78904   -44.7252     4.5400
2015.79178   -44.8561     4.4500
2015.79452   -33.9270     4.5300
2015.79726   -31.0179     5.0300
2015.80000   -34.7988     4.9900
2015.80274   -42.6498     5.1000
2015.80548   -25.5807     4.9600
2015.80822   -36.6916     4.4900
2015.81096   -48.2125     4.6400
2015.81370   -46.6734     4.5300
2015.81644   -40.6343     4.7400
2015.81918   -47.1853     4.4900
2015.82192   -45.7062     4.5900
2015.82466   -46.0771     4.5200
2015.82740   -42.5680     4.5000
2015.83014   -41.7789     4.7700
2015.83288   -53.1398     4.5500
2015.83562   -44.1907     4.4500
2015.83836   -42.7717     4.5300
2015.84110   -38.4526     4.4800
2015.84384   -36.4535     4.5000
2015.84658   -42.3544     4.5600
2015.84932   -44.3553     4.5900
2015.85205   -36.8762     4.5100
2015.85479   -39.3372     4.5600
2015.85753   -41.7081     4.4500
2015.86027   -38.3090     4.5500
2015.86301   -43.7799     4.5700
2015.86575   -33.0208     4.5900
2015.86849   -29.7717     4.6000
2015.87123   -39.4127     4.5700
2015.87397   -38.8736     4.7000
2015.87671   -39.6345     4.5000
2015.87945   -38.1654     4.4500
2015.88219   -30.5263     4.5400
2015.88493   -37.8072     4.9100
2015.88767   -37.3582     4.5200
2015.89041   -37.4491     4.5200
2015.89315   -40.8700     4.5300
2015.89589   -42.0609     4.6300
2015.89863   -39.8118     4.6600
2015.90137   -48.4227     4.4900
2015.90411   -42.2536     4.5100
2015.90685   -38.8246     4.5000
2015.90959   -42.7255     4.6100
2015.91233   -42.5164     4.4500
2015.91507   -42.5073     4.4800
2015.91781   -38.0582     4.5500
2015.92055   -39.6791     4.5600
2015.92329   -39.3401     4.4700
2015.92603   -37.1410     4.5700
2015.92877   -43.4219     4.4700
2015.93151   -38.7628     4.6900
2015.93425   -41.6337     4.6800
2015.93699   -38.3246     4.6600
2015.93973   -48.4756     4.7300
2015.94247   -38.8965     4.8700
2015.94521   -42.5374     4.5200
2015.94795   -42.2683     4.5700
2015.95068   -44.2092     4.8100
2015.95342   -45.0101     4.5500
2015.95616   -51.4510     4.6400
2015.95890   -49.9120     4.6000
2015.96164   -43.7029     4.5300
2015.96438   -41.2438     4.4300
2015.96712   -45.0747     4.5800
2015.96986   -38.8256     4.5300
2015.97260   -43.5065     4.5400
2015.97534   -42.5675     4.4900
2015.97808   -44.0684     4.5200
2015.98082   -39.7193     4.5100
2015.98356   -47.6602     4.5800
2015.98630   -46.0711     4.5700
2015.98904   -43.2320     4.4600
2015.99178   -46.6130     4.5000
2015.99452   -40.4039     4.3600
2015.99726   -47.3948     4.4000
2016.00000   -47.9657     4.5200
2016.00273   -42.6266     4.7300
2016.00546   -40.8675     4.7800
2016.00820   -43.7884     4.6000
2016.01093   -38.5794     4.5500
2016.01366   -46.5903     4.6100
2016.01639   -46.8312     4.7200
2016.01913   -45.1421     4.7000
2016.02186   -37.9930     4.7300
2016.02459   -38.5439     4.5300
2016.02732   -34.8048     4.5500
2016.03005   -45.5658     4.6000
2016.03279   -45.4067     4.5800
2016.03552   -45.2276     4.5400
2016.03825   -38.5085     4.7900
2016.04098   -43.3894     4.6900
2016.04372   -43.8603     4.6900
2016.04645   -42.8412     4.6000
2016.04918   -45.3821     4.5200
2016.05191   -41.6031     4.5400
2016.05464   -41.6540     4.3600
2016.05738   -46.1249     4.5200
2016.06011   -49.4158     4.5600
2016.06284   -47.3767     4.6200
2016.06557   -47.3776     4.4300
2016.06831   -50.7185     4.5200
2016.07104   -41.1395     4.5900
2016.07377   -47.0704     4.7300
2016.07650   -32.4413     4.9900
2016.07923   -44.5522     4.6000
2016.08197   -47.2131     4.6800
2016.08470   -47.0440     4.5100
2016.08743   -44.3049     4.3100
2016.09016   -41.3158     4.5200
2016.09290   -33.0768     4.5500
2016.09563   -35.3077     4.4700
2016.09836   -18.3086     4.5200
2016.10109   -20.5095     4.3600
2016.10383   -21.7904     4.6400
2016.10656   -19.9213     4.5600
2016.10929   -17.5522     4.3200
2016.11202    -4.2432     4.6200
2016.11475   -16.5741     4.5700
2016.11749   -14.6750     4.4900
2016.12022   -21.2759     4.6800
2016.12295   -18.7768     4.3700
2016.12568   -13.8477     4.4300
2016.12842   -15.5486     4.6500
2016.13115   -14.1695     4.4800
2016.13388   -13.0505     4.3900
2016.13661   -18.6214     4.4200
2016.13934   -17.0823     4.4100
2016.14208   -13.3732     4.3800
2016.14481   -14.9441     4.4700
2016.14754   -19.4150     4.4000
2016.15027   -24.5259     4.3500
2016.15301   -10.5669     4.5400
2016.15574   -15.2578     4.4500
2016.15847   -19.4987     4.5200
2016.16120   -18.6096     4.5700
2016.16393   -14.9405     4.5500
2016.16667   -21.6414     4.5000
2016.16940    -8.7823     4.4100
2016.17213    -7.7832     4.4700
2016.17486    -8.3042     4.4500
2016.17760   -11.7251     4.3500
2016.18033   -17.9560     4.5600
2016.18306   -13.8169     4.5400
2016.18579   -10.2878     4.5900
2016.18852   -17.3487     4.5900
2016.19126   -14.7396     4.2900
2016.19399    -8.6206     4.3200
2016.19672   -15.5815     4.3400
2016.19945   -10.1724     4.2100
2016.20219    -7.8733     4.3100
2016.20492   -10.1042     4.3100
2016.20765    -6.1151     4.3300
2016.21038    -6.1060     4.4500
2016.21311   -12.8469     4.4700
2016.21585    -7.2979     4.3100
2016.21858   -13.5988     4.2900
2016.22131    -4.4197     4.3700
2016.22404    -7.5506     4.7200
2016.22678    -8.8315     4.4200
2016.22951   -10.0624     4.3500
2016.23224   -12.0633     4.4200
2016.23497   -10.6643     4.3000
2016.23770   -14.1452     4.3600
2016.24044    -7.9661     4.3300
2016.24317    -2.3670     4.2600
2016.24590    -8.6779     4.5200
2016.24863    -5.0188     5.6300
2016.25137    -9.0397     4.3600
2016.25410    -1.5407     4.2600
2016.25683    -7.4716     4.2900
2016.25956    -1.4625     4.3000
2016.26230    -1.5134     4.3500
2016.26503    -8.6043     4.5500
2016.26776    -4.4052     4.3100
2016.27049    -0.9061     4.3700
2016.27322    -2.8470     4.5000
2016.27596    -8.6580     4.5300
2016.27869     0.6311     4.4400
2016.28142    -1.4198     4.7400
2016.28415    -0.4807     5.1200
2016.28689    -5.4416     4.6600
2016.28962    -7.5825     4.3600
2016.29235     0.0566     4.4100
2016.29508     3.5956     4.4400
2016.29781     1.2447     4.5500
2016.30055    -1.8562     4.5700
2016.30328    -2.2471     4.3300
2016.30601    -6.2480     4.3200
2016.30874     2.2611     4.4000
2016.31148    -8.2798     4.3700
2016.31421    -8.3407     4.3400
2016.31694    -5.3617     4.3000
2016.31967    -5.2326     4.5800
2016.32240    -5.9935     4.3600
2016.32514    -6.3544     4.4200
2016.32787    -4.0153     4.3700
2016.33060   -13.8762     4.4100
2016.33333     4.7329     4.5200
2016.33607    -7.8181     4.3900
2016.33880    -2.4690     4.5400
2016.34153    -8.3999     4.5500
2016.34426     2.9592     4.6300
2016.34699    -4.9017     4.6500
2016.34973   -18.6726     4.4600
2016.35246   -17.2935     4.4800
2016.35519     0.0256     4.7500
2016.35792     8.7546     4.4500
2016.36066     4.6637     4.3300
2016.36339   -19.2872     5.2500
2016.36612   -15.1981     4.3300
2016.36885    -6.6490     4.3800
2016.37158   -10.2099     4.3500
2016.37432   -13.8808     4.3100
2016.37705    -7.1518     4.2800
2016.37978   -11.3227     4.2300
2016.38251   -12.5236     4.5300
2016.38525    -9.0045     4.3500
2016.38798   -13.6954     4.7000
2016.39071    -9.7063     4.6100
2016.39344   -19.4972     4.5600
2016.39617    -2.8481     4.8100
2016.39891    -8.7091     4.3600
2016.40164     3.0700     4.5300
2016.40437    -4.5509     4.3100
2016.40710    -5.2018     4.3300
2016.40984    -9.1827     4.3300
2016.41257    -4.9836     4.5100
2016.41530   -11.0045     4.5000
2016.41803     5.7345     4.4200
2016.42077   -15.2964     4.4100
2016.42350    -8.0273     4.5300
2016.42623    -3.3382     4.6300
2016.42896    -5.4491     4.4400
2016.43169    -3.6900     4.6300
2016.43443   -14.4709     4.5800
2016.43716    -3.9818     4.4700
2016.43989     4.4572     4.4300
2016.44262    -8.7737     4.4900
2016.44536     6.6854     4.6400
2016.44809     5.1945     4.6300
2016.45082     1.6236     4.7400
2016.45355     3.6027     4.5200
2016.45628    -5.1482     4.6000
2016.45902    -8.9892     4.2700
2016.46175   -20.2001     4.5000
2016.46448     6.4690     4.6900
2016.46721    -0.8519     4.3000
2016.46995    -8.6228     4.5300
2016.47268     0.1863     4.3600
2016.47541    -8.7546     4.4000
2016.47814    -1.0956     4.5900
2016.48087     0.8135     4.4900
2016.48361     6.0626     4.6100
2016.48634    -9.1983     4.4400
2016.48907   -11.0292     4.4400
2016.49180    -7.8401     4.4100
2016.49454     3.4890     4.6100
2016.49727   -10.8219     4.5500
2016.50000    -4.7929     4.3800
2016.50273   -15.1738     4.4300
2016.50546    -4.6047     4.4800
2016.50820   -11.4856     4.3500
2016.51093    -9.6465     4.6200
2016.51366    11.7026     4.5500
2016.51639    -4.0983     4.7800
2016.51913    -8.0893     4.5200
2016.52186    -7.2302     4.5600
2016.52459    12.7889     4.7100
2016.52732    -3.0820     4.7900
2016.53005     4.7071     4.3500
2016.53279   -13.6038     4.3900
2016.53552    -6.2947     4.5300
2016.53825    -6.1956     4.5500
2016.54098    -1.7766     4.5000
2016.54372     0.8325     4.8500
2016.54645    -6.9984     4.3800
2016.54918    -4.2893     4.4000
2016.55191    -4.6302     4.4100
2016.55464    -7.2911     4.6700
2016.55738     3.5980     4.7900
2016.56011    -9.1230     4.5700
2016.56284    -9.5039     4.3000
2016.56557    -6.0948     4.5400
2016.56831   -10.0657     4.4800
2016.57104   -10.8766     4.4900
2016.57377   -14.7075     4.8600
2016.57650     0.9816     4.7900
2016.57923   -11.2193     4.6400
2016.58197    10.9797     4.5100
2016.58470    -8.4412     4.4300
2016.58743    -7.0021     4.4100
2016.59016    -6.4230     4.3800
2016.59290    -5.1539     4.3000
2016.59563    -1.6948     4.5300
2016.59836     5.2043     4.7200
2016.60109   -13.2167     4.6900
2016.60383   -10.6276     4.8700
2016.60656     8.3715     4.5800
2016.60929    -3.0194     4.6600
2016.61202    -6.9603     4.5300
2016.61475     1.0088     4.4400
2016.61749     3.8679     4.4600
2016.62022     2.5470     4.7000
2016.62295    -3.1440     4.7200
2016.62568     7.4251     4.5600
2016.62842     2.0242     4.5700
2016.63115     2.3533     4.8200
2016.63388     1.1324     4.5700
2016.63661    -7.5285     4.8100
2016.63934     1.7006     4.6500
2016.64208    -2.2104     4.7500
2016.64481     7.7687     4.7900
2016.64754     6.7678     4.6700
2016.65027    -2.8031     4.8400
2016.65301    -6.1640     5.0500
2016.65574     5.3451     4.3700
2016.65847   -16.9958     4.7600
2016.66120    -7.5067     4.3600
2016.66393    -9.8577     5.5000
2016.66667    -0.4186     4.5100
2016.66940     2.4505     5.1300
2016.67213     0.2796     4.4100
2016.67486    -0.8913     4.6700
2016.67760   -14.6122     4.7400
2016.68033   -16.9431     4.9500
2016.68306     8.7159     4.6900
2016.68579    -6.5250     4.6400
2016.68852    -4.7359     4.6900
2016.69126    -3.6368     4.3300
2016.69399     5.4823     4.2100
2016.69672   -10.7286     4.3200
2016.69945    -4.1095     4.4400
2016.70219     0.1695     4.9800
2016.70492    -4.6714     4.8800
2016.70765     1.4077     4.5300
2016.71038    -8.1032     4.4900
2016.71311   -11.4241     4.2000
2016.71585     0.1050     4.3900
2016.71858    -0.0259     4.3800
2016.72131    -0.2168     4.1700
2016.72404     1.2722     4.3300
2016.72678    -6.5987     4.3300
2016.72951     4.8204     4.5100
2016.73224     5.5495     4.3500
2016.73497     3.2486     4.3300
2016.73770    -2.5923     6.1200
2016.74044   -13.2432     5.1900
2016.74317    -6.5042     4.2500
2016.74590     6.9849     4.6100
2016.74863    -1.2660     4.3700
2016.75137    -8.8769     4.2900
2016.75410     7.3922     4.1900
2016.75683    -7.2287     4.4500
2016.75956     3.2504     4.3600
2016.76230    -8.9505     4.3600
2016.76503    -3.3315     4.6600
2016.76776     3.5876     4.5400
2016.77049    -0.3933     4.4700
2016.77322    -0.1942     4.3200
2016.77596     5.2049     4.4400
2016.77869    -9.5160     4.2200
2016.78142    -0.7269     4.3000
2016.78415    -4.1179     4.2300
2016.78689    -6.4188     4.5300
2016.78962    10.6103     4.2500
2016.79235    -4.9906     4.5000
2016.79508    -2.2615     4.3200
2016.79781   -12.2124     4.3800
2016.80055   -27.1133     4.8300
2016.80328     9.8158     5.9200
2016.80601    -4.9252     4.3000
2016.80874     1.7939     4.3700
2016.81148    -0.3670     4.3000
2016.81421    -1.7279     4.5200
2016.81694    -3.6588     4.3200
2016.81967    -7.8997     4.4700
2016.82240     2.6894     4.3700
2016.82514     0.4284     4.4900
2016.82787    -6.5325     4.5000
2016.83060    -2.5334     4.4500
2016.83333    -6.8443     4.3500
2016.83607    -4.6552     4.3200
2016.83880     7.2339     4.4100
2016.84153     6.6430     4.4500
2016.84426    -3.7479     4.2500
2016.84699     2.0911     4.3500
2016.84973    -0.6898     4.3700
2016.85246    -1.4407     4.4400
2016.85519     1.0784     4.4200
2016.85792     2.5875     4.4900
2016.86066    -5.7134     4.2600
2016.86339     4.0857     4.5500
2016.86612    -0.3153     4.5400
2016.86885     2.1938     4.4200
2016.87158    -1.1871     4.5000
2016.87432    -1.2080     4.4800
2016.87705     0.7011     4.4400
2016.87978     3.3302     4.4500
2016.88251     8.0793     4.4700
2016.88525     3.0484     4.4300
2016.88798     0.4974     4.5700
2016.89071    -3.2135     4.4300
2016.89344    -0.3244     4.4000
2016.89617    -2.3453     4.3600
2016.89891    -1.4762     4.3900
2016.90164    -0.8271     4.5800
2016.90437   -15.3080     4.8800
2016.90710    -0.3890     4.4900
2016.90984    -8.2899     4.3300
2016.91257    -1.9008     4.3900
2016.91530    -2.9517     4.4600
2016.91803    -8.9726     4.3800
2016.92077    -3.2135     4.4100
2016.92350     4.4956     4.4100
2016.92623    -2.0454     4.5400
2016.92896    -4.0663     4.3200
2016.93169     1.7028     4.2000
2016.93443     6.1019     4.2700
2016.93716    -4.0390     4.5000
2016.93989    -1.4099     4.2000
2016.94262     2.5692     4.1700
2016.94536    -3.7217     4.3800
2016.94809    -1.2427     4.4200
2016.95082     0.6964     4.3200
2016.95355    -6.0145     4.3600
2016.95628     0.7046     4.1700
2016.95902    -3.2163     4.3800
2016.96175    -1.9672     4.2300
2016.96448     1.9119     4.2200
2016.96721     1.9509     4.3500
2016.96995     0.1100     4.2600
2016.97268     5.1291     4.3000
2016.97541     4.2082     4.2400
2016.97814     3.5873     4.2200
2016.98087    -4.1536     4.3200
2016.98361     3.2255     4.2600
2016.98634     0.1546     4.2600
2016.98907     3.4836     4.2500
2016.99180     1.1727     4.1900
2016.99454     2.0618     4.2300
2016.99727     2.8809     4.3200
2017.00000    -2.1400     4.2600
2017.00274     3.3291     4.1800
2017.00548     6.3982     4.2500
2017.00822     3.2272     4.2000
2017.01096     4.8963     4.1400
2017.01370     3.3954     4.2600
2017.01644    10.2045     4.2300
2017.01918    12.7336     4.1200
2017.02192     9.2927     4.1000
2017.02466     6.4717     4.2800
2017.02740     4.5808     4.1800
2017.03014     3.1499     4.3000
2017.03288     7.6290     4.0900
2017.03562     4.8681     4.1400
2017.03836    -0.1828     4.1900
2017.04110     0.7662     4.3300
2017.04384     1.2353     4.5200
2017.04658    -3.8756     4.4100
2017.04932     1.1135     4.2200
2017.05205     0.4626     4.3100
2017.05479    -2.3883     4.2500
2017.05753     0.5608     4.2100
2017.06027    -0.4802     4.3600
2017.06301     2.8889     4.1900
2017.06575    -1.6120     4.1600
2017.06849    -2.5729     3.9600
2017.07123     6.3162     4.1600
2017.07397    -2.0647     4.1900
2017.07671     7.3143     4.1600
2017.07945     0.8934     4.0900
2017.08219     4.1625     4.1500
2017.08493     4.8216     4.0900
2017.08767     6.7307     4.1700
2017.09041    12.6498     4.1800
2017.09315     7.2088     4.1400
2017.09589    12.8579     4.0600
2017.09863     6.5070     4.1200
2017.10137     9.0961     4.1900
2017.10411     2.8352     4.2300
2017.10685     2.9543     4.1200
2017.10959     0.5634     4.0900
2017.11233    -2.4476     4.0400
2017.11507     5.3015     4.0800
2017.11781     4.0906     4.0700
2017.12055     3.7097     4.0700
2017.12329     1.1788     4.0700
2017.12603     4.3079     4.1800
2017.12877     5.4369     4.1500
2017.13151     9.4360     4.0800
2017.13425    11.1751     4.3200
2017.13699     1.9042     4.2000
2017.13973     8.1933     4.2100
2017.14247     4.7124     4.1800
2017.14521     2.3414     4.0200
2017.14795     2.5805     4.1800
2017.15068     7.2896     4.0000
2017.15342     6.9687     4.0800
2017.15616     7.9778     4.1500
2017.15890     3.5069     4.1000
2017.16164    10.0159     4.0800
2017.16438     8.3950     3.9700
2017.16712    11.1341     4.0500
2017.16986    14.9932     4.0600
2017.17260     6.1523     4.0300
2017.17534     5.1114     4.1800
2017.17808     9.5905     4.0800
2017.18082     4.5195     4.2200
2017.18356    10.0586     4.0900
2017.18630     6.1877     4.3100
2017.18904     7.8768     4.0600
2017.19178    12.0059     4.1000
2017.19452    13.3250     4.3100
2017.19726     4.2940     4.1300
2017.20000     5.0731     4.1100
2017.20274     6.9222     4.1700
2017.20548     9.5513     4.1700
2017.20822     9.8904     4.2600
2017.21096     6.7995     4.2700
2017.21370     5.6885     4.1100
2017.21644     8.0776     4.1900
2017.21918    -0.7133     4.1600
2017.22192    12.5558     4.4200
2017.22466    10.6849     4.2900
2017.22740     1.4440     4.3600
2017.23014    -3.3569     4.3500
2017.23288     7.9221     4.2900
2017.23562     0.6812     4.3200
2017.23836    13.7203     4.2300
2017.24110     9.4594     4.2600
2017.24384    10.3685     4.2200
2017.24658     1.0676     4.2700
2017.24932     3.3566     4.2500
2017.25205     5.4857     4.0900
2017.25479     3.7348     4.1000
2017.25753     5.1039     4.2500
2017.26027    11.2430     4.1900
2017.26301     4.9221     4.1400
2017.26575     4.2511     4.2200
2017.26849    10.8702     4.2900
2017.27123     5.4093     4.1400
2017.27397     5.1584     4.4400
2017.27671     5.5575     4.3600
2017.27945     8.6366     4.2300
2017.28219     8.0756     4.1900
2017.28493     8.1447     4.2200
2017.28767     1.7338     4.2500
2017.29041     6.7029     4.2500
2017.29315     6.2220     4.1200
2017.29589    11.7811     4.7000
2017.29863     8.4802     4.2400
2017.30137    -1.6408     4.3000
2017.30411     0.9383     4.2600
2017.30685     2.2074     4.1900
2017.30959    11.9565     4.2100
2017.31233     8.5156     4.1000
2017.31507    -6.2853     4.2100
2017.31781     0.3037     4.2200
2017.32055     0.1428     4.2400
2017.32329     5.1019     4.1800
2017.32603     3.3210     4.1300
2017.32877     5.5701     4.0900
2017.33151    12.8492     4.2500
2017.33425    -8.8518     4.0700
2017.33699    13.0373     4.0700
2017.33973     1.8464     4.4000
2017.34247     4.8655     4.1900
2017.34521     5.4146     4.3100
2017.34795     4.4037     4.1900
2017.35068     4.8028     4.2000
2017.35342     5.8818     4.3000
2017.35616     0.7009     4.2800
2017.35890     7.7300     4.1700
2017.36164     5.8691     4.1600
2017.36438     3.2982     4.1100
2017.36712    10.3773     4.3000
2017.36986    -2.8337     4.3200
2017.37260    -2.6646     4.1500
2017.37534     4.3145     4.2600
2017.37808     9.6436     4.1900
2017.38082    10.8827     4.2800
2017.38356    10.3318     4.1000
2017.38630     6.4208     4.2000
2017.38904    10.3599     4.4200
2017.39178    -3.9710     4.3500
2017.39452    18.0281     4.0800
2017.39726     5.8472     4.1500
2017.40000     7.5763     4.0600
2017.40274     6.2253     4.2800
2017.40548     6.6344     4.3400
2017.40822     5.8735     4.3300
2017.41096    11.9426     4.1700
2017.41370     6.6117     4.4400
2017.41644    -3.5992     4.4000
2017.41918     4.1199     4.5400
2017.42192    14.8289     4.4100
2017.42466    -0.1920     4.2400
2017.42740     1.2471     4.3500
2017.43014     1.3162     4.3800
2017.43288     9.4753     4.5900
2017.43562     3.1044     4.5100
2017.43836    -1.8966     4.5100
2017.44110    -0.7775     4.2700
2017.44384     7.7316     4.6500
2017.44658     2.5507     4.8200
2017.44932     0.4398     4.6900
2017.45205     4.1889     4.7000
2017.45479     0.1479     4.7500
2017.45753    -7.1530     4.5900
2017.46027    -4.7639     4.8300
2017.46301    -0.2048     4.5300
2017.46575     1.8443     4.6300
2017.46849     5.1934     4.4600
2017.47123    -4.1076     4.3800
2017.47397    -2.3085     4.6100
2017.47671     0.0706     4.4700
2017.47945     4.5697     4.5000
2017.48219    -0.6612     4.4800
2017.48493     3.8579     4.4200
2017.48767    -0.7830     4.5700
2017.49041     2.6060     4.7900
2017.49315    -3.7949     4.7100
2017.49589     3.5242     4.5800
2017.49863     6.4233     4.8500
2017.50137    17.5124     4.7000
2017.50411    13.2615     4.7700
2017.50685     3.4205     4.4700
2017.50959    -2.5704     4.9200
2017.51233     1.2487     4.5600
2017.51507     7.2778     4.5500
2017.51781     4.1369     4.6000
2017.52055     1.6160     4.6400
2017.52329    10.8150     4.6600
2017.52603    15.8441     4.6900
2017.52877     3.6332     4.7100
2017.53151     6.5823     4.6400
2017.53425     4.8914     4.9500
2017.53699    -2.6195     4.9200
2017.53973     2.1596     4.4200
2017.54247    -6.9214     4.6600
2017.54521    -7.2823     4.7000
2017.54795     5.4968     4.4700
2017.55068     7.2859     4.5900
2017.55342     1.8650     4.5200
2017.55616     7.0741     4.5200
2017.55890    -2.0369     4.9400
2017.56164    17.0122     4.7400
2017.56438     4.6413     4.6600
2017.56712     2.4804     4.5200
2017.56986     8.3795     4.3700
2017.57260     9.3186     4.3800
2017.57534     0.0076     5.0200
2017.57808     6.1067     4.7700
2017.58082    -8.9042     4.9000
2017.58356     1.7349     4.4100
2017.58630    -6.5560     4.6400
2017.58904    -0.6669     4.6300
2017.59178    16.2921     4.2800
2017.59452     7.9212     4.4300
2017.59726     0.1303     4.3800
2017.60000     5.8794     4.4200
2017.60274     6.4985     4.5700
2017.60548    11.4376     4.6900
2017.60822     4.1967     4.4400
2017.61096     7.7157     4.2900
2017.61370     6.2148     4.3600
2017.61644    -2.7061     4.4300
2017.61918    11.6730     4.6100
2017.62192    -0.7479     4.5200
2017.62466     6.4912     4.4300
2017.62740    -8.5298     4.5000
2017.63014     5.6093     4.3500
2017.63288    -0.9616     4.4600
2017.63562    10.5975     4.6100
2017.63836    -3.4734     4.4700
2017.64110    20.3157     4.3700
2017.64384     2.6247     4.4200
2017.64658     6.0338     4.8200
2017.64932     1.3729     4.4400
2017.65205     4.6720     4.3700
2017.65479     8.1511     4.5900
2017.65753    11.8602     4.5300
2017.66027     0.7493     4.7400
2017.66301    -4.8017     4.6800
2017.66575     4.2774     4.5600
2017.66849     2.7265     4.5100
2017.67123    12.6556     4.8000
2017.67397     3.1447     4.8100
2017.67671    11.2038     4.5000
2017.67945     9.3228     4.3400
2017.68219    14.9019     4.4600
2017.68493     4.5210     4.4400
2017.68767     2.1001     4.6300
2017.69041    10.2892     4.6800
2017.69315     3.1183     4.5900
2017.69589     8.1173     4.6800
2017.69863     5.8464     4.6700
2017.70137     0.8555     4.7400
2017.70411    11.2946     4.5000
2017.70685    10.3037     4.5900
2017.70959     2.3228     4.6600
2017.71233     0.0318     4.5600
2017.71507    18.7709     4.5600
2017.71781     2.1300     4.5100
2017.72055     0.7491     4.5300
2017.72329     4.3682     4.4600
2017.72603     0.5373     4.4000
2017.72877     6.0264     4.2600
2017.73151     2.3854     4.6300
2017.73425     3.5845     4.6300
2017.73699     2.2836     4.3800
2017.73973    -4.8173     4.4200
2017.74247   -10.2782     4.8500
2017.74521     1.6209     4.5800
2017.74795     8.9699     4.5900
2017.75068     9.0990     4.6800
2017.75342     6.6581     4.7700
2017.75616     9.4072     4.8300
2017.75890    -5.3037     4.7200
2017.76164     1.7154     4.4800
2017.76438     7.9544     4.7800
2017.76712    -2.7565     4.7000
2017.76986    11.1626     4.6300
2017.77260    -7.7583     4.6900
2017.77534    10.1908     4.8000
2017.77808    -1.3301     4.9000
2017.78082     0.7890     4.7900
2017.78356    -0.7820     5.2200
2017.78630    -1.7029     4.8400
2017.78904     6.8662     4.8800
2017.79178    -2.9747     4.6800
2017.79452    12.7744     4.6400
2017.79726    -5.7365     4.7100
2017.80000     4.1725     4.6100
2017.80274     0.1716     4.7900
2017.80548     1.5907     4.6900
2017.80822    -1.0402     4.6600
2017.81096     4.9189     4.8000
2017.81370     6.7180     4.5500
2017.81644     1.5870     4.4500
2017.81918     4.2461     4.8300
2017.82192    -4.0848     4.6700
2017.82466    -2.0857     4.7300
2017.82740    -4.7866     4.6200
2017.83014     1.7125     4.7400
2017.83288    -2.9985     4.7200
2017.83562     7.9906     4.7000
2017.83836     5.8397     4.7600
2017.84110    -1.1212     4.6900
2017.84384    -0.5921     4.6600
2017.84658     2.6870     4.7300
2017.84932     0.9661     4.6300
2017.85205     2.2451     4.6100
2017.85479    -4.1158     4.7200
2017.85753     1.9433     4.8600
2017.86027     3.2624     4.6800
2017.86301     2.9415     4.4300
2017.86575     0.3506     4.5200
2017.86849    -2.0804     4.5200
2017.87123     4.4887     4.3600
2017.87397     3.1778     4.5800
2017.87671     5.6869     4.6800
2017.87945    -2.7540     4.6900
2017.88219     3.7851     4.7200
2017.88493     5.3841     4.4900
2017.88767    -4.1968     4.5200
2017.89041    -1.6077     4.7400
2017.89315    -1.1586     4.5700
2017.89589     1.1905     4.5600
2017.89863     2.9196     4.6200
2017.90137     4.6387     4.4000
2017.90411     2.9577     4.5900
2017.90685    11.3668     4.5000
2017.90959     2.7959     4.5700
2017.91233     6.2850     4.5400
2017.91507     8.7641     4.6600
2017.91781     6.9432     4.5500
2017.92055    12.9322     4.6700
2017.92329     4.0613     4.5400
2017.92603     2.5404     4.4900
2017.92877     5.2795     4.6400
2017.93151    13.8086     4.5200
2017.93425     5.7077     4.6400
2017.93699     8.5667     4.5200
2017.93973     2.8158     4.5000
2017.94247     5.6949     4.6200
2017.94521     6.8440     4.5500
2017.94795     4.2131     4.5800
2017.95068     3.7122     4.6200
2017.95342     2.8912     4.6300
2017.95616    -0.8997     4.5400
2017.95890     0.5294     4.6000
2017.96164    13.7285     4.6200
2017.96438     0.4276     4.9100
2017.96712     4.3567     4.6600
2017.96986     4.5658     4.5600
2017.97260     8.7248     4.5200
2017.97534     8.9739     4.4900
2017.97808     9.7130     4.5100
2017.98082     6.1321     4.4600
2017.98356     9.3112     4.5300
2017.98630     1.3003     4.5600
2017.98904    11.1493     4.6700
2017.99178     8.7384     4.4500
2017.99452     0.6475     4.5200
2017.99726     3.9566     4.5500
2018.00000     7.8657     4.6400
2018.00274     6.0448     4.4600
2018.00548     7.7238     4.5500
2018.00822     4.9429     4.6000
2018.01096     9.8320     4.6300
2018.01370    10.9611     4.6600
2018.01644     7.3402     4.5600
2018.01918     3.9093     4.6500
2018.02192     2.2584     4.5800
2018.02466     5.6774     4.4800
2018.02740     5.9865     4.6000
2018.03014     5.8456     4.4300
2018.03288     9.0247     4.4400
2018.03562     5.0638     4.3800
2018.03836     6.5129     4.4500
2018.04110    12.9919     4.5000
2018.04384     3.0910     4.5000
2018.04658     7.4701     4.4000
2018.04932     4.2892     5.8000
2018.05205     9.2083     4.4100
2018.05479    12.6674     4.5300
2018.05753     8.4464     4.5400
2018.06027     5.8155     4.5800
2018.06301     8.6246     4.5000
2018.06575     4.6237     4.6800
2018.06849     3.6328     4.5300
2018.07123    15.7419     4.6700
2018.07397     2.7109     4.4500
2018.07671    -1.5400     4.6900
2018.07945     5.4491     4.5600
2018.08219    -2.5318     4.5100
2018.08493     2.9073     4.6900
2018.08767     2.4864     4.6100
2018.09041    -1.0445     4.5300
2018.09315     8.0145     4.5600
2018.09589     3.1236     4.4900
2018.09863    -1.3473     4.6100
2018.10137    -0.9082     4.5400
2018.10411     2.9809     4.6900
2018.10685    10.8600     4.5300
2018.10959     5.4990     4.4800
2018.11233     5.2881     4.5300
2018.11507    -4.4328     4.6200
2018.11781     0.9463     4.4600
2018.12055     9.8854     4.4300
2018.12329    24.3945     4.5200
2018.12603     2.4635     4.6500
2018.12877    11.2126     4.4500
2018.13151     5.6317     4.4400
2018.13425     8.2608     4.5000
2018.13699    10.0999     4.5400
2018.13973     6.4790     4.6100
2018.14247     8.8681     4.4800
2018.14521    -2.1529     4.5800
2018.14795     1.8762     4.6500
2018.15068     5.1353     4.3500
2018.15342    10.7844     4.4500
2018.15616     3.9335     4.5900
2018.15890     7.0126     4.5100
2018.16164     5.0616     4.5000
2018.16438    10.8807     4.5900
2018.16712    17.7498     4.6400
2018.16986     7.3489     4.5700
2018.17260     7.8980     4.5100
2018.17534     0.8371     4.4900
2018.17808    -0.4039     4.5500
2018.18082     4.6652     4.8000
2018.18356    12.5543     4.6000
2018.18630     4.2734     4.7000
2018.18904     4.1125     4.7900
2018.19178     6.7616     4.5400
2018.19452     5.5006     4.8000
2018.19726     8.3897     4.6300
2018.20000     5.0588     5.0600
2018.20274     7.5279     4.7100
2018.20548     0.5170     4.7000
2018.20822     4.8661     4.7000
2018.21096     9.1652     5.1500
2018.21370     8.6442     4.7100
2018.21644     5.1933     4.6500
2018.21918    10.7224     4.6100
2018.22192     4.8715     4.6200
2018.22466     3.5806     4.6100
2018.22740     2.6397     4.8800
2018.23014     5.0287     4.4700
2018.23288     5.8078     4.9500
2018.23562    13.4669     5.5000
2018.23836     3.1460     4.4600
2018.24110     4.3851     4.4700
2018.24384    15.9042     4.4900
2018.24658     6.7232     4.4400
2018.24932     6.8123     4.3700
2018.25205     7.2214     4.4600
2018.25479     5.4905     4.4700
2018.25753     8.5196     4.6500
2018.26027     0.0387     4.6500
2018.26301    -0.3123     4.4400
2018.26575     4.5268     4.4900
2018.26849     2.6959     4.4400
2018.27123     5.0250     4.3700
2018.27397     8.4641     4.6400
2018.27671     0.5632     4.5900
2018.27945     7.6123     4.8900
2018.28219     6.0013     4.7100
2018.28493     5.0504     4.5100
2018.28767     1.9395     4.5000
2018.29041     8.5786     4.6300
2018.29315     5.7677     4.7300
2018.29589     9.1468     4.6200
2018.29863     6.3358     4.6600
2018.30137     3.8149     4.4300
2018.30411     7.2640     4.5300
2018.30685    -1.8969     4.5300
2018.30959    13.4222     4.4500
2018.31233     5.5413     4.2900
2018.31507     4.5903     7.6500
2018.31781    -0.8306     4.3800
2018.32055     5.9485     4.2900
2018.32329     6.8876     4.2600
2018.32603     2.7267     4.3400
2018.32877     8.5858     4.5100
2018.33151     0.2449     4.3500
2018.33425    -4.4161     4.4000
2018.33699     9.0330     4.4300
2018.33973     6.3021     4.2100
2018.34247     5.5112     4.1800
2018.34521    10.7503     4.4400
2018.34795     3.4994     4.6300
2018.35068    -0.1416     4.5100
2018.35342     1.2875     4.3100
2018.35616     9.6866     4.5600
2018.35890     1.6757     4.2800
2018.36164    12.4648     4.2400
2018.36438     0.5539     4.2800
2018.36712     2.0929     4.3800
2018.36986     8.7220     4.4400
2018.37260    11.5411     4.4800
2018.37534     1.0002     4.4700
2018.37808    -4.9007     4.3900
2018.38082     3.5384     4.5900
2018.38356    -1.1826     4.3800
2018.38630     1.7865     4.3100
2018.38904    13.9356     4.4700
2018.39178    18.2147     4.4700
2018.39452    10.8938     4.3000
2018.39726    -0.5971     4.5100
2018.40000     5.5120     4.4400
2018.40274     9.9110     4.5900
2018.40548     8.1301     4.4100
2018.40822     6.4092     4.4000
2018.41096     6.6383     4.3800
2018.41370     6.9474     4.5100
2018.41644     1.7165     4.3500
2018.41918     3.3055     4.4600
2018.42192     2.7546     4.4700
2018.42466     6.3737     4.4200
2018.42740     4.8528     4.5800
2018.43014     8.8619     4.6500
2018.43288     2.7310     4.4000
2018.43562     5.3500     4.5300
2018.43836    21.7991     4.8100
2018.44110     5.1082     4.4700
2018.44384    16.7973     4.5900
2018.44658    -1.7236     4.3600
2018.44932    -2.0645     4.9400
2018.45205     1.8546     4.3500
2018.45479     8.0336     4.5800
2018.45753     8.3327     4.5300
2018.46027     7.1418     4.7600
2018.46301     0.3709     4.4700
2018.46575    11.3500     4.4400
2018.46849     9.8091     4.3900
2018.47123    -3.0919     4.6100
2018.47397     4.1472     4.4700
2018.47671     4.2563     4.3000
2018.47945     3.8554     4.4300
2018.48219    -1.2655     4.4400
2018.48493     1.1536     4.5300
2018.48767     1.3726     4.3000
2018.49041     1.5117     4.3300
2018.49315     7.3308     4.6300
2018.49589    -5.2501     4.9000
2018.49863     9.7790     4.8400
2018.50137     7.3481     5.1000
2018.50411     5.2671     4.7200
2018.50685    13.1562     4.4900
2018.50959     6.6453     4.4200
2018.51233     3.3244     4.6500
2018.51507     3.2435     4.6900
2018.51781    -2.4074     4.3700
2018.52055     0.7217     6.0300
2018.52329    22.6707     4.8000
2018.52603     3.7198     4.5000
2018.52877   -14.5711     4.4700
2018.53151    -0.7020     4.4200
2018.53425    -0.1129     4.5600
2018.53699     0.1862     5.7500
2018.53973     1.8052     4.3500
2018.54247    13.2143     4.3900
2018.54521     5.6434     4.5300
2018.54795    -6.8975     4.8800
2018.55068     8.1516     4.6300
2018.55342     0.5907     4.5000
2018.55616    14.3997     4.6000
2018.55890    -1.5012     4.4900
2018.56164    -0.7721     4.6000
2018.56438     2.3470     4.5700
2018.56712     6.5461     6.3200
2018.56986    26.2252     4.8100
2018.57260     7.2043     4.8800
2018.57534     7.6833     4.5600
2018.57808     3.3324     4.7900
2018.58082    11.3115     4.8700
2018.58356     2.4306     4.8300
2018.58630    -3.4403     4.6600
2018.58904     0.0188     4.5000
2018.59178     3.6778     4.5000
2018.59452     0.0869     4.6900
2018.59726     0.9360     4.6900
2018.60000    -1.3849     4.8400
2018.60274     6.6242     4.9000
2018.60548    -3.1367     4.9500
2018.60822    15.9823     4.7500
2018.61096    23.6614     4.7200
2018.61370    -1.5195     4.5100
2018.61644    -3.0704     4.6600
2018.61918     0.9587     5.0100
2018.62192     4.3078     4.8900
2018.62466    -4.8532     4.5700
2018.62740    17.7759     4.5900
2018.63014    -1.7050     4.5000
2018.63288     4.0741     4.6800
2018.63562     5.0932     4.6200
2018.63836     4.3623     5.0000
2018.64110     3.3814     5.2900
2018.64384     5.9304     6.2800
2018.64658    -0.5205     4.5100
2018.64932     8.7286     4.6700
2018.65205    -3.5623     4.7500
2018.65479    -3.4632     4.8100
2018.65753     3.0859     4.7700
2018.66027     8.2749     4.6100
2018.66301     6.7740     4.4600
2018.66575     5.4831     4.5200
2018.66849    -8.4178     4.5900
2018.67123    -9.0987     4.6500
2018.67397    -2.1896     4.5100
2018.67671     3.6394     4.8200
2018.67945    -1.9315     4.9100
2018.68219    -0.9824     4.9700
2018.68493     4.1767     4.6400
2018.68767    -7.4442     4.6600
2018.69041     3.5549     4.5700
2018.69315     0.2240     4.7400
2018.69589     1.0430     4.7400
2018.69863    -2.6079     4.6000
2018.70137    -7.3188     5.1600
2018.70411     1.7403     4.8200
2018.70685     2.8294     4.8200
2018.70959    -1.1415     4.9100
2018.71233    -5.7425     4.8400
2018.71507     7.2866     4.6300
2018.71781     1.3357     4.7700
2018.72055     7.5148     4.9400
2018.72329    -7.6061     4.7100
2018.72603     0.3130     4.9200
2018.72877    -0.4580     4.5800
2018.73151    -1.9989     4.8100
2018.73425    -7.4798     4.7900
2018.73699   -10.4507     4.9800
2018.73973     4.1284     4.8200
2018.74247     1.3075     4.8100
2018.74521     4.5765     4.5600
2018.74795     4.6256     4.5900
2018.75068   -11.9553     4.8100
2018.75342    -4.6162     4.6700
2018.75616     1.9029     4.7800
2018.75890     1.5820     4.5500
2018.76164     0.8111     4.4300
2018.76438     3.9801     4.9100
2018.76712    10.4592     4.6500
2018.76986    -3.3117     4.6600
2018.77260    12.4274     4.6700
2018.77534    -0.3435     4.6800
2018.77808     4.8556     4.9900
2018.78082    14.9046     4.8800
2018.78356     1.2737     4.6900
2018.78630     2.0528     4.7200
2018.78904     8.9719     4.7200
2018.79178     8.0710     4.8100
2018.79452     4.5601     4.7500
2018.79726     0.7191     4.7400
2018.80000    -2.6018     4.7800
2018.80274     2.7573     4.6800
2018.80548     3.3564     4.7500
2018.80822     6.0155     4.7200
2018.81096     5.7646     5.1200
2018.81370     2.3337     4.7500
2018.81644    -4.6673     4.7000
2018.81918    -2.2182     4.5600
2018.82192     2.7909     4.7300
2018.82466    -4.2900     4.6500
2018.82740     2.2191     4.8600
2018.83014   -14.6018     4.8900
2018.83288    -2.5328     5.0100
2018.83562    17.0663     4.7800
2018.83836    -3.8746     4.9500
2018.84110    -4.8955     4.8500
2018.84384    -3.8264     4.8700
2018.84658    -6.3473     4.7400
2018.84932     3.3817     4.7700
2018.85205     1.6908     4.9500
2018.85479     8.6599     4.7000
2018.85753     2.0690     4.9900
2018.86027    -3.3719     4.9400
2018.86301    -2.4528     4.9800
2018.86575    10.9662     4.9700
2018.86849     5.3153     4.7600
2018.87123     2.3344     4.7800
2018.87397    -1.7465     4.8700
2018.87671     4.6026     5.0900
2018.87945    10.0217     4.9600
2018.88219     3.0508     5.1100
2018.88493     2.9998     5.0200
2018.88767    -6.2311     4.9400
2018.89041    -1.8020     4.9300
2018.89315     0.3871     5.2800
2018.89589     1.2762     5.2100
2018.89863    -3.4547     5.2000
2018.90137     5.2143     5.1000
2018.90411    -3.6666     5.1500
2018.90685     5.1225     5.1300
2018.90959    -0.9784     4.9400
2018.91233    -2.1293     5.8100
2018.91507     1.2898     5.0800
2018.91781    -1.2212     5.1300
2018.92055    -7.7421     5.0300
2018.92329     3.1670     5.0900
2018.92603     2.6461     5.1200
2018.92877     4.9552     5.0400
2018.93151     4.3943     5.0600
2018.93425    -1.3666     4.9300
2018.93699    -1.3976     5.3800
2018.93973    -8.6685     4.9000
2018.94247     1.6606     5.0900
2018.94521    -3.2603     4.9600
2018.95068     4.0679     5.0100
2018.95342    -0.0531     4.8100
2018.95616     4.7260     5.0400
2018.95890     3.0151     4.6200
2018.96164    -3.9658     5.0400
2018.96438     0.7433     4.9900
2018.96712    11.0524     4.8700
2018.96986     4.2514     5.3300
2018.97260    -2.8795     5.0900
2018.97534     3.3196     5.0400
2018.97808    -5.2813     5.0400
2018.98082    -1.3922     4.8500
2018.98356    -2.3131     5.1900
2018.98630     5.7159     5.2200
2018.98904     2.0650     5.1100
2018.99178    -3.7759     5.2100
2018.99452     2.0032     5.2100
2018.99726    -2.9377     5.2100
2019.00000     1.0714     4.9800
2019.00274     3.0105     5.1700
2019.00548    -5.4605     5.0800
2019.00822     5.4686     4.9800
2019.01096     0.4277     4.9500
2019.01370     5.9368     4.9900
2019.01644     1.8059     5.2000
2019.01918     0.9250     5.0400
2019.02192     3.7740     5.2000
2019.02466     6.7031     5.1600
2019.02740     5.7222     5.1000
2019.03014    -1.2187     5.3700
2019.03288    -1.7196     5.0900
2019.03562     3.1295     5.0400
2019.03836     0.4185     5.1400
2019.04110    -0.5324     5.0100
2019.04384     3.8467     5.2300
2019.04658     2.1658     5.0100
2019.04932    10.2049     5.0400
2019.05205     3.4640     5.4900
2019.05479    -3.9270     5.3500
2019.05753    -1.1179     5.2800
2019.06027     4.2212     5.1600
2019.06301     4.5103     5.3700
2019.06575    -0.0306     5.1100
2019.06849     6.5785     5.3000
2019.07123     6.6476     5.2400
2019.07397    14.5366     5.0900
2019.07671     3.4857     5.2100
2019.07945    -0.9052     4.9900
2019.08219     6.7439     5.3000
2019.08493    11.2130     5.2700
2019.08767     8.2321     5.1800
2019.09041     0.0511     5.2000
2019.09315    14.7302     5.0700
2019.09589     8.7593     5.5300
2019.09863     7.3584     5.0700
2019.10137    11.0675     5.3400
2019.10411     3.1466     5.6100
2019.10685    -1.6144     5.2900
2019.10959    -1.1253     5.2000
2019.11233    -0.6662     5.3500
2019.11507     6.9629     5.4500
2019.11781     0.2820     5.4700
2019.12055    -0.7889     5.5400
2019.12329     4.7202     5.4500
2019.12603     3.4992     5.3000
2019.12877     1.1583     5.2600
2019.13151     9.4774     5.1300
2019.13425     2.8065     5.3100
2019.13699    15.3256     5.3100
2019.13973     5.1547     5.3000
2019.14247     1.8937     5.3000
2019.14521     7.9528     5.0600
2019.14795     0.4619     5.4700
2019.15068     3.6610     5.4000
2019.15342     8.9801     5.2800
2019.15616     2.5892     5.2300
2019.15890     3.4482     5.2800
2019.16164    -0.6327     5.2900
2019.16438     8.9764     5.2600
2019.16712     7.2555     5.5300
2019.16986     5.8546     5.2200
2019.17260     4.3637     5.7000
2019.17534     8.9027     5.4100
2019.17808     2.8018     5.5400
2019.18082    -0.7491     5.4400
2019.18356    14.6100     5.6800
2019.18630     4.6591     5.5400
2019.18904     2.3082     5.4100
2019.19178     5.3873     5.2800
2019.19452     4.5063     5.2100
2019.19726    -4.1346     5.3600
2019.20000    -5.6155     5.5100
2019.20274     0.3336     6.2100
2019.20548     3.6927     6.1200
2019.20822     2.4918     5.3900
2019.21096    11.4808     5.2000
2019.21370    -4.9901     5.1400
2019.21644     4.9290     5.2600
2019.21918     3.6681     5.1100
2019.22192    -3.3428     5.3200
2019.22466     1.0463     4.9700
2019.22740     1.1353     5.2900
2019.23014    -5.4756     5.1100
2019.23288    -0.7165     4.9400
2019.23562     8.4226     5.0000
2019.23836     4.5617     5.1500
2019.24110     2.0108     5.2400
2019.24384    -3.0901     5.3700
2019.24658    -6.2211     5.2100
2019.24932    -3.0120     5.1000
2019.25205     2.8571     5.2300
2019.25479    -0.0738     5.1900
2019.25753    -2.9847     5.1700
2019.26027    11.4044     5.1700
2019.26301     3.1734     5.2700
2019.26575    -4.9475     5.1600
2019.26849    -0.9384     5.3000
2019.27123    -6.1193     5.6400
2019.27397    -7.6902     5.3300
2019.27671    -6.3011     5.4000
2019.27945     5.9979     5.2000
2019.28219    -1.8130     5.1600
2019.28493    -4.8439     5.0900
2019.28767     0.2152     5.1000
2019.29041     1.0443     5.0000
2019.29315    -4.6366     5.2900
2019.29589     5.0224     5.6600
2019.29863    10.8015     5.3200
2019.30137     1.3306     5.2800
2019.30411    -8.8403     5.4500
2019.30685    -9.3412     5.1100
2019.30959   -12.3621     5.1100
2019.31233    -3.3130     5.7100
2019.31507    -4.7040     5.3400
2019.31781    -8.9449     5.4400
2019.32055    -9.7358     5.3900
2019.32329   -10.7867     5.2700
2019.32603     2.1024     5.4700
2019.32877     3.8915     5.3600
2019.33151     0.6105     5.5900
2019.33425    -5.1604     5.6900
2019.33699    -5.2113     5.3200
2019.33973    -5.6522     5.3500
2019.34247    -9.5831     5.4900
2019.34521    -7.5640     5.5200
2019.34795     0.3050     5.5200
2019.35068    -5.0159     5.3900
2019.35342    11.1532     5.4500
2019.35616    -1.3277     5.7400
2019.35890    -8.4686     5.6800
2019.36164     2.6705     5.4800
2019.36438    -2.1304     5.6800
2019.36712     9.4086     5.4400
2019.36986    12.5977     5.6400
2019.37260     3.7768     5.6300
2019.37534    10.3559     5.9000
2019.37808     2.6950     5.6700
2019.38082    -7.1359     5.9700
2019.38356    -2.5569     5.4700
2019.38630    -0.6578     5.6600
2019.38904     0.2213     5.5800
2019.39178   -11.7596     5.7100
2019.39452    -7.6205     5.7900
2019.39726     2.1286     5.4600
2019.40000     6.1476     5.4400
2019.40274     1.1467     5.8400
2019.40548     0.0958     5.6200
2019.40822    -0.6551     5.3800
2019.41096     1.3040     5.5900
2019.41370    -1.3969     5.5400
2019.41644     4.7821     5.6100
2019.41918     4.9212     5.9700
2019.42192    -8.3497     5.6100
2019.42466    -2.4906     5.6900
2019.42740    -4.1415     5.8700
2019.43014    -8.5724     5.7000
2019.43288    -6.9233     5.5400
2019.43562    -1.8743     6.0000
2019.43836   -19.9452     6.0000
2019.44110     4.0339     6.2100
2019.44384    -8.7170     5.8500
2019.44658   -21.0479     6.2200
2019.44932   -17.6888     7.8600
2019.45205   -10.3698     5.7300
2019.45479   -12.7107     5.8200
2019.45753    -4.8316     5.7900
2019.46027     0.9775     5.5800
2019.46301    -4.3234     6.4600
2019.46575     2.4957     6.5800
2019.46849    -7.3753     6.0300
2019.47123    -9.1562     6.0800
2019.47397   -19.4671     5.9600
2019.47671   -27.0280     5.9400
2019.47945    -8.5589     6.0900
2019.48219    -7.2598     5.7600
2019.48493   -11.6107     6.0200
2019.48767    -2.3617     6.1100
2019.49041   -20.4326     6.2500
2019.49315    -3.1235     5.8500
2019.49589    12.0156     6.0900
2019.49863    -5.4253     6.5400
2019.50137     5.3738     6.2200
2019.50411    14.2328     6.4600
2019.50685    -0.5281     5.9900
2019.50959    12.4710     6.2100
2019.51233   -13.3799     5.8800
2019.51507     2.8592     6.1500
2019.51781    22.0283     6.8400
2019.52055    -9.5527     7.2600
2019.52329    -2.7836     5.8600
2019.52603     1.8155     5.9500
2019.52877    -0.5854     5.8900
2019.53151     6.9037     5.8900
2019.53425   -15.3972     5.9300
2019.53699    -0.6382     5.9700
2019.53973   -15.1791     6.0800
2019.54247    -3.7600     7.0200
2019.54521    -5.1009     7.0100
2019.54795   -11.2318     6.2800
2019.55068    -2.8727     6.6100
2019.55342     9.0864     5.9700
2019.55616    -7.5946     6.2800
2019.55890   -18.3955     6.5000
2019.56164     5.6736     6.1000
2019.56438     3.4127     6.1000
2019.56712    11.4118     6.1200
2019.56986     7.2009     6.1500
2019.57260     2.3899     6.0900
2019.57534     0.1890     6.1100
2019.57808     7.8181     6.2200
2019.58082    14.5672     6.1800
2019.58356     1.4063     5.8800
2019.58630     7.3154     6.1000
2019.58904    13.7244     6.1400
2019.59178    10.6335     6.1700
2019.59452    19.9726     6.0800
2019.59726    17.8817     6.5000
2019.60000     7.6608     6.0300
2019.60274     3.3799     5.8400
2019.60548    10.9990     6.3800
2019.60822    -1.7820     6.3800
2019.61096    18.6871     6.9100
2019.61370   -23.8838     6.7300
2019.61644    18.2753     6.9400
2019.61918   -17.7156     7.1400
2019.62192    10.9935     6.9300
2019.62466     2.1125     6.0400
2019.62740    -6.3384     6.5400
2019.63014     8.9707     6.4300
2019.63288    -1.6802     6.1700
2019.63562     5.2889     5.9400
2019.63836     5.0780     5.9400
2019.64110   -15.2230     7.9100
2019.64384     5.8061     7.1500
2019.64658    -0.5548     6.1200
2019.64932    16.9943     5.9200
2019.65205     4.1134     6.2600
2019.65479     5.3225     6.2100
2019.65753     2.5515     6.4800
2019.66027     4.7006     6.4900
2019.66301     9.1697     6.5700
2019.66575     3.1488     6.0900
2019.66849     0.2379     5.9500
2019.67123    -1.7830     6.5700
2019.67397    19.5961     6.1800
2019.67671     5.4551     6.3200
2019.67945    -8.6058     7.0200
2019.68219    13.2833     6.2600
2019.68493    -3.3976     6.3000
2019.68767     9.4315     7.5000
2019.69041    10.2406     6.9200
2019.69315     4.4196     6.6900
2019.69589    18.7187     6.2000
2019.69863    18.5378     6.4300
2019.70137     4.3569     7.2500
2019.70411     7.2860     6.7900
2019.70685    11.5451     6.4700
2019.70959    -0.4659     6.2800
2019.71233    -0.9068     6.0800
2019.71507     8.8223     5.9300
2019.71781     3.7814     6.5100
2019.72055    16.4305     6.6200
2019.72329     5.3896     6.5000
2019.72603    -4.9114     5.9100
2019.72877     1.2177     6.6100
2019.73151     9.7868     6.3000
2019.73425    17.2359     6.2100
2019.73699     9.2350     6.5300
2019.73973     6.2841     7.1000
2019.74247     4.8932     6.7800
2019.74521     1.9022     6.7000
2019.74795    -4.9287     6.9800
2019.75068    -0.1596     7.0900
2019.75342    -4.2105     7.4000
2019.75616   -13.8514     7.2100
2019.75890     3.8177     6.8300
2019.76164    -9.6233     6.7800
2019.76438    -0.4042     6.9400
2019.76712     7.5949     6.5600
2019.76986    11.9340     6.9700
2019.77260     4.7331     6.4400
2019.77534    12.6122     6.7900
2019.77808   -10.5988     6.8400
2019.78082     8.8603     6.5000
2019.78356    -2.7006     6.7300
2019.78630     9.5785     6.4000
2019.78904    -1.0624     6.7500
2019.79178    -0.3533     6.5000
2019.79452     7.4058     6.9400
2019.79726    10.1148     6.6900
2019.80000    -5.2661     6.8600
2019.80274    25.3930     6.9000
2019.80548    14.5421     6.6000
2019.80822     7.3912     6.8800
2019.81096     2.8603     6.9600
2019.81370    10.0593     6.9100
2019.81644     9.8184     6.6900
2019.81918     4.3775     6.7800
2019.82192     0.1266     6.6500
2019.82466     4.1057     6.2800
2019.82740     2.5148     6.8200
2019.83014    19.5638     6.9700
2019.83288    12.1329     7.1500
2019.83562     6.3720     6.6300
2019.83836     6.6711     6.7600
2019.84110     9.4902     7.0100
2019.84384    11.9093     7.4100
2019.84658    13.0283     6.9400
2019.84932     9.1474     6.9800
2019.85205     0.9265     6.7000
2019.85479    -6.9144     6.6500
2019.85753     0.7447     6.6300
2019.86027    15.5838     6.4700
2019.86301     7.4629     6.6200
2019.86575     3.0719     6.7800
2019.86849     0.8310     6.6800
2019.87123    12.0501     6.5800
2019.87397     9.0192     6.3400
2019.87671     5.4583     7.1400
2019.87945     1.0674     6.9600
2019.88219     9.4364     7.0400
2019.88493    -1.4845     6.7800
2019.88767    -9.0754     7.0200
2019.89041    17.9837     6.8500
2019.89315     8.0928     6.7600
2019.89589    -0.2981     7.1500
2019.89863    -7.8791     7.0100
2019.90137     4.6100     6.8300
2019.90411     8.8891     7.0400
2019.90685    10.4782     6.8100
2019.90959     6.9673     6.8900
2019.91233    -0.5236     6.9700
2019.91507     7.6155     7.0600
2019.91781    11.2145     6.9900
2019.92055     2.3636     6.9300
2019.92329    -1.3873     7.0000
2019.92603    15.1718     7.1200
2019.92877     2.7509     7.3300
2019.93151     2.5300     7.0500
2019.93425    -5.3710     7.1900
2019.93699     6.7681     6.6600
2019.93973    -1.9828     7.1600
2019.94247    14.7163     7.3000
2019.94521     4.0954     7.2300
2019.94795    12.0445     7.2300
2019.95068    12.8635     7.2100
2019.95342     1.6626     7.0000
2019.95616    11.2017     6.9900
2019.95890    15.8908     6.7500
2019.96164    14.1899     7.1100
2019.96438     7.6590     7.2800
2019.96712    14.6680     7.3100
2019.96986    10.6171     6.6400
2019.97260    20.7662     6.6900
2019.97534    15.4453     6.8100
2019.97808    11.0144     7.1200
2019.98082    14.6535     7.0300
2019.98356    14.5626     7.0000
2019.98630     8.3416     6.7700
2019.98904    11.2107     6.9900
2019.99178     5.8298     7.0500
2019.99452     4.4189     7.0300
2019.99726    13.0980     6.6600
2020.00000     8.6271     6.5900
2020.00273    17.6661     6.6700
2020.00546    13.2352     6.5300
2020.00820    21.2143     6.7700
2020.01093    14.5434     6.6300
2020.01366    12.2925     6.5600
2020.01639    18.9916     6.5800
2020.01913    11.1507     6.2400
2020.02186    22.1998     6.8100
2020.02459    19.5288     6.3200
2020.02732    25.7279     6.6400
2020.03005     2.5970     6.8200
2020.03279    10.6361     6.9200
2020.03552     3.5752     6.5700
2020.03825    15.6843     6.4300
2020.04098    29.4534     6.7300
2020.04372    10.7124     6.9700
2020.04645     9.9915     6.7500
2020.04918     4.5606     6.4300
2020.05191    15.6397     6.3400
2020.05464    14.6988     6.2400
2020.05738    16.1079     6.2000
2020.06011    11.4670     6.2000
2020.06284    22.2260     6.6900
2020.06557     9.0851     6.6200
2020.06831    13.8742     6.5300
2020.07104     6.2933     6.4400
2020.07377    -3.7776     6.7200
2020.07650    13.6815     6.8600
2020.07923    11.8206     6.7700
2020.08197    11.6497     6.3300
2020.08470     7.2187     6.3000
2020.08743    -1.8922     6.5200
2020.09016    13.8769     6.3900
2020.09290    14.3760     6.5700
2020.09563     5.3551     6.6000
2020.09836    16.2242     6.3800
2020.10109    14.4433     6.5500
2020.10383     1.1423     6.4300
2020.10656     8.2514     6.3800
2020.10929    12.1005     6.1600
2020.11202     2.3796     6.3600
2020.11475    11.6487     6.1500
2020.11749     7.1078     6.5200
2020.12022    13.3669     6.8400
2020.12295    16.1060     6.6900
2020.12568    14.6650     6.6300
2020.12842     6.4641     6.8700
2020.13115     4.9832     7.1700
2020.13388     5.4623     6.8300
2020.13661    -2.2686     6.9500
2020.13934     1.7905     6.9500
2020.14208    -0.3104     6.7300
2020.14481     3.8786     6.8000
2020.14754    -2.6123     6.7900
2020.15027    14.6468     6.6000
2020.15301     5.0659     6.6700
2020.15574     3.7150     6.6600
2020.15847    -0.4559     6.7000
2020.16120     0.9732     6.7300
2020.16393    12.5923     6.7600
2020.16667    -0.4487     6.8300
2020.16940     3.4404     6.7100
2020.17213     8.7995     6.8700
2020.17486    10.2686     6.7600
2020.17760    13.6977     6.6200
2020.18033    -5.5232     6.5500
2020.18306     3.6859     6.7200
2020.18579     5.1849     6.7300
2020.18852     0.9940     6.9000
2020.19126     0.3531     6.7700
2020.19399   -13.6778     6.6100
2020.19672    -0.2887     6.6400
2020.19945     0.6704     6.7400
2020.20219    -1.1505     6.9500
2020.20492    -4.0314     6.7000
2020.20765    -0.1724     6.7200
2020.21038    -0.6533     6.5800
2020.21311    -4.8142     7.5600
2020.21585    -9.2951     7.1100
2020.21858     1.2040     6.8900
2020.22131     4.5731     6.6500
2020.22404    -5.3678     6.7200
2020.22678     0.7412     6.5600
2020.22951    -0.6097     6.6100
2020.23224    16.5594     6.6300
2020.23497    -2.2015     6.9300
2020.23770     5.6476     6.8500
2020.24044    -9.8233     6.5200
2020.24317    -7.3342     6.6700
2020.24590     4.2349     6.4200
2020.24863     1.0639     6.5600
2020.25137    -9.8270     6.7000
2020.25410    -9.4079     6.6700
2020.25683    -1.6388     6.6700
2020.25956    -0.7597     6.5300
2020.26230     9.9694     6.6800
2020.26503     8.8385     5.3700
2020.26776    11.7775     5.3200
2020.27049     4.9266     5.4100
2020.27322     3.1657     5.6700
2020.27596     8.8748     5.5200
2020.27869     1.7839     5.5200
2020.28142     5.1530     5.4300
2020.28415     7.5221     5.4800
2020.28689    15.2011     5.3100
2020.28962     7.5902     5.0100
2020.29235    17.8093     5.1300
2020.29508    10.0584     5.1000
2020.29781    10.6175     5.1200
2020.30055     4.7266     5.1400
2020.30328    13.6557     5.3000
2020.30601     8.0648     4.9900
2020.30874     8.2338     5.3000
2020.31148     0.8629     5.4000
2020.31421     3.6720     5.2600
2020.31694    11.5011     5.0600
2020.31967     6.6602     5.2100
2020.32240    -1.6707     5.2800
2020.32514    -0.9216     5.2500
2020.32787     6.4974     5.3000
2020.33060    12.0865     5.2700
2020.33333    19.4356     5.1500
2020.33607    19.3147     5.1600
2020.33880    10.6038     5.3100
2020.34153     6.5929     5.5300
2020.34426    14.1020     5.4300
2020.34699    11.1711     5.2400
2020.34973    11.6201     5.4400
2020.35246    15.8392     5.3400
2020.35519     7.9183     5.3700
2020.35792    19.9374     5.2700
2020.36066    11.3265     5.6300
2020.36339    16.2256     5.2700
2020.36612    11.8647     5.1400
2020.36885     1.3837     5.2800
2020.37158    14.8428     5.4900
2020.37432    11.2219     5.3600
2020.37705     4.5910     5.2600
2020.37978    25.1901     5.4400
2020.38251    22.2192     5.2700
2020.38525     6.7483     5.5700
2020.38798    20.6574     5.6400
2020.39071     9.4564     5.2200
2020.39344    10.3255     5.1400
2020.39617     8.4746     5.2500
2020.39891    23.3137     5.9800
2020.40164    11.5828     5.5800
2020.40437     7.3919     5.5000
2020.40710     8.1710     5.3400
2020.40984     7.7000     5.2000
2020.41257     3.3091     5.2600
2020.41530    -2.0018     5.2000
2020.41803    11.8073     5.5400
2020.42077    11.5264     5.2400
2020.42350    23.8555     5.8200
2020.42623     6.7246     5.7300
2020.42896    10.2137     5.7600
2020.43169     4.5627     5.4400
2020.43443     7.3818     5.6500
2020.43716     9.0309     5.5600
2020.43989     8.8800     5.6100
2020.44262     0.8791     5.6500
2020.44536    18.1782     5.5400
2020.44809     8.3673     5.5500
2020.45082    13.1463     5.3400
2020.45355    13.1254     5.3900
2020.45628     4.7145     5.4100
2020.45902     7.1336     5.5500
2020.46175    -0.3673     5.3700
2020.46448     2.4018     5.3900
2020.46721    16.8709     5.4700
2020.46995    -3.4100     5.4700
2020.47268     0.5890     5.5200
2020.47541   -12.1119     5.7600
2020.47814     6.6472     5.7700
2020.48087     3.6263     5.4800
2020.48361    16.3254     5.5000
2020.48634     7.2945     5.3700
2020.48907    23.1136     5.7800
2020.49180     5.8426     5.5500
2020.49454     4.3417     5.8100
2020.49727    -0.7592     5.4600
2020.50000    18.3199     5.8500
2020.50273     6.9090     5.6400
2020.50546    20.5281     5.5600
2020.50820    12.7072     5.5700
2020.51093     7.6962     5.7500
2020.51366    21.4653     5.4900
2020.51639    22.4244     5.7900
2020.51913     2.9235     5.7600
2020.52186     8.3226     5.8100
2020.52459     9.2217     5.7400
2020.52732    24.6508     5.7200
2020.53005    10.4499     5.6300
2020.53279    13.7989     5.6500
2020.53552    18.0180     6.0100
2020.53825    31.8171     6.0800
2020.54098     7.2362     5.8200
2020.54372    20.7653     5.6300
2020.54645    20.2844     5.7100
2020.54918    19.4135     6.1700
2020.55191    15.1125     5.9000
2020.55464     1.1216     5.9100
2020.55738    26.3607     6.0900
2020.56011    19.3198     6.0900
2020.56284     9.5189     5.9900
2020.56557    18.4580     6.1600
2020.56831    17.2271     6.1400
2020.57104     7.3962     6.0400
2020.57377    13.6852     6.1200
2020.57650     6.6343     6.2500
2020.57923    11.1234     6.1100
2020.58197    15.3425     6.1800
2020.58470    17.2716     6.2400
2020.58743    18.5207     6.1100
2020.59016    17.4598     5.9400
2020.59290     3.9688     6.3700
2020.59563    17.7579     6.6600
2020.59836    20.0270     6.9500
2020.60109    15.1561     6.0300
2020.60383    10.7052     5.8000
2020.60656     2.9743     6.0200
2020.60929    15.6834     6.1700
2020.61202    16.6625     6.1900
2020.61475   -12.5785     7.2400
2020.61749    15.7906     5.8500
2020.62022     0.7397     5.9200
2020.62295     9.7488     6.4300
2020.62568    11.7679     6.2000
2020.62842    -5.1030     5.8700
2020.63115     6.4261     6.1700
2020.63388     2.8551     6.0800
2020.63661     5.2542     6.2200
2020.63934    12.5533     6.7700
2020.64208    19.7424     6.3300
2020.64481    17.1815     6.0800
2020.64754    30.6706     6.9300
2020.65027    17.6397     6.9900
2020.65301    34.6088     6.8600
2020.65574    -9.4822     6.7300
2020.65847     3.9269     6.4200
2020.66120    -3.4340     6.4000
2020.66393     7.9551     6.7700
2020.66667    -4.1158     6.5700
2020.66940     0.8133     6.5100
2020.67213     3.3624     6.5500
2020.67486    -5.5886     8.1000
2020.67760     0.2705     6.4500
2020.68033    -0.0004     6.3700
2020.68306     4.9487     6.6500
2020.68579    -3.8522     6.2700
2020.68852    -0.1531     6.1300
2020.69126     0.8260     6.4800
2020.69399     5.7251     7.1600
2020.69672    -8.7759     6.6300
2020.69945   -11.2968     6.3400
2020.70219     0.3023     6.3300
2020.70492    -3.2186     6.9400
2020.70765    -1.1895     6.8800
2020.71038     4.7796     6.7100
2020.71311    -2.1513     6.7100
2020.71585   -27.2623     6.5600
2020.71858    -5.5832     6.4700
2020.72131    -6.4741     6.2900
2020.72404     1.2750     6.1500
2020.72678     2.2541     6.3100
2020.72951    -6.2068     6.2300
2020.73224    -4.7677     6.2000
2020.73497    -5.6787     6.4400
2020.73770    -1.4596     6.5700
2020.74044     2.4795     6.3000
2020.74317    -1.0114     6.3500
2020.74590     1.7977     6.3400
2020.74863     0.2668     6.5500
2020.75137     0.8659     6.9400
2020.75410     0.3350     6.8900
2020.75683    -6.9360     6.4200
2020.75956     8.9031     6.5000
2020.76230     7.7722     6.7400
2020.76503     0.2313     6.7300
2020.76776     7.9004     7.0300
2020.77049     0.6195     6.7700
2020.77322     1.1086     6.7200
2020.77596    -2.9024     7.1000
2020.77869    14.2167     7.0100
2020.78142    -0.7542     6.8400
2020.78415   -11.1151     6.7900
2020.78689   -11.0960     6.3000
2020.78962    -6.4069     6.5800
2020.79235   -15.0978     6.9500
2020.79508   -12.0087     6.9600
2020.79781     8.7103     6.6400
2020.80055    -5.1506     6.6100
2020.80328     6.8285     6.7600
2020.80601    -5.4824     7.2000
2020.80874    -5.6033     6.9800
2020.81148    -3.2442     6.6600
2020.81421     4.7049     6.7300
2020.81694    -5.1861     6.6900
2020.81967   -12.5370     6.4600
2020.82240     3.8521     6.6700
2020.82514    14.7412     6.9300
2020.82787    -7.9197     7.0100
2020.83060     6.1894     6.8900
2020.83333   -10.1615     6.8200
2020.83607     2.1876     6.5400
2020.83880     1.5966     6.4500
2020.84153     1.8057     6.3600
2020.84426   -20.2752     6.6500
2020.84699    -1.0061     6.6100
2020.84973     2.5930     6.6400
2020.85246    -5.7379     6.7900
2020.85519    -2.2788     6.3400
2020.85792     4.2002     6.6200
2020.86066    -5.9007     6.4700
2020.86339   -11.0416     6.2200
2020.86612    -9.2525     6.4700
2020.86885    -4.1634     6.1900
2020.87158    -6.2743     5.9600
2020.87432     2.2448     6.0100
2020.87705     3.9939     6.0400
2020.87978    10.5429     6.1600
2020.88251    11.6620     5.9200
2020.88525     9.2011     6.2800
2020.88798     3.0402     6.1100
2020.89071     1.3993     6.0800
2020.89344    -3.8616     5.9600
2020.89617     3.9875     6.2800
2020.89891    15.5365     6.0700
2020.90164     6.7656     6.3200
2020.90437     0.0547     6.0500
2020.90710    -0.2762     6.4200
2020.90984    -1.5371     6.4500
2020.91257   -14.7180     6.5500
2020.91530     7.6511     6.3300
2020.91803    23.3202     6.6100
2020.92077    12.4592     7.0200
2020.92350    25.9983     6.6900
2020.92623    25.1574     6.6600
2020.92896    34.1365     6.5200
2020.93169    31.6056     6.7400
2020.93443    30.4547     6.9700
2020.94262    24.2919     7.4600
2020.94536    24.3710     6.1800
2020.94809    24.4401     6.2000
2020.95082     6.7992     6.3100
2020.95355    17.1183     6.2500
2020.95628    21.1574     6.1400
2020.95902    10.8164     5.9600
2020.96175    25.6255     6.4000
2020.96448    19.7346     6.1300
2020.96721    18.5037     6.1800
2020.96995    13.5928     6.4600
2020.97268    21.9819     6.4100
2020.97541    18.2010     6.3200
2020.97814    27.9701     6.3400
2020.98087    27.8591     6.2900
2020.98361    20.8882     6.4200
2020.98634    10.9373     6.3100
2020.98907    11.6564     6.1200
2020.99180    14.8555     6.3800
2020.99727    25.4337     7.8600
2021.00000    25.4427     6.0500
2021.00274    31.6118     5.9800
2021.00548    24.6309     6.1300
2021.00822    13.4000     5.8300
2021.01096    16.9491     5.7400
2021.01370    27.1382     5.9900
2021.01644     1.9273     6.0800
2021.01918    57.9763     6.2900
2021.02192   102.2154     5.9200
2021.02466    17.1345     5.7400
2021.02740    20.7536     5.9000
2021.03014    18.3627     5.8700
2021.03288    23.9318     5.8400
2021.03562    28.8908     5.8400
2021.03836    13.8499     5.5700
2021.04110    19.8490     5.6500
2021.04384    15.2381     5.9300
2021.04658    20.6872     5.7900
2021.04932    22.1663     5.6800
2021.05205    19.0653     5.9700
2021.05479    23.4244     5.9000
2021.05753    25.6735     7.4000
2021.06027    13.6426     5.7500
2021.06301    25.0217     5.6100
2021.06575    16.1908     5.7100
2021.06849    17.4599     5.5400
2021.07123    18.7389     5.8500
2021.07397    55.8880     5.7800
2021.07671    18.5071     5.5400
2021.07945    19.6662     5.7800
2021.08219    13.9753     5.3800
2021.08493     9.4744     5.7400
2021.08767    58.8534     5.9600
2021.09041    13.5125     5.4500
2021.09315     7.3616     5.7400
2021.09589    10.4307     5.4500
2021.09863    15.4098     5.7500
2021.10137    14.7589     5.6800
2021.10411    13.5379     5.8000
2021.10685    19.0870     5.6000
2021.10959    18.1461     6.0900
2021.11233    21.6452     6.3700
2021.11507    19.7743     5.6700
2021.11781    16.2934     5.7900
2021.12055    15.0824     5.6500
2021.12329     8.0915     5.9700
2021.12603     4.2706     5.8700
2021.12877    10.1797     5.7200
2021.13151    10.7088     6.1500
2021.13425    39.7579     6.0700
2021.13699    17.1270     5.7300
2021.13973    12.3560     5.8200
2021.14247     2.5651     5.8800
