2015.70137     3.9166     1.1800
2015.70411     5.0995     0.9200
2015.70685     4.6825     0.9700
2015.70959     4.6355     0.9300
2015.71233     5.4684     0.9300
2015.71507     3.3114     0.9300
2015.71781     4.0043     0.9400
2015.72055     5.8873     0.9500
2015.72329     3.6103     0.9600
2015.72603     3.8232     0.9300
2015.72877     6.1762     0.9300
2015.73151     3.3091     0.9600
2015.73425     4.7321     0.9500
2015.73699     5.2751     0.9800
2015.73973     4.7380     1.0600
2015.74247     4.4010     0.9700
2015.74521     6.9339     1.0600
2015.74795     6.3569     1.0200
2015.75068     4.1799     0.9700
2015.75342     5.0428     0.9300
2015.75616     5.8758     0.9500
2015.75890     4.9488     0.9500
2015.76164     5.8817     0.9900
2015.76438     5.6147     0.9400
2015.76712     4.5176     0.9500
2015.76986     7.7506     0.9500
2015.77260     6.8036     0.9600
2015.77534     6.8465     0.9300
2015.77808     5.1195     0.9400
2015.78082     5.4824     0.9500
2015.78356     4.8554     1.0100
2015.78630     6.7384     1.0500
2015.78904     4.1813     0.9700
2015.79178     5.0243     0.9600
2015.79452     6.2572     0.9600
2015.79726     6.2302     1.0700
2015.80000     6.2032     1.0300
2015.80274     7.3961     1.0200
2015.80548     5.8991     1.0100
2015.80822     5.4020     0.9400
2015.81096     8.6850     1.0000
2015.81370     5.8480     0.9700
2015.81644     5.7409     1.0300
2015.81918     7.2639     0.9600
2015.82192     4.0369     0.9700
2015.82466     6.4198     0.9600
2015.82740     2.8728     0.9500
2015.83014     5.4957     1.0700
2015.83288     4.4287     0.9800
2015.83562     5.3917     0.9800
2015.83836     5.2546     1.0000
2015.84110     4.0776     0.9400
2015.84384     4.6705     0.9400
2015.84658     5.3035     0.9700
2015.84932     6.4665     0.9600
2015.85205     4.6694     0.9900
2015.85479     6.1524     0.9900
2015.85753     6.6253     0.9500
2015.86027     2.8683     0.9800
2015.86301     4.0713     0.9500
2015.86575     5.0242     0.9600
2015.86849     5.3272     0.9600
2015.87123     4.3302     0.9700
2015.87397     3.0831     0.9600
2015.87671     5.7961     1.0000
2015.87945     4.8490     0.9500
2015.88219     4.9920     0.9700
2015.88493     2.8550     1.0100
2015.88767     6.0379     0.9700
2015.89041     5.6209     0.9700
2015.89315     6.0738     0.9800
2015.89589     8.1568     0.9700
2015.89863     7.0898     0.9700
2015.90137     5.4627     0.9500
2015.90411     3.9057     0.9500
2015.90685     4.4686     0.9600
2015.90959     3.3716     0.9600
2015.91233     6.0746     0.9500
2015.91507     6.8075     0.9400
2015.91781     6.3705     0.9700
2015.92055     3.0234     0.9700
2015.92329     3.9864     0.9700
2015.92603     1.8194     0.9500
2015.92877     5.1823     0.9700
2015.93151     4.1953     0.9800
2015.93425     4.0283     0.9800
2015.93699     3.0912     0.9900
2015.93973     3.4242     0.9700
2015.94247     2.6171     0.9800
2015.94521     4.4801     0.9600
2015.94795     4.4131     0.9500
2015.95068     3.5360     0.9600
2015.95342     5.1690     0.9400
2015.95616     3.7319     0.9600
2015.95890     5.8649     0.9700
2015.96164     6.1479     0.9600
2015.96438     6.2508     0.9300
2015.96712     3.9538     0.9600
2015.96986     3.6967     0.9400
2015.97260     4.2397     0.9400
2015.97534     5.5927     0.9200
2015.97808     4.9056     0.9300
2015.98082     5.8286     0.9300
2015.98356     5.0716     0.9500
2015.98630     5.3945     0.9400
2015.98904     5.5175     0.9300
2015.99178     5.7004     0.9400
2015.99452     4.3334     0.9300
2015.99726     5.7164     0.9500
2016.00000     3.9993     0.9300
2016.00273     5.9422     0.9600
2016.00546     5.9751     0.9900
2016.00820     4.3779     0.9300
2016.01093     3.2108     0.9400
2016.01366     4.2637     0.9600
2016.01639     4.2165     0.9800
2016.01913     4.7794     0.9900
2016.02186     3.8723     0.9900
2016.02459     7.2452     0.9700
2016.02732     3.2380     0.9600
2016.03005     6.2509     0.9800
2016.03279     3.5538     0.9700
2016.03552     4.2366     0.9400
2016.03825     2.8795     1.0000
2016.04098     5.9524     0.9700
2016.04372     4.5653     0.9700
2016.04645     4.6881     0.9400
2016.04918     3.8510     0.9400
2016.05191     6.7939     0.9400
2016.05464     7.0567     0.9400
2016.05738     5.8096     0.9300
2016.06011     5.5725     0.9400
2016.06284     6.7953     0.9300
2016.06557     3.3282     0.9300
2016.06831     2.1711     0.9200
2016.07104     2.1440     0.9400
2016.07377     3.3368     0.9600
2016.07650     4.0797     1.0300
2016.07923     3.8526     0.9400
2016.08197     6.7154     0.9600
2016.08470     4.9383     0.9900
2016.08743     6.3312     0.9300
2016.09016     4.9941     0.9300
2016.09290     5.3269     0.9500
2016.09563     0.6498     0.9600
2016.09836     0.2227     0.9700
2016.10109    -0.2545     0.9500
2016.10383    -1.5516     0.9800
2016.10656     0.7313     0.9600
2016.10929     0.8842     0.9500
2016.11202    -0.7030     0.9900
2016.11475     3.0299     1.0100
2016.11749     0.0428     0.9800
2016.12022    -1.0744     0.9900
2016.12295    -0.9015     0.9600
2016.12568     1.0614     0.9800
2016.12842     0.8142     0.9900
2016.13115     2.0971     0.9700
2016.13388     0.7900     0.9600
2016.13661    -0.5271     0.9800
2016.13934     3.5957     0.9900
2016.14208     1.2186     0.9500
2016.14481     1.0015     0.9500
2016.14754     2.3743     0.9400
2016.15027     0.6872     0.9500
2016.15301     0.2301     0.9600
2016.15574     0.3930     0.9600
2016.15847     0.9458     0.9800
2016.16120     1.6587     0.9500
2016.16393     1.9416     0.9700
2016.16667     1.9744     0.9800
2016.16940     0.9973     0.9700
2016.17213     0.4702     1.0100
2016.17486     1.7931     1.0100
2016.17760     0.8759     0.9700
2016.18033     0.5888     0.9700
2016.18306     0.3217     1.0100
2016.18579     0.7445     0.9700
2016.18852     3.5374     0.9600
2016.19126     0.9303     0.9300
2016.19399     1.9932     0.9400
2016.19672    -0.0040     0.9400
2016.19945     0.0589     0.9400
2016.20219    -0.0082     0.9400
2016.20492     2.0146     0.9800
2016.20765    -1.1225     0.9700
2016.21038     1.2104     1.0000
2016.21311    -1.0068     0.9600
2016.21585     1.1961     0.9300
2016.21858     2.4090     0.9200
2016.22131     2.1219     0.9400
2016.22404     1.6847     0.9900
2016.22678     0.0476     0.9200
2016.22951    -0.5995     0.9400
2016.23224     1.1333     0.9500
2016.23497     0.0362     0.9400
2016.23770    -1.3309     0.9400
2016.24044     0.0620     0.9500
2016.24317     0.5748     0.9300
2016.24590     0.4877     0.9600
2016.24863    -0.2894     1.2800
2016.25137    -1.1366     0.9400
2016.25410     2.1763     0.9300
2016.25683    -1.2808     0.9400
2016.25956     0.9521     0.9400
2016.26230     0.6749     0.9400
2016.26503     1.1078     0.9800
2016.26776    -0.2493     0.9300
2016.27049    -1.6665     0.9400
2016.27322     2.2364     0.9600
2016.27596     1.4893     0.9600
2016.27869    -0.8079     0.9400
2016.28142     0.6150     1.0000
2016.28415    -3.6421     1.0900
2016.28689     0.4808     1.0000
2016.28962    -0.3964     0.9300
2016.29235     0.8365     0.9700
2016.29508     2.1294     0.9600
2016.29781     0.5922     0.9500
2016.30055    -1.2249     0.9500
2016.30328     2.1880     0.9300
2016.30601    -0.4891     0.9200
2016.30874    -0.2963     0.9500
2016.31148     0.3166     0.9400
2016.31421    -1.1505     0.9300
2016.31694     0.7823     0.9300
2016.31967     2.4552     0.9600
2016.32240     0.7181     0.9400
2016.32514    -0.5790     0.9500
2016.32787    -0.1062     0.9300
2016.33060    -0.3333     0.9300
2016.33333     0.4596     1.0000
2016.33607     2.6424     0.9500
2016.33880     2.5753     0.9700
2016.34153     0.3282     0.9700
2016.34426     0.0611     0.9900
2016.34699     3.3239     1.0000
2016.34973     2.6368     0.9700
2016.35246     2.0897     0.9600
2016.35519     0.9825     0.9800
2016.35792    -0.9246     0.9600
2016.36066     2.0683     0.9300
2016.36339    -0.2189     1.2400
2016.36612     1.6640     0.9400
2016.36885     1.5369     0.9400
2016.37158     1.3098     0.9400
2016.37432    -1.2074     0.9400
2016.37705     0.5855     0.9400
2016.37978     1.5584     0.9400
2016.38251     3.7912     0.9800
2016.38525     1.9641     0.9500
2016.38798     2.0870     0.9700
2016.39071     5.4399     0.9500
2016.39344     2.2327     0.9800
2016.39617     2.2456     1.0000
2016.39891     0.3185     0.9400
2016.40164     2.0613     0.9800
2016.40437     1.1142     0.9600
2016.40710     1.3771     0.9500
2016.40984     1.3000     0.9300
2016.41257    -0.2572     0.9600
2016.41530    -0.9243     0.9400
2016.41803    -0.5414     0.9700
2016.42077    -0.2686     0.9400
2016.42350     1.6343     0.9700
2016.42623    -0.3428     0.9900
2016.42896    -0.0800     0.9700
2016.43169     1.9229     1.0300
2016.43443     1.8658     1.0100
2016.43716     2.4387     0.9700
2016.43989     0.8715     0.9800
2016.44262     0.3344     0.9400
2016.44536    -2.5127     1.0000
2016.44809     1.0501     0.9900
2016.45082    -1.1070     1.0300
2016.45355    -1.7541     0.9700
2016.45628    -2.5012     0.9600
2016.45902    -0.3084     0.9300
2016.46175     1.0145     0.9700
2016.46448    -3.1526     0.9800
2016.46721    -2.5898     0.9400
2016.46995    -0.7969     0.9500
2016.47268    -0.4040     0.9600
2016.47541     3.1789     0.9600
2016.47814     0.5617     1.0000
2016.48087    -0.9554     0.9400
2016.48361    -0.0325     1.0100
2016.48634     0.6803     0.9600
2016.48907    -0.8368     0.9500
2016.49180     0.4561     0.9400
2016.49454    -2.5610     0.9800
2016.49727    -1.4682     0.9500
2016.50000    -4.5553     0.9500
2016.50273    -1.2024     0.9600
2016.50546    -2.3796     0.9700
2016.50820    -2.5667     0.9400
2016.51093    -0.9738     0.9500
2016.51366     0.7390     0.9600
2016.51639    -1.1681     1.0400
2016.51913    -3.5652     0.9600
2016.52186    -1.8423     0.9600
2016.52459    -1.8695     1.0000
2016.52732    -1.0966     1.0100
2016.53005    -2.4537     0.9200
2016.53279    -2.4909     0.9400
2016.53552    -3.5380     0.9400
2016.53825    -3.0351     0.9600
2016.54098    -3.6622     0.9600
2016.54372    -0.8594     0.9900
2016.54645    -2.0665     0.9400
2016.54918     1.1964     0.9500
2016.55191    -0.0208     0.9300
2016.55464     0.1121     0.9800
2016.55738     0.2750     0.9700
2016.56011    -0.9821     0.9300
2016.56284    -3.6293     0.9100
2016.56557    -0.6764     0.9600
2016.56831    -3.9935     0.9900
2016.57104     0.8793     0.9500
2016.57377    -3.7578     0.9500
2016.57650    -2.0949     0.9800
2016.57923     1.1579     0.9700
2016.58197     1.0408     0.9200
2016.58470     1.7937     0.9000
2016.58743    -2.0734     0.9100
2016.59016    -0.4506     0.9000
2016.59290     0.0623     0.9100
2016.59563     0.1552     0.9600
2016.59836    -0.7020     1.0100
2016.60109     2.7509     0.9800
2016.60383     2.3638     0.9800
2016.60656     1.5167     0.9400
2016.60929    -0.7405     0.9300
2016.61202    -1.6076     0.9300
2016.61475    -0.1047     0.9100
2016.61749    -1.3019     0.9400
2016.62022    -0.6190     0.9600
2016.62295     0.2239     0.9500
2016.62568     0.1068     0.9600
2016.62842     1.0196     0.9500
2016.63115     0.7225     0.9700
2016.63388    -1.4146     0.9400
2016.63661     2.3382     1.0000
2016.63934    -0.3889     0.9900
2016.64208     0.0540     0.9600
2016.64481    -0.9431     1.0000
2016.64754    -1.9903     0.9400
2016.65027     0.0426     0.9800
2016.65301    -3.4045     1.0100
2016.65574     1.2383     0.9300
2016.65847    -0.2588     0.9500
2016.66120     1.2241     0.9000
2016.66393     2.2769     1.0900
2016.66667    -2.1302     0.9300
2016.66940    -3.2073     1.0000
2016.67213     0.7256     0.9400
2016.67486    -1.1316     0.9600
2016.67760    -2.6987     0.9600
2016.68033     0.4542     0.9700
2016.68306     1.8970     1.0200
2016.68579     0.4999     0.9800
2016.68852     2.7628     0.9600
2016.69126    -0.0143     0.9200
2016.69399     2.4585     0.9100
2016.69672     2.1614     0.9300
2016.69945     1.7143     0.9200
2016.70219    -0.9129     1.0300
2016.70492    -0.1100     1.0000
2016.70765    -0.4671     0.9500
2016.71038     1.7158     0.9600
2016.71311     3.0186     0.9200
2016.71585     0.3915     0.9400
2016.71858     2.1544     0.9500
2016.72131     1.7572     0.9100
2016.72404     2.4301     0.9300
2016.72678     2.7930     0.9300
2016.72951     0.3558     0.9400
2016.73224     0.3887     0.9200
2016.73497     2.2416     0.9200
2016.73770     1.5845     1.2700
2016.74044     1.4873     0.9900
2016.74317     1.6602     0.9300
2016.74590     0.0031     0.9700
2016.74863     0.6459     0.9300
2016.75137     0.0788     0.9100
2016.75410     1.6417     0.9000
2016.75683     3.6146     0.9200
2016.75956    -0.0426     0.9100
2016.76230     0.3603     0.9100
2016.76503     2.5132     0.9800
2016.76776     3.4860     0.9400
2016.77049     3.8889     0.9700
2016.77322     2.4118     0.9200
2016.77596     3.4547     0.9400
2016.77869     1.2575     0.9200
2016.78142     0.1704     0.9400
2016.78415     0.5533     0.9200
2016.78689     2.0361     0.9800
2016.78962    -0.8110     0.9400
2016.79235     1.0119     0.9300
2016.79508     0.0748     0.9200
2016.79781    -0.3724     0.9500
2016.80055     0.9905     1.0200
2016.80328     0.4634     1.2000
2016.80601     0.2062     0.9100
2016.80874     1.0191     0.9200
2016.81148     1.0020     0.9300
2016.81421     2.6148     0.9300
2016.81694     0.8777     0.9100
2016.81967     2.3306     0.9200
2016.82240     3.2535     0.9300
2016.82514     1.5663     0.9500
2016.82787     2.0192     0.9300
2016.83060     0.9321     0.9400
2016.83333     2.4149     0.9000
2016.83607     2.0778     0.9100
2016.83880     2.3707     0.9200
2016.84153     1.5936     0.9400
2016.84426     2.6664     0.9100
2016.84699     0.4893     0.9300
2016.84973     3.5422     0.9400
2016.85246     4.6850     0.9400
2016.85519     1.6279     0.9300
2016.85792     2.4108     0.9500
2016.86066     1.0937     0.9000
2016.86339     0.0765     0.9500
2016.86612     0.9294     0.9300
2016.86885     2.4923     0.9300
2016.87158     1.3351     0.9200
2016.87432     0.9880     0.9200
2016.87705     1.3709     0.9200
2016.87978     0.7937     0.9400
2016.88251     2.5266     0.9200
2016.88525     0.7395     0.9300
2016.88798     5.3324     0.9400
2016.89071     2.5552     0.9300
2016.89344    -1.4219     0.9200
2016.89617     1.1110     0.9200
2016.89891     0.5438     0.9400
2016.90164     1.0367     0.9600
2016.90437     3.1596     0.9900
2016.90710     1.7625     0.9400
2016.90984     1.5853     0.9100
2016.91257     3.1482     0.9300
2016.91530     1.2811     0.9600
2016.91803     2.5339     0.9400
2016.92077     2.9868     0.9100
2016.92350     0.0997     0.9300
2016.92623     3.3326     0.9100
2016.92896     3.5354     0.9200
2016.93169     3.4883     0.9000
2016.93443     3.4212     0.9000
2016.93716     3.6540     0.9400
2016.93989     2.8869     0.8900
2016.94262     2.3998     0.8900
2016.94536     1.2327     0.9200
2016.94809     2.7055     0.9300
2016.95082     5.4484     0.9200
2016.95355     4.2913     0.9000
2016.95628     1.5841     0.8900
2016.95902     2.7270     0.9200
2016.96175     1.6899     0.9200
2016.96448     2.6727     0.9000
2016.96721     3.8356     0.9200
2016.96995     2.5285     0.9100
2016.97268     1.2114     0.9100
2016.97541     2.5742     0.9200
2016.97814     2.4871     0.8900
2016.98087     0.8000     0.9100
2016.98361     4.5428     0.9100
2016.98634     1.7557     0.9000
2016.98907     0.5886     0.9100
2016.99180     3.0215     0.8900
2016.99454     0.9043     0.9100
2016.99727     1.8272     0.9200
2017.00000     3.4401     0.9200
2017.00274     1.8130     0.9000
2017.00548     1.9360     0.9000
2017.00822     2.0090     0.8900
2017.01096     2.6619     0.8900
2017.01370     2.6249     0.9000
2017.01644     3.7878     0.9100
2017.01918     3.4908     0.8900
2017.02192     2.9338     0.8900
2017.02466     1.0467     0.9200
2017.02740     0.4997     0.9000
2017.03014     1.9626     0.9100
2017.03288     1.9356     0.8900
2017.03562     2.2886     0.9000
2017.03836     0.3115     0.9000
2017.04110     1.3345     0.9100
2017.04384     2.3074     0.9100
2017.04658     0.4404     0.9100
2017.04932     3.3534     0.9000
2017.05205     0.3363     0.9300
2017.05479     0.7293     0.9300
2017.05753     1.9923     0.9100
2017.06027     1.4452     0.9100
2017.06301     2.1082     0.8900
2017.06575     0.7811     0.9100
2017.06849     2.2141     0.8900
2017.07123     1.8271     0.9100
2017.07397     2.1300     0.9000
2017.07671     2.9330     0.9100
2017.07945     4.6159     0.9100
2017.08219     3.3289     0.9200
2017.08493     2.4319     0.9200
2017.08767     2.2648     0.9300
2017.09041     2.6478     0.9100
2017.09315     2.2207     0.9100
2017.09589     3.2137     0.9000
2017.09863     4.5167     0.9200
2017.10137     2.9296     0.9200
2017.10411     1.2026     0.9200
2017.10685     4.6655     0.8900
2017.10959     3.2985     0.8900
2017.11233     2.3615     0.9000
2017.11507     0.4144     0.9100
2017.11781     2.7174     0.9100
2017.12055     3.1804     0.9000
2017.12329     3.3433     0.9100
2017.12603     2.7663     0.9500
2017.12877     2.5892     0.9100
2017.13151    -0.4478     0.9300
2017.13425     1.9552     0.9400
2017.13699     4.5081     0.9100
2017.13973     0.5811     0.9200
2017.14247     1.5640     0.9200
2017.14521     3.5270     0.9100
2017.14795     4.0500     0.9300
2017.15068     1.9729     0.9000
2017.15342     4.2759     0.9000
2017.15616     2.1988     0.9300
2017.15890     2.7918     0.9100
2017.16164     1.7048     0.9200
2017.16438     3.3077     0.8900
2017.16712     3.0607     0.8900
2017.16986     3.9037     0.9000
2017.17260     0.9366     0.9100
2017.17534     2.5496     0.9000
2017.17808     1.9425     0.9200
2017.18082     1.8755     0.9200
2017.18356     1.9485     0.9000
2017.18630     3.0114     0.9300
2017.18904     2.8844     0.9100
2017.19178     3.5773     0.9000
2017.19452     1.5903     0.9300
2017.19726     1.6633     0.9100
2017.20000     2.9562     0.9000
2017.20274     0.8692     0.9400
2017.20548     0.3621     0.9100
2017.20822     1.0051     0.9300
2017.21096     0.7881     0.9200
2017.21370     1.5610     0.9000
2017.21644     2.0140     0.9300
2017.21918     0.7769     0.9000
2017.22192     2.1199     0.9700
2017.22466     2.9029     0.9500
2017.22740     3.1158     0.9400
2017.23014     1.0888     0.9300
2017.23288    -0.4582     0.9300
2017.23562     0.6747     0.9300
2017.23836     1.4877     0.9200
2017.24110    -0.2794     0.9500
2017.24384    -1.0864     0.9500
2017.24658     2.8466     0.9200
2017.24932     2.0895     0.9100
2017.25205    -1.6775     0.9200
2017.25479     1.9054     0.9200
2017.25753     1.7184     0.9300
2017.26027     1.3114     0.9200
2017.26301     2.4543     0.9000
2017.26575     2.1673     0.9400
2017.26849     2.1702     0.9500
2017.27123     4.1332     0.9100
2017.27397     3.1162     0.9700
2017.27671     4.2991     0.9500
2017.27945     4.3521     0.9300
2017.28219     4.4150     0.9300
2017.28493     2.0180     0.9200
2017.28767     2.7610     0.9200
2017.29041     1.9139     0.9300
2017.29315     0.0069     0.9300
2017.29589     3.3699     1.0000
2017.29863     3.8128     0.9200
2017.30137     3.6358     0.9600
2017.30411     2.3287     0.9500
2017.30685     1.7417     0.9200
2017.30959     1.6547     0.9100
2017.31233     1.7176     0.9000
2017.31507     2.6806     0.9200
2017.31781     2.2335     0.9300
2017.32055     1.5365     0.9300
2017.32329     3.0895     0.9100
2017.32603     4.6124     0.9300
2017.32877     2.6754     0.9400
2017.33151     1.8883     0.9200
2017.33425     0.7713     0.9100
2017.33699     0.2143     0.9100
2017.33973     0.1672     0.9300
2017.34247     3.2702     0.9500
2017.34521    -1.4068     0.9500
2017.34795    -0.0939     0.9300
2017.35068     0.7691     0.9400
2017.35342     1.5020     0.9300
2017.35616     3.5650     0.9500
2017.35890     1.4580     0.9400
2017.36164     2.2509     0.9400
2017.36438     1.1139     0.9400
2017.36712     3.0468     0.9400
2017.36986     2.3898     0.9200
2017.37260     3.2128     0.9300
2017.37534     5.0757     0.9400
2017.37808    -0.0213     0.9300
2017.38082     4.9216     0.9400
2017.38356     2.2246     0.9200
2017.38630     0.3076     0.9400
2017.38904     2.8405     0.9400
2017.39178    -0.8765     0.9500
2017.39452    -1.6136     0.9400
2017.39726     4.3694     0.9200
2017.40000     0.3824     0.9000
2017.40274     1.9453     0.9200
2017.40548     1.9083     0.9300
2017.40822     1.1213     0.9400
2017.41096    -0.4458     0.9200
2017.41370     0.5872     0.9700
2017.41644     3.1601     0.9800
2017.41918     2.5231     0.9900
2017.42192     1.4661     0.9400
2017.42466     0.3590     0.9300
2017.42740     0.8420     0.9400
2017.43014     0.0149     0.9800
2017.43288     2.9479     1.0000
2017.43562     0.7609     0.9600
2017.43836     0.9438     0.9600
2017.44110    -1.1532     0.9300
2017.44384     0.2797     0.9900
2017.44658    -0.1573     1.0100
2017.44932     3.4057     0.9700
2017.45205    -0.4214     1.0500
2017.45479     1.9716     1.0700
2017.45753     0.7946     1.0100
2017.46027     0.1575     1.0300
2017.46301     1.1905     0.9700
2017.46575    -0.9466     1.0100
2017.46849    -2.2936     0.9700
2017.47123    -1.1306     0.9500
2017.47397    -0.2477     0.9700
2017.47671     1.6653     0.9600
2017.47945    -0.9318     0.9700
2017.48219    -0.0988     0.9800
2017.48493     0.4542     0.9700
2017.48767    -1.2329     1.0000
2017.49041     0.9901     0.9900
2017.49315     0.5630     1.0100
2017.49589    -1.1840     0.9900
2017.49863     1.1990     1.0200
2017.50137     0.1119     1.0200
2017.50411    -0.4051     1.0000
2017.50685    -2.1022     0.9800
2017.50959    -3.1692     1.0900
2017.51233    -2.2662     1.0200
2017.51507    -0.6533     1.0100
2017.51781    -0.5703     1.0000
2017.52055    -0.4973     1.0100
2017.52329    -2.3244     1.0200
2017.52603    -2.9214     1.0300
2017.52877    -0.6485     1.0300
2017.53151    -3.2955     1.0000
2017.53425     1.5375     1.0800
2017.53699     0.2304     1.0700
2017.53973    -0.9666     1.0000
2017.54247    -0.3037     1.0300
2017.54521    -2.7507     1.0500
2017.54795    -1.1977     1.0200
2017.55068    -1.5348     1.0500
2017.55342    -4.3818     1.0400
2017.55616    -3.3189     1.0100
2017.55890     1.7941     1.0700
2017.56164    -3.5229     1.0700
2017.56438    -2.2800     1.0000
2017.56712     0.0930     0.9600
2017.56986     0.2060     0.9500
2017.57260    -1.7911     0.9500
2017.57534    -0.4381     1.0400
2017.57808    -4.4552     1.0000
2017.58082    -1.5322     0.9800
2017.58356    -1.8392     0.9200
2017.58630    -2.7763     0.9900
2017.58904    -3.3833     0.9700
2017.59178     0.4496     0.9400
2017.59452    -1.3774     0.9500
2017.59726    -1.5544     0.9500
2017.60000     0.1485     0.9400
2017.60274    -1.2185     0.9800
2017.60548    -5.4456     0.9900
2017.60822    -0.0126     0.9700
2017.61096     0.4704     0.9500
2017.61370    -1.8167     0.9400
2017.61644    -0.0337     0.9400
2017.61918    -2.5708     0.9800
2017.62192    -0.4578     0.9500
2017.62466    -0.0748     0.9800
2017.62740    -0.7319     0.9800
2017.63014    -0.4689     0.9400
2017.63288    -1.3859     0.9700
2017.63562     0.2670     0.9900
2017.63836     4.3600     0.9800
2017.64110     0.1829     0.9500
2017.64384     0.7959     0.9800
2017.64658    -0.4011     0.9600
2017.64932    -0.2282     0.9500
2017.65205    -0.1452     0.9400
2017.65479     4.3177     0.9700
2017.65753    -1.8593     0.9600
2017.66027    -2.0263     1.0100
2017.66301     0.5866     0.9600
2017.66575     1.1696     0.9700
2017.66849    -0.7075     0.9500
2017.67123    -0.8645     1.0000
2017.67397     1.3885     1.0100
2017.67671     0.8214     0.9400
2017.67945    -0.5756     0.9300
2017.68219    -0.6126     0.9600
2017.68493     0.3303     0.9500
2017.68767     1.3733     0.9600
2017.69041     0.2762     0.9800
2017.69315     0.4092     0.9700
2017.69589     0.3422     0.9800
2017.69863    -0.5549     0.9800
2017.70137    -0.9919     0.9900
2017.70411     2.0710     0.9900
2017.70685     1.8640     0.9400
2017.70959    -1.5830     0.9800
2017.71233     0.2599     0.9400
2017.71507     2.1629     0.9500
2017.71781     1.1758     0.9500
2017.72055     0.4688     0.9600
2017.72329     1.7918     0.9400
2017.72603     1.2047     0.9300
2017.72877     0.3577     0.9400
2017.73151     1.1306     1.0100
2017.73425     1.0336     0.9700
2017.73699     0.7866     0.9500
2017.73973     1.2395     0.9800
2017.74247     1.6525     1.0400
2017.74521    -1.2945     1.0000
2017.74795     1.2784     1.0100
2017.75068    -2.2186     1.0000
2017.75342     2.0143     1.0200
2017.75616    -3.7027     1.0200
2017.75890    -2.3897     1.0100
2017.76164     0.2532     0.9800
2017.76438     0.8662     1.0000
2017.76712     0.8791     0.9900
2017.76986    -1.4779     0.9900
2017.77260     0.8351     1.0000
2017.77534     1.1880     1.0000
2017.77808     3.8910     1.0300
2017.78082     2.0339     0.9800
2017.78356    -0.8131     1.0200
2017.78630     1.1399     1.0100
2017.78904     0.1028     1.0200
2017.79178     2.4758     0.9800
2017.79452     0.2288     0.9900
2017.79726     1.1617     1.0100
2017.80000    -0.7353     1.0000
2017.80274     0.4576     1.0000
2017.80548     0.4806     1.0000
2017.80822     0.2636     0.9900
2017.81096    -1.7135     1.0200
2017.81370     0.4995     0.9600
2017.81644    -1.3076     0.9500
2017.81918    -1.7346     0.9900
2017.82192     0.7784     1.0100
2017.82466    -0.8787     0.9800
2017.82740    -0.9057     0.9800
2017.83014    -0.7328     1.0000
2017.83288     0.0202     0.9800
2017.83562     0.2432     0.9900
2017.83836     2.1361     1.0200
2017.84110     0.7791     0.9900
2017.84384     1.3020     0.9900
2017.84658    -0.9250     1.0200
2017.84932    -0.8020     0.9900
2017.85205     0.6409     0.9900
2017.85479     2.2639     0.9900
2017.85753    -2.1431     1.0300
2017.86027     0.8298     1.0200
2017.86301    -1.9072     0.9400
2017.86575     0.5057     0.9800
2017.86849     2.8487     0.9800
2017.87123     1.0217     0.9300
2017.87397    -0.2954     0.9700
2017.87671     2.2776     0.9900
2017.87945     2.5305     1.0300
2017.88219     1.8535     0.9700
2017.88493     1.9265     0.9500
2017.88767    -0.1206     0.9800
2017.89041     1.5724     1.0000
2017.89315     0.6953     0.9800
2017.89589    -1.3817     0.9600
2017.89863     0.9913     0.9700
2017.90137    -0.6558     0.9700
2017.90411     0.2872     0.9700
2017.90685     0.6602     0.9700
2017.90959     0.7631     0.9800
2017.91233     1.8861     0.9800
2017.91507     2.6490     0.9700
2017.91781     1.7620     0.9800
2017.92055     2.5250     1.0000
2017.92329     2.7479     0.9700
2017.92603     1.1009     0.9600
2017.92877     1.0138     0.9700
2017.93151     0.4668     0.9700
2017.93425     1.5998     0.9800
2017.93699     0.3727     0.9600
2017.93973     1.7557     0.9500
2017.94247     3.1586     0.9900
2017.94521     1.1916     0.9600
2017.94795     1.7946     0.9700
2017.95068     3.0775     0.9900
2017.95342     1.5605     0.9800
2017.95616     1.5234     0.9700
2017.95890     0.0964     0.9500
2017.96164     1.0294     0.9500
2017.96438     2.9223     1.0200
2017.96712     0.7053     0.9700
2017.96986     1.9083     0.9600
2017.97260     2.4112     0.9900
2017.97534     1.4742     0.9300
2017.97808     0.6671     0.9600
2017.98082     0.5801     0.9600
2017.98356     1.1631     0.9500
2017.98630     1.7160     0.9900
2017.98904     2.6690     0.9800
2017.99178     2.9919     0.9700
2017.99452     1.0749     0.9600
2017.99726     4.1779     0.9600
2018.00000     1.4408     0.9900
2018.00274     1.3138     0.9600
2018.00548     1.0567     0.9600
2018.00822     2.1197     0.9700
2018.01096     1.4627     0.9900
2018.01370     1.4256     0.9800
2018.01644     0.6186     0.9500
2018.01918     2.3216     0.9900
2018.02192     2.8845     0.9800
2018.02466     3.4775     0.9700
2018.02740     3.1204     0.9800
2018.03014     3.3834     0.9500
2018.03288     2.6664     0.9800
2018.03562     2.1193     0.9600
2018.03836     3.2723     0.9500
2018.04110     2.4952     0.9600
2018.04384     0.0782     0.9500
2018.04658     1.4412     0.9500
2018.04932     0.1441     1.2600
2018.05205     4.0971     0.9500
2018.05479     5.2500     0.9600
2018.05753     5.6430     0.9700
2018.06027     4.4560     0.9700
2018.06301     5.8289     0.9500
2018.06575     2.3819     0.9700
2018.06849     2.3848     0.9600
2018.07123     3.6478     0.9800
2018.07397     0.6208     0.9500
2018.07671     0.7537     0.9800
2018.07945     2.2067     0.9500
2018.08219     2.2497     0.9600
2018.08493     3.0126     0.9800
2018.08767     3.4056     0.9800
2018.09041     3.3585     0.9500
2018.09315     3.7015     0.9600
2018.09589     2.9345     0.9700
2018.09863     1.9274     0.9900
2018.10137     2.3804     0.9400
2018.10411     0.4433     0.9800
2018.10685     1.2363     0.9600
2018.10959     0.4493     0.9500
2018.11233     2.0022     0.9500
2018.11507    -1.5848     0.9600
2018.11781     0.8681     0.9600
2018.12055     0.7811     0.9500
2018.12329     1.1641     0.9800
2018.12603     0.2370     0.9900
2018.12877    -0.4700     0.9500
2018.13151    -0.6870     0.9500
2018.13425     0.4559     0.9700
2018.13699     1.5689     0.9900
2018.13973    -0.7282     0.9900
2018.14247     1.1848     0.9500
2018.14521     1.0678     0.9800
2018.14795     2.8707     0.9800
2018.15068    -0.1563     0.9400
2018.15342     1.1966     0.9500
2018.15616     0.3296     0.9900
2018.15890     1.5326     0.9600
2018.16164     1.2255     0.9900
2018.16438     0.1085     0.9700
2018.16712     0.2414     0.9600
2018.16986    -1.1756     0.9600
2018.17260     1.4374     0.9600
2018.17534     1.3903     0.9600
2018.17808     1.2633     0.9500
2018.18082    -0.2638     0.9900
2018.18356    -0.4008     0.9700
2018.18630    -2.5878     0.9700
2018.18904    -2.8549     0.9800
2018.19178    -0.4819     0.9700
2018.19452    -3.1489     0.9700
2018.19726    -0.6160     0.9600
2018.20000     1.6770     0.9900
2018.20274     0.8099     0.9800
2018.20548    -0.1071     0.9800
2018.20822     0.6459     0.9800
2018.21096     3.0588     1.0100
2018.21370     0.8518     0.9900
2018.21644     2.1747     0.9500
2018.21918    -1.6623     0.9600
2018.22192     1.8707     0.9600
2018.22466     0.4636     0.9600
2018.22740     1.0366     0.9800
2018.23014     1.5995     0.9300
2018.23288     0.0225     1.0100
2018.23562     0.2055     1.1500
2018.23836     3.1084     0.9400
2018.24110     4.1114     0.9400
2018.24384     0.3943     0.9400
2018.24658    -0.2927     0.9500
2018.24932     2.2303     0.9200
2018.25205     4.4932     0.9300
2018.25479     1.4962     0.9400
2018.25753    -0.0408     0.9900
2018.26027     1.2521     0.9600
2018.26301     1.2651     0.9600
2018.26575     0.9080     0.9500
2018.26849    -0.5090     0.9300
2018.27123     0.4140     0.9200
2018.27397     0.3769     0.9700
2018.27671     0.9899     0.9500
2018.27945     1.8428     1.0100
2018.28219     0.1158     0.9400
2018.28493     0.7388     0.9300
2018.28767     2.1117     0.9400
2018.29041     0.0947     0.9800
2018.29315     3.1476     1.0000
2018.29589     3.5506     0.9600
2018.29863     1.0436     0.9700
2018.30137     0.3865     0.9400
2018.30411     1.0695     0.9700
2018.30685     1.8825     0.9700
2018.30959     3.5054     0.9500
2018.31233     2.5484     0.9400
2018.31507     1.7213     1.5300
2018.31781     2.0643     0.9800
2018.32055     4.6873     0.9300
2018.32329     2.0202     0.9400
2018.32603     0.2132     0.9500
2018.32877     3.9861     0.9800
2018.33151     1.7491     0.9600
2018.33425     0.7721     0.9700
2018.33699     0.4250     0.9700
2018.33973     2.8280     0.9300
2018.34247     2.5309     0.9200
2018.34521    -0.0161     0.9500
2018.34795     1.0969     0.9700
2018.35068     3.2798     0.9600
2018.35342     0.8128     0.9400
2018.35616     3.3857     0.9500
2018.35890     2.5087     0.9400
2018.36164    -0.2583     0.9300
2018.36438     2.5046     0.9200
2018.36712     4.1576     0.9500
2018.36986     3.4906     0.9500
2018.37260     1.0635     0.9600
2018.37534     0.6465     0.9600
2018.37808     0.7294     0.9500
2018.38082     3.5824     0.9300
2018.38356     3.3454     0.9200
2018.38630     4.0183     0.9400
2018.38904     1.7713     0.9400
2018.39178     0.6142     0.9200
2018.39452     1.2272     0.9200
2018.39726     3.0502     0.9500
2018.40000     2.0731     0.9400
2018.40274     3.3961     0.9500
2018.40548     3.0890     0.9500
2018.40822     1.9020     0.9700
2018.41096     0.5350     0.9500
2018.41370     0.6079     0.9400
2018.41644     2.9109     0.9400
2018.41918     2.9639     0.9300
2018.42192     2.4268     0.9500
2018.42466     2.6298     0.9500
2018.42740    -0.1173     0.9800
2018.43014     1.8757     0.9700
2018.43288     3.4287     0.9600
2018.43562     2.1616     0.9800
2018.43836     7.1846     1.0300
2018.44110    -0.3925     0.9700
2018.44384     0.0105     0.9600
2018.44658     1.6535     0.9500
2018.44932     1.9764     1.0400
2018.45205     0.6294     0.9500
2018.45479     0.5123     0.9700
2018.45753    -1.2447     0.9800
2018.46027    -2.2517     0.9800
2018.46301    -0.2788     0.9500
2018.46575    -1.3958     0.9600
2018.46849     0.1571     0.9200
2018.47123     0.3601     0.9700
2018.47397    -2.1369     0.9600
2018.47671    -0.1940     0.9300
2018.47945     0.1790     0.9400
2018.48219     0.1520     0.9700
2018.48493    -0.5851     0.9500
2018.48767    -0.1921     0.9400
2018.49041     1.3508     0.9400
2018.49315     1.3238     1.0000
2018.49589    -0.2732     1.0400
2018.49863    -5.5003     1.0500
2018.50137    -2.6273     1.0800
2018.50411    -4.2344     0.9800
2018.50685    -1.0014     0.9500
2018.50959    -1.8784     0.9500
2018.51233    -0.6755     0.9700
2018.51507     0.3975     0.9600
2018.51781    -1.7796     0.9700
2018.52055    -1.1866     1.2400
2018.52329    -2.9236     1.0000
2018.52603    -2.2707     0.9700
2018.52877    -1.2877     0.9400
2018.53151    -2.2747     0.9600
2018.53425    -2.9618     0.9700
2018.53699    -2.2088     1.1600
2018.53973    -3.9659     0.9500
2018.54247    -2.4929     0.9400
2018.54521     0.1001     0.9800
2018.54795    -0.6970     1.0200
2018.55068    -1.5640     0.9600
2018.55342    -2.5311     0.9600
2018.55616    -2.7681     0.9700
2018.55890    -1.2851     0.9600
2018.56164    -1.4322     1.0000
2018.56438     0.5108     0.9600
2018.56712     0.8737     1.2800
2018.56986    -4.3233     1.0100
2018.57260    -0.1303     1.0100
2018.57534    -2.9174     1.0000
2018.57808    -4.3344     1.0200
2018.58082    -6.3015     1.0000
2018.58356    -4.8085     1.0300
2018.58630    -2.8755     0.9700
2018.58904    -2.1326     0.9500
2018.59178    -4.7796     0.9800
2018.59452    -0.5266     0.9900
2018.59726    -3.8137     0.9800
2018.60000    -0.7007     1.0100
2018.60274    -1.6078     1.0300
2018.60548    -0.2648     1.0200
2018.60822    -5.0118     1.0100
2018.61096    -7.5989     1.0100
2018.61370    -0.7159     0.9300
2018.61644    -3.6430     1.0100
2018.61918    -0.5800     1.0000
2018.62192    -2.3570     0.9900
2018.62466    -2.0241     0.9800
2018.62740    -5.1011     0.9700
2018.63014    -1.8182     0.9300
2018.63288    -0.7352     1.0000
2018.63562    -4.0722     0.9600
2018.63836    -7.2693     1.0300
2018.64110    -4.0863     1.0900
2018.64384    -3.7133     1.1600
2018.64658    -3.3404     0.9500
2018.64932    -1.5974     0.9300
2018.65205    -5.0945     0.9700
2018.65479    -1.0615     0.9800
2018.65753    -3.1985     0.9700
2018.66027    -3.9956     0.9600
2018.66301    -2.3726     0.9300
2018.66575    -1.1097     0.9400
2018.66849    -1.1967     0.9400
2018.67123    -1.0837     0.9500
2018.67397    -3.9408     0.9500
2018.67671    -1.8978     1.0000
2018.67945     0.4051     1.0200
2018.68219    -4.3819     1.0100
2018.68493    -0.3189     0.9600
2018.68767    -0.7360     0.9500
2018.69041    -1.4830     0.9500
2018.69315     0.0699     0.9600
2018.69589    -0.4171     0.9600
2018.69863    -2.7041     0.9600
2018.70137    -1.0612     1.0600
2018.70411     1.4918     1.0000
2018.70685    -1.8352     0.9700
2018.70959    -0.7523     1.0000
2018.71233    -1.1793     1.0000
2018.71507    -1.4664     0.9800
2018.71781     0.7866     0.9900
2018.72055    -1.3504     1.0100
2018.72329    -2.2475     1.0200
2018.72603    -1.6445     1.0000
2018.72877    -1.9816     0.9800
2018.73151    -1.6386     1.0000
2018.73425    -0.1756     1.0000
2018.73699     0.0173     1.0000
2018.73973    -2.0397     0.9800
2018.74247     0.2932     1.0200
2018.74521     1.8362     0.9500
2018.74795    -2.3308     0.9700
2018.75068    -2.4679     0.9800
2018.75342    -0.1549     1.0100
2018.75616     1.4481     0.9900
2018.75890     0.0010     0.9800
2018.76164    -0.3060     0.9700
2018.76438     0.5669     1.0400
2018.76712     2.1099     1.0000
2018.76986    -0.0071     1.0000
2018.77260     0.2058     0.9800
2018.77534     1.4088     1.0200
2018.77808     0.4017     1.0400
2018.78082     1.4147     1.0200
2018.78356    -0.7623     1.0000
2018.78630    -0.0494     0.9900
2018.78904     0.0336     1.0300
2018.79178    -2.1235     1.0200
2018.79452     0.5895     0.9900
2018.79726    -0.1275     0.9800
2018.80000     0.6054     0.9900
2018.80274     0.0784     0.9800
2018.80548    -0.8087     1.0300
2018.80822    -3.3857     1.0300
2018.81096    -2.5327     1.0800
2018.81370    -1.9198     1.0000
2018.81644    -2.1068     0.9900
2018.81918    -0.0738     0.9900
2018.82192    -0.2309     1.0100
2018.82466     0.0221     1.0000
2018.82740    -0.0150     1.0300
2018.83014     0.5080     1.0200
2018.83288     0.5010     1.0600
2018.83562    -0.1761     1.0200
2018.83836     0.3969     1.0100
2018.84110     0.9898     1.0000
2018.84384     0.9728     1.0200
2018.84658    -0.2342     1.0100
2018.84932    -1.4413     1.0200
2018.85205    -1.7083     1.0400
2018.85479    -0.1054     1.0200
2018.85753     0.7176     1.0700
2018.86027    -0.5094     1.0500
2018.86301    -2.0165     1.0700
2018.86575    -1.5035     1.0500
2018.86849     0.8695     1.0200
2018.87123     2.3524     1.0300
2018.87397     0.0454     1.0300
2018.87671    -0.7517     1.0800
2018.87945    -0.4087     1.0500
2018.88219    -0.3757     1.0900
2018.88493    -0.1328     1.0800
2018.88767     0.6102     1.0600
2018.89041    -0.0369     1.0800
2018.89315    -1.4639     1.0800
2018.89589    -0.0209     1.1100
2018.89863     1.5520     1.1100
2018.90137    -0.5150     1.0600
2018.90411     1.8679     1.0800
2018.90685     2.1809     1.0600
2018.90959     1.4539     1.0400
2018.91233     2.3668     1.2500
2018.91507     3.5698     1.0500
2018.91781     2.6027     1.0400
2018.92055     2.6957     1.0500
2018.92329     3.5087     1.0500
2018.92603     0.7916     1.0500
2018.92877     2.1446     1.0500
2018.93151     3.7576     1.1000
2018.93425     0.4905     1.0600
2018.93699     1.4035     1.0900
2018.93973     1.7564     1.0300
2018.94247     1.3894     1.0400
2018.94521     0.7924     1.0400
2018.95068     1.5783     1.0500
2018.95342     0.0812     1.0200
2018.95616     1.5642     1.0500
2018.95890     3.3772     1.0100
2018.96164    -0.1899     1.0400
2018.96438     0.9431     1.0500
2018.96712     1.6160     1.0400
2018.96986     0.5790     1.0800
2018.97260     2.0320     1.0500
2018.97534     5.0049     1.0600
2018.97808     4.1079     1.0800
2018.98082     1.6009     1.0500
2018.98356     4.9538     1.0800
2018.98630     5.6968     1.0600
2018.98904     3.1697     1.0700
2018.99178     4.9427     1.0900
2018.99452     2.4657     1.0900
2018.99726     1.3186     1.0800
2019.00000     0.4416     1.0600
2019.00274     1.4145     1.0900
2019.00548     1.7975     1.0700
2019.00822     0.1805     1.0300
2019.01096     1.1134     1.0500
2019.01370     3.3864     1.0400
2019.01644     1.2793     1.0500
2019.01918     3.4023     1.0500
2019.02192     1.0153     1.0900
2019.02466     1.8382     1.0700
2019.02740    -0.5988     1.0900
2019.03014     2.9541     1.1100
2019.03288     3.3371     1.0700
2019.03562     2.9101     1.0800
2019.03836     3.1430     1.0900
2019.04110     3.0460     1.0500
2019.04384     3.0590     1.0800
2019.04658     1.1319     1.0700
2019.04932     1.6349     1.0800
2019.05205     2.9978     1.1400
2019.05479     3.4208     1.1000
2019.05753     3.1138     1.1100
2019.06027     2.4267     1.1000
2019.06301     3.4897     1.1500
2019.06575     1.7226     1.0700
2019.06849     1.2256     1.0900
2019.07123     1.4386     1.1000
2019.07397     2.9815     1.0700
2019.07671     3.3345     1.0800
2019.07945     2.0674     1.0700
2019.08219    -0.9496     1.0900
2019.08493     1.2234     1.1000
2019.08767    -1.0637     1.0900
2019.09041     2.1793     1.1200
2019.09315     2.4423     1.0800
2019.09589     1.1052     1.1400
2019.09863     2.3782     1.0600
2019.10137     2.1611     1.0900
2019.10411     2.2941     1.1400
2019.10685     2.6771     1.1300
2019.10959     1.4200     1.1000
2019.11233     2.2330     1.1100
2019.11507     1.7859     1.1500
2019.11781    -1.3611     1.1400
2019.12055     0.2519     1.1500
2019.12329     1.6048     1.1600
2019.12603     1.6178     1.1000
2019.12877     2.8007     1.1200
2019.13151     0.3837     1.0900
2019.13425     2.3467     1.1000
2019.13699    -0.2604     1.1000
2019.13973     1.6026     1.1100
2019.14247     1.6455     1.1300
2019.14521     1.6985     1.0800
2019.14795     1.4715     1.1400
2019.15068     0.4544     1.1200
2019.15342     2.0174     1.1300
2019.15616     0.0904     1.1000
2019.15890     1.1233     1.1200
2019.16164     0.2263     1.1100
2019.16438    -0.3408     1.1100
2019.16712     2.5322     1.1500
2019.16986     0.7852     1.1000
2019.17260     1.9581     1.1900
2019.17534     1.2611     1.1600
2019.17808     1.1140     1.1400
2019.18082     1.0070     1.1400
2019.18356     2.1900     1.1900
2019.18630     0.1929     1.1700
2019.18904    -0.3141     1.1400
2019.19178    -0.8412     1.1100
2019.19452     2.6118     1.0900
2019.19726     1.5348     1.1400
2019.20000     2.4077     1.1500
2019.20274    -0.1093     1.3100
2019.20548    -0.7963     1.3100
2019.20822     1.3866     1.1400
2019.21096    -0.4304     1.1100
2019.21370    -1.6775     1.1100
2019.21644     1.2155     1.1100
2019.21918    -0.4515     1.1000
2019.22192     2.1914     1.1400
2019.22466     1.4344     1.0700
2019.22740     3.0673     1.1300
2019.23014     3.0303     1.1300
2019.23288    -1.5867     1.0700
2019.23562     0.9962     1.0800
2019.23836    -1.5308     1.1300
2019.24110    -1.1379     1.1300
2019.24384     0.7751     1.1600
2019.24658    -2.3019     1.1300
2019.24932     0.3510     1.0800
2019.25205     2.4940     1.1300
2019.25479     1.3069     1.1300
2019.25753     0.4199     1.0900
2019.26027     1.6729     1.0900
2019.26301     0.6958     1.1400
2019.26575     1.2488     1.0900
2019.26849     2.8218     1.1700
2019.27123     2.9847     1.1800
2019.27397     2.9277     1.1300
2019.27671     0.1506     1.1200
2019.27945     2.5836     1.1000
2019.28219    -0.6334     1.1000
2019.28493    -0.2505     1.1000
2019.28767     2.4125     1.1000
2019.29041     1.2554     1.0800
2019.29315     3.5984     1.1300
2019.29589    -1.6086     1.1500
2019.29863    -0.9557     1.1200
2019.30137     2.4073     1.1400
2019.30411    -1.7898     1.1300
2019.30685    -0.0568     1.1000
2019.30959    -0.9638     1.0800
2019.31233     0.8891     1.1700
2019.31507    -0.1879     1.1000
2019.31781     0.3650     1.1300
2019.32055    -2.2020     1.1200
2019.32329    -0.3990     1.1300
2019.32603     2.2939     1.1400
2019.32877    -0.3931     1.1400
2019.33151     2.1799     1.1800
2019.33425    -1.7372     1.1800
2019.33699     1.3558     1.1400
2019.33973    -2.5313     1.1100
2019.34247    -1.8383     1.1500
2019.34521     0.0847     1.1500
2019.34795    -0.1124     1.1400
2019.35068    -0.3694     1.1200
2019.35342     0.5035     1.1100
2019.35616    -0.8335     1.1600
2019.35890     0.6895     1.1500
2019.36164    -2.5476     1.1400
2019.36438    -1.0146     1.1600
2019.36712    -4.3117     1.1700
2019.36986    -2.2487     1.1700
2019.37260    -1.7257     1.1400
2019.37534    -1.1328     1.2600
2019.37808     1.3602     1.1500
2019.38082    -4.0168     1.2200
2019.38356    -3.2939     1.1300
2019.38630    -0.6309     1.1400
2019.38904    -1.0880     1.1500
2019.39178     1.5150     1.1700
2019.39452     5.4180     1.1800
2019.39726    -0.4991     1.1400
2019.40000    -3.2561     1.1300
2019.40274     0.8868     1.1700
2019.40548     1.5398     1.1300
2019.40822     1.3828     1.1200
2019.41096     1.3757     1.1400
2019.41370     0.4587     1.1500
2019.41644     1.3716     1.1700
2019.41918    -1.2054     1.1700
2019.42192     1.6576     1.1300
2019.42466    -3.0995     1.1200
2019.42740     2.4835     1.1800
2019.43014    -0.4436     1.1600
2019.43288    -0.4906     1.1200
2019.43562     2.8924     1.2200
2019.43836     0.7553     1.2000
2019.44110    -1.0517     1.2300
2019.44384     1.1513     1.1700
2019.44658    -1.2858     1.2900
2019.44932     4.2372     1.5400
2019.45205     1.6801     1.1800
2019.45479     0.9831     1.1800
2019.45753    -0.7239     1.1700
2019.46027    -0.3810     1.1500
2019.46301     2.2620     1.2800
2019.46575    -2.9051     1.3100
2019.46849     2.3779     1.2500
2019.47123     1.2209     1.2000
2019.47397     1.8338     1.2300
2019.47671     5.5368     1.1900
2019.47945     2.0197     1.2000
2019.48219     1.1127     1.2000
2019.48493    -0.5343     1.2200
2019.48767     0.0286     1.2400
2019.49041    -1.9884     1.2400
2019.49315    -1.2654     1.2400
2019.49589    -0.2925     1.2800
2019.49863    -1.9295     1.3200
2019.50137     0.0934     1.2800
2019.50411    -1.6336     1.2700
2019.50685     0.1394     1.2100
2019.50959     0.4423     1.2500
2019.51233     6.0453     1.2200
2019.51507    -1.3018     1.2600
2019.51781    -4.7488     1.3500
2019.52055     5.0342     1.4100
2019.52329     2.3471     1.2200
2019.52603    -0.7499     1.1700
2019.52877    -1.3470     1.2500
2019.53151     1.1660     1.2000
2019.53425     0.2490     1.2100
2019.53699    -2.8181     1.2000
2019.53973    -1.1651     1.2100
2019.54247     0.5878     1.3500
2019.54521     0.4208     1.3300
2019.54795     0.6638     1.2500
2019.55068     1.4467     1.2900
2019.55342    -2.9903     1.2400
2019.55616     0.1527     1.2200
2019.55890    -1.2844     1.2800
2019.56164     0.3586     1.2400
2019.56438     1.2615     1.2200
2019.56712    -4.8455     1.2100
2019.56986    -2.3725     1.2200
2019.57260    -0.8996     1.2300
2019.57534    -5.5166     1.2200
2019.57808    -2.7437     1.2600
2019.58082    -3.0007     1.2400
2019.58356    -1.4577     1.2200
2019.58630    -0.5548     1.2400
2019.58904    -1.9918     1.2400
2019.59178    -3.2589     1.2200
2019.59452    -0.1559     1.2400
2019.59726    -2.2129     1.2900
2019.60000    -0.7000     1.2900
2019.60274    -0.5970     1.2100
2019.60548    -1.3040     1.3100
2019.60822    -2.0311     1.3100
2019.61096    -6.2081     1.3700
2019.61370     2.8048     1.3700
2019.61644    -1.8922     1.3900
2019.61918     1.8408     1.4500
2019.62192    -5.3763     1.3600
2019.62466    -2.4233     1.3000
2019.62740     0.4496     1.2800
2019.63014     1.5226     1.2600
2019.63288    -4.7344     1.2200
2019.63562    -1.4615     1.2100
2019.63836    -0.7485     1.2500
2019.64110     1.4644     1.6300
2019.64384    -0.1326     1.3500
2019.64658    -2.5296     1.3200
2019.64932    -5.5167     1.2600
2019.65205    -1.9337     1.2600
2019.65479    -1.7708     1.2600
2019.65753    -1.1078     1.2900
2019.66027     0.1852     1.3300
2019.66301    -4.8219     1.2900
2019.66575     2.1311     1.2300
2019.66849    -3.7759     1.2400
2019.67123    -4.0730     1.2900
2019.67397    -3.4000     1.2500
2019.67671    -1.1771     1.2500
2019.67945    -1.0441     1.3800
2019.68219    -5.1111     1.2400
2019.68493     0.4818     1.2500
2019.68767     2.9748     1.4400
2019.69041    -2.5923     1.4200
2019.69315     1.1407     1.3300
2019.69589     0.3037     1.2800
2019.69863    -4.3334     1.3100
2019.70137    -3.4404     1.4400
2019.70411     1.3225     1.3300
2019.70685     1.3655     1.3500
2019.70959    -1.6415     1.2700
2019.71233    -0.2186     1.2600
2019.71507    -2.1656     1.2400
2019.71781    -2.8926     1.3200
2019.72055    -0.8197     1.3600
2019.72329    -1.5767     1.3300
2019.72603    -0.3438     1.2700
2019.72877    -0.0308     1.3200
2019.73151     0.0722     1.2900
2019.73425     0.0951     1.3000
2019.73699     1.8181     1.3100
2019.73973    -0.3390     1.4100
2019.74247    -0.3760     1.3700
2019.74521    -1.0330     1.3300
2019.74795     0.7199     1.3300
2019.75068     2.2529     1.3700
2019.75342     1.0958     1.4400
2019.75616     0.5788     1.4100
2019.75890     2.0618     1.3700
2019.76164     2.3947     1.3700
2019.76438     1.4277     1.3200
2019.76712    -1.9194     1.3200
2019.76986    -1.6164     1.3700
2019.77260     0.2666     1.3500
2019.77534    -0.2605     1.3700
2019.77808    -0.2275     1.3700
2019.78082     0.3955     1.3100
2019.78356     4.2084     1.3600
2019.78630    -0.9586     1.3000
2019.78904     1.2043     1.3700
2019.79178     1.0673     1.3300
2019.79452     2.7803     1.3900
2019.79726    -0.3468     1.3500
2019.80000     1.5562     1.3800
2019.80274    -0.4109     1.3600
2019.80548    -0.1779     1.3700
2019.80822     1.0551     1.4200
2019.81096     0.3280     1.4300
2019.81370     0.5110     1.4000
2019.81644     0.2939     1.4000
2019.81918     0.6069     1.3700
2019.82192    -0.0501     1.3600
2019.82466     2.2728     1.3500
2019.82740     0.7558     1.3700
2019.83014    -1.2612     1.4000
2019.83288    -1.0583     1.4600
2019.83562    -1.6053     1.3700
2019.83836     2.6476     1.3700
2019.84110     2.0506     1.4000
2019.84384    -0.7564     1.4600
2019.84658     1.0665     1.4600
2019.84932    -3.2105     1.4200
2019.85205    -0.4476     1.3800
2019.85479     2.2354     1.3500
2019.85753     3.6884     1.3400
2019.86027    -2.3987     1.3400
2019.86301    -0.9157     1.3500
2019.86575     0.2572     1.4000
2019.86849     0.8802     1.3500
2019.87123     0.5932     1.3500
2019.87397    -2.0239     1.3200
2019.87671    -1.2609     1.4100
2019.87945     3.4420     1.3900
2019.88219     2.5150     1.3800
2019.88493    -0.6120     1.3700
2019.88767     0.4609     1.4000
2019.89041    -1.8261     1.3500
2019.89315    -3.3631     1.3600
2019.89589    -2.7902     1.3600
2019.89863     1.4528     1.4000
2019.90137     0.3457     1.3600
2019.90411    -1.7713     1.3800
2019.90685    -0.1083     1.3700
2019.90959    -0.9554     1.3500
2019.91233    -1.5724     1.3700
2019.91507     0.1405     1.4000
2019.91781    -2.0565     1.3700
2019.92055    -2.2635     1.3600
2019.92329     0.2994     1.3700
2019.92603    -1.6776     1.3600
2019.92877    -1.6147     1.3800
2019.93151    -3.6717     1.3900
2019.93425    -2.4987     1.3800
2019.93699    -2.6258     1.3600
2019.93973    -3.6128     1.4000
2019.94247    -3.3398     1.4100
2019.94521    -4.4769     1.3800
2019.94795    -5.1739     1.3700
2019.95068    -2.9810     1.3900
2019.95342    -0.1980     1.3400
2019.95616    -0.1050     1.3700
2019.95890     1.2879     1.3600
2019.96164    -1.2291     1.3900
2019.96438    -3.7562     1.3800
2019.96712    -1.9432     1.4200
2019.96986    -1.0902     1.3100
2019.97260    -3.9073     1.3300
2019.97534     0.7757     1.3600
2019.97808     0.2386     1.3800
2019.98082    -2.4284     1.3500
2019.98356     1.6446     1.3600
2019.98630    -2.3525     1.3400
2019.98904    -2.0295     1.3800
2019.99178     1.6334     1.3700
2019.99452     2.1864     1.3700
2019.99726     0.0294     1.3100
2020.00000     0.7023     1.3100
2020.00273    -1.2048     1.3400
2020.00546    -1.7019     1.3300
2020.00820    -5.8791     1.3300
2020.01093    -3.4362     1.3100
2020.01366    -2.3033     1.3400
2020.01639    -0.5604     1.3100
2020.01913     2.9624     1.3200
2020.02186    -0.7747     1.3400
2020.02459     1.1882     1.3100
2020.02732    -1.6390     1.3400
2020.03005    -1.5361     1.3600
2020.03279     0.6368     1.3700
2020.03552     0.7697     1.3400
2020.03825     1.9025     1.3400
2020.04098     2.0954     1.3600
2020.04372     0.7483     1.3800
2020.04645     1.8411     1.3500
2020.04918     0.3440     1.3100
2020.05191    -0.5031     1.3200
2020.05464    -2.3603     1.2600
2020.05738    -1.6374     1.2700
2020.06011    -3.2745     1.2700
2020.06284    -0.2716     1.3300
2020.06557    -2.2388     1.3600
2020.06831    -1.0559     1.3300
2020.07104     3.5870     1.3100
2020.07377     1.0698     1.3500
2020.07650    -3.0973     1.3300
2020.07923     1.2056     1.3400
2020.08197    -3.7015     1.2900
2020.08470    -5.8587     1.2900
2020.08743    -3.5158     1.3100
2020.09016    -2.4329     1.3200
2020.09290    -1.3501     1.3400
2020.09563    -0.1972     1.3200
2020.09836    -3.6243     1.2800
2020.10109    -2.3414     1.3000
2020.10383    -0.4486     1.3100
2020.10656     1.1243     1.3300
2020.10929    -1.9028     1.2800
2020.11202    -2.5600     1.2800
2020.11475    -3.9271     1.2700
2020.11749    -3.7642     1.3300
2020.12022    -2.1813     1.3700
2020.12295     2.1615     1.3200
2020.12568    -0.9656     1.3100
2020.12842    -2.7127     1.3200
2020.13115    -2.3999     1.3700
2020.13388    -1.9070     1.3300
2020.13661    -2.5541     1.3600
2020.13934    -1.1113     1.3500
2020.14208    -1.6384     1.3100
2020.14481    -0.0755     1.3300
2020.14754    -0.4226     1.3300
2020.15027    -4.0198     1.3100
2020.15301    -0.0069     1.3200
2020.15574     0.1360     1.3200
2020.15847     0.1988     1.3200
2020.16120    -0.3983     1.3300
2020.16393    -1.7554     1.3200
2020.16667    -2.0625     1.3300
2020.16940    -1.4797     1.3000
2020.17213    -3.2668     1.3100
2020.17486    -1.6339     1.3100
2020.17760    -0.1311     1.3000
2020.18033    -0.4182     1.3000
2020.18306     0.8847     1.2900
2020.18579    -0.4624     1.3000
2020.18852     0.8804     1.3300
2020.19126    -0.8667     1.3000
2020.19399     2.7762     1.2800
2020.19672     2.0490     1.3000
2020.19945     0.4119     1.3000
2020.20219    -0.1452     1.3300
2020.20492     0.8376     1.3000
2020.20765    -3.4695     1.2800
2020.21038    -1.5466     1.2900
2020.21311     3.0163     1.4200
2020.21585     0.2691     1.4100
2020.21858    -3.4280     1.3000
2020.22131     0.1349     1.3100
2020.22404     0.1377     1.3100
2020.22678     2.3706     1.2900
2020.22951    -0.6665     1.2700
2020.23224    -2.0536     1.2900
2020.23497    -0.4308     1.3300
2020.23770     0.3021     1.2700
2020.24044     0.0150     1.2800
2020.24317    -4.2822     1.2500
2020.24590    -1.2893     1.2500
2020.24863    -1.3364     1.2900
2020.25137    -0.3935     1.2900
2020.25410    -0.1807     1.2600
2020.25683     1.5722     1.3000
2020.25956    -3.8549     1.2600
2020.26230    -1.5621     1.2700
2020.26503    -2.3792     1.1000
2020.26776    -0.2463     1.1000
2020.27049    -3.2134     1.1400
2020.27322    -2.1406     1.1600
2020.27596    -1.4577     1.1300
2020.27869     0.2952     1.1600
2020.28142    -4.0320     1.1300
2020.28415    -3.7491     1.1200
2020.28689    -2.0462     1.0900
2020.28962    -2.9534     1.0700
2020.29235    -0.4405     1.0500
2020.29508    -0.0076     1.1000
2020.29781    -2.2047     1.0600
2020.30055    -0.5119     1.0600
2020.30328    -0.1790     1.0400
2020.30601    -1.2661     1.0400
2020.30874    -0.9033     1.0600
2020.31148    -2.1804     1.1000
2020.31421    -1.6375     1.0600
2020.31694    -1.7446     1.0400
2020.31967    -1.4418     1.0200
2020.32240    -1.9989     1.0500
2020.32514    -2.1660     1.0700
2020.32787     2.7968     1.0800
2020.33060    -0.2703     1.0400
2020.33333    -3.8174     1.0400
2020.33607     0.7855     1.0600
2020.33880    -0.0517     1.0400
2020.34153    -0.8388     1.1000
2020.34426     0.3741     1.0800
2020.34699     0.6669     1.0400
2020.34973    -0.6602     1.0900
2020.35246    -1.3673     1.0700
2020.35519    -1.2645     1.1100
2020.35792    -0.2816     1.0700
2020.36066    -2.7387     1.1000
2020.36339    -1.7558     1.0600
2020.36612    -1.5930     1.0600
2020.36885    -1.0101     1.0800
2020.37158    -1.3872     1.1100
2020.37432    -2.9144     1.1100
2020.37705    -1.2815     1.0600
2020.37978    -3.2286     1.0700
2020.38251    -1.8057     1.0600
2020.38525     0.5771     1.0900
2020.38798     1.0700     1.1000
2020.39071    -0.1971     1.0500
2020.39344    -1.2543     1.0600
2020.39617    -1.3214     1.0600
2020.39891    -2.6885     1.1600
2020.40164    -1.5356     1.1000
2020.40437    -3.5628     1.0900
2020.40710    -2.0199     1.0600
2020.40984    -0.9570     1.0600
2020.41257    -4.0042     1.0500
2020.41530    -4.0913     1.0400
2020.41803    -3.7784     1.1100
2020.42077    -5.3255     1.0200
2020.42350    -3.1827     1.1400
2020.42623    -4.0598     1.1000
2020.42896    -4.4069     1.1000
2020.43169    -3.4441     1.0800
2020.43443    -1.1412     1.0800
2020.43716    -2.5183     1.1100
2020.43989    -2.5355     1.1100
2020.44262    -3.4426     1.0700
2020.44536    -6.3897     1.0700
2020.44809    -2.7768     1.0800
2020.45082    -3.9140     1.0500
2020.45355    -4.2811     1.0500
2020.45628    -3.3482     1.0500
2020.45902    -4.8854     1.0500
2020.46175    -3.8525     1.0600
2020.46448    -4.2896     1.0500
2020.46721    -4.5567     1.0700
2020.46995    -3.6239     1.0700
2020.47268    -3.6910     1.0700
2020.47541    -2.0881     1.1000
2020.47814    -0.7653     1.1100
2020.48087    -4.7524     1.0600
2020.48361    -3.3395     1.0800
2020.48634    -5.2966     1.0700
2020.48907    -2.8438     1.1000
2020.49180    -1.8509     1.1200
2020.49454    -4.0180     1.1300
2020.49727    -3.5652     1.0900
2020.50000    -4.2323     1.0900
2020.50273    -1.9794     1.0900
2020.50546    -1.6066     1.0800
2020.50820    -3.8337     1.0700
2020.51093    -4.6008     1.1200
2020.51366    -6.2479     1.0700
2020.51639    -4.3351     1.1100
2020.51913    -4.2422     1.1200
2020.52186    -2.7193     1.1300
2020.52459    -5.6165     1.1300
2020.52732    -5.3436     1.1400
2020.53005    -3.2407     1.1500
2020.53279    -2.3178     1.1100
2020.53552    -3.1750     1.1300
2020.53825    -6.1921     1.1800
2020.54098    -6.7092     1.1200
2020.54372    -1.6964     1.1200
2020.54645    -3.0435     1.1300
2020.54918    -5.6806     1.2100
2020.55191    -5.6177     1.1700
2020.55464    -2.0049     1.1700
2020.55738    -5.5220     1.2000
2020.56011    -6.5991     1.1800
2020.56284    -6.0663     1.1700
2020.56557    -5.2434     1.2100
2020.56831    -3.4205     1.2000
2020.57104    -2.6776     1.2200
2020.57377    -2.8448     1.2000
2020.57650    -5.6419     1.1900
2020.57923    -6.4790     1.2000
2020.58197    -5.6862     1.2000
2020.58470    -1.2233     1.2200
2020.58743    -5.8404     1.2000
2020.59016    -3.3476     1.1800
2020.59290    -5.1447     1.2200
2020.59563    -2.8418     1.3200
2020.59836    -5.4389     1.3100
2020.60109    -6.1961     1.1800
2020.60383    -5.3932     1.1400
2020.60656    -5.8003     1.1900
2020.60929    -7.4475     1.1900
2020.61202    -6.2046     1.2300
2020.61475    -5.7817     1.4200
2020.61749    -4.6488     1.1500
2020.62022    -8.3860     1.1500
2020.62295    -4.9431     1.2500
2020.62568    -6.2602     1.2100
2020.62842    -6.2574     1.1600
2020.63115    -4.3445     1.2000
2020.63388    -6.0116     1.1900
2020.63661    -5.1487     1.2200
2020.63934    -7.5659     1.3000
2020.64208    -6.5930     1.2600
2020.64481    -7.5401     1.2100
2020.64754   -12.5973     1.3500
2020.65027    -5.8044     1.3100
2020.65301    -7.7015     1.3200
2020.65574    -2.0187     1.2700
2020.65847    -4.5758     1.2400
2020.66120    -5.9329     1.2500
2020.66393    -5.0900     1.2700
2020.66667    -4.5072     1.2600
2020.66940    -5.0743     1.2900
2020.67213    -3.9214     1.2900
2020.67486    -2.2086     1.5700
2020.67760    -6.5657     1.2400
2020.68033    -7.0828     1.2400
2020.68306    -6.0999     1.2500
2020.68579    -4.3171     1.2200
2020.68852    -2.9342     1.2200
2020.69126    -3.3813     1.2700
2020.69399    -7.1585     1.3800
2020.69672    -1.9056     1.2900
2020.69945    -5.4127     1.2500
2020.70219    -3.5798     1.2300
2020.70492    -3.1770     1.3500
2020.70765    -3.1841     1.3400
2020.71038    -7.7312     1.3000
2020.71311    -4.1484     1.3100
2020.71585    -2.4155     1.2600
2020.71858    -4.1226     1.2500
2020.72131    -5.9897     1.2400
2020.72404    -3.0369     1.2400
2020.72678    -6.9040     1.2300
2020.72951    -6.5011     1.2000
2020.73224    -6.7483     1.2100
2020.73497    -6.7954     1.2300
2020.73770    -5.3625     1.2500
2020.74044    -4.7297     1.2300
2020.74317    -4.6868     1.2400
2020.74590    -5.7039     1.2300
2020.74863    -2.8110     1.2600
2020.75137    -3.5582     1.3500
2020.75410    -7.8753     1.3400
2020.75683    -4.5024     1.2500
2020.75956    -5.0496     1.2300
2020.76230    -6.8767     1.2600
2020.76503    -5.4938     1.2900
2020.76776    -2.5809     1.3400
2020.77049    -6.6881     1.3000
2020.77322    -3.8552     1.2900
2020.77596    -5.0823     1.3100
2020.77869    -5.9595     1.3100
2020.78142    -5.6466     1.3500
2020.78415    -5.6437     1.3200
2020.78689    -7.8008     1.2500
2020.78962    -1.8180     1.2800
2020.79235    -3.1251     1.3300
2020.79508    -6.5022     1.3400
2020.79781    -5.2094     1.2900
2020.80055    -6.0865     1.3000
2020.80328    -5.2236     1.2900
2020.80601    -5.8208     1.4100
2020.80874    -4.1179     1.3500
2020.81148    -5.2550     1.2900
2020.81421    -3.7221     1.2800
2020.81694    -7.0993     1.2800
2020.81967    -3.3464     1.2300
2020.82240    -3.2635     1.2800
2020.82514    -4.2807     1.3100
2020.82787    -2.5478     1.3100
2020.83060    -6.6449     1.3100
2020.83333    -4.2720     1.3000
2020.83607    -2.6592     1.2400
2020.83880    -5.0763     1.2300
2020.84153    -4.8034     1.2300
2020.84426    -3.6206     1.2600
2020.84699    -5.4277     1.3000
2020.84973    -3.9348     1.2800
2020.85246    -4.8519     1.3100
2020.85519    -5.3991     1.2500
2020.85792    -4.0162     1.2700
2020.86066    -4.5133     1.2200
2020.86339    -4.0105     1.1900
2020.86612    -4.3176     1.2600
2020.86885    -4.2647     1.1800
2020.87158    -6.0018     1.1900
2020.87432    -5.1590     1.2100
2020.87705    -4.6861     1.2000
2020.87978    -5.0832     1.2200
2020.88251    -6.9604     1.1600
2020.88525    -5.0775     1.2200
2020.88798    -5.8846     1.2000
2020.89071    -4.8918     1.1600
2020.89344    -4.4389     1.1900
2020.89617    -7.9860     1.2700
2020.89891    -4.4431     1.2000
2020.90164    -4.2303     1.2500
2020.90437    -7.5574     1.1700
2020.90710    -6.1245     1.2500
2020.90984    -6.2917     1.3000
2020.91257    -1.9988     1.2900
2020.91530    -7.4659     1.2700
2020.91803    -4.7630     1.3000
2020.92077    -7.8202     1.3500
2020.92350    -9.6873     1.3100
2020.92623    -4.9744     1.3200
2020.92896    -3.4016     1.3200
2020.93169    -4.1887     1.3300
2020.93443    -6.8058     1.3800
2020.94262    -0.3072     1.4700
2020.94536    -2.7243     1.2400
2020.94809    -0.8715     1.2600
2020.95082    -1.5786     1.2700
2020.95355    -3.0657     1.2200
2020.95628    -4.1628     1.2600
2020.95902    -2.0500     1.2100
2020.96175    -2.2471     1.2800
2020.96448    -0.7142     1.2400
2020.96721    -1.5714     1.2700
2020.96995    -4.9985     1.3000
2020.97268    -5.3456     1.2700
2020.97541    -4.2428     1.3000
2020.97814    -4.5599     1.3000
2020.98087    -3.2870     1.2600
2020.98361    -3.8341     1.2900
2020.98634    -0.8213     1.2800
2020.98907    -0.4684     1.2600
2020.99180    -3.0855     1.2600
2020.99727    -7.8098     1.5500
2021.00000    -5.1469     1.2200
2021.00274    -6.0940     1.2400
2021.00548    -5.0610     1.2400
2021.00822    -5.1080     1.1700
2021.01096    -4.9451     1.1900
2021.01370    -5.4521     1.2100
2021.01644    -2.0591     1.2000
2021.01918    -4.9662     1.2500
2021.02192    -7.5132     1.2100
2021.02466    -6.8103     1.1600
2021.02740    -8.1873     1.2000
2021.03014    -7.1143     1.1800
2021.03288    -6.0214     1.1600
2021.03562    -5.3684     1.1900
2021.03836    -6.9555     1.1500
2021.04110    -4.2225     1.1300
2021.04384    -5.7095     1.1900
2021.04658    -6.9466     1.1500
2021.04932    -4.8536     1.1500
2021.05205    -7.6907     1.2400
2021.05479    -6.3677     1.1900
2021.05753    -5.0747     1.5400
2021.06027    -2.4418     1.1900
2021.06301    -4.6388     1.1400
2021.06575    -4.1959     1.2100
2021.06849    -5.1629     1.1700
2021.07123    -4.9499     1.2100
2021.07397    -6.8570     1.2200
2021.07671    -4.2140     1.1700
2021.07945    -3.7010     1.2000
2021.08219    -6.9181     1.1400
2021.08493    -6.6651     1.2200
2021.08767    -7.4522     1.2700
2021.09041    -6.2792     1.1500
2021.09315    -6.8062     1.1600
2021.09589    -8.6733     1.1300
2021.09863    -7.8703     1.2100
2021.10137    -7.1574     1.1500
2021.10411    -9.0944     1.1700
2021.10685    -6.8614     1.1700
2021.10959    -9.6785     1.2400
2021.11233    -7.0555     1.3000
2021.11507   -11.0126     1.2000
2021.11781    -9.6696     1.1800
2021.12055    -7.8766     1.1600
2021.12329    -9.4737     1.2300
2021.12603    -8.9607     1.2400
2021.12877    -6.0477     1.2200
2021.13151    -7.7648     1.2600
2021.13425    -5.0818     1.2600
2021.13699    -8.3289     1.2300
2021.13973   -11.2059     1.2300
2021.14247    -9.0729     1.2200
