2015.70137      1.11      1.19
2015.70411      0.99      0.98
2015.70685     -0.50      1.05
2015.70959      0.46      0.99
2015.71233     -0.13      1.00
2015.71507     -0.58      0.98
2015.71781     -0.14      0.96
2015.72055     -0.05      1.08
2015.72329      2.20      0.98
2015.72603      0.79      0.98
2015.72877      2.01      0.97
2015.73151     -1.17      1.04
2015.73425      0.29      1.00
2015.73699      2.52      1.03
2015.73973      0.06      1.14
2015.74247     -0.91      1.03
2015.74521      1.27      1.12
2015.74795      1.26      1.04
2015.75068     -1.28      1.00
2015.75342     -0.72      0.97
2015.75616      1.95      0.98
2015.75890      1.29      1.00
2015.76164      3.21      1.05
2015.76438      1.92      0.99
2015.76712      0.48      0.99
2015.76986      2.51      1.01
2015.77260      2.83      1.04
2015.77534      3.44      1.00
2015.77808      1.11      0.99
2015.78082      0.11      0.98
2015.78356      1.11      1.03
2015.78630      2.25      1.10
2015.78904      0.00      0.98
2015.79178      1.92      0.97
2015.79452      0.52      1.00
2015.79726      3.26      1.09
2015.80000      2.35      1.09
2015.80274      3.56      1.04
2015.80548      2.95      1.05
2015.80822      1.45      0.99
2015.81096      1.69      1.08
2015.81370      0.13      0.98
2015.81644      1.28      1.05
2015.81918      3.58      1.02
2015.82192      0.24      1.00
2015.82466      0.47      1.01
2015.82740     -0.09      1.00
2015.83014      2.21      1.07
2015.83288      2.12      1.05
2015.83562      0.44      1.05
2015.83836     -0.20      1.03
2015.84110     -0.67      1.03
2015.84384      2.44      1.01
2015.84658      2.68      1.02
2015.84932      3.91      1.02
2015.85205      0.46      1.03
2015.85479      3.32      1.04
2015.85753      2.61      1.00
2015.86027     -0.13      1.00
2015.86301      0.84      1.01
2015.86575      0.19      1.03
2015.86849      0.46      1.04
2015.87123      0.75      1.03
2015.87397     -1.37      1.02
2015.87671      2.50      1.04
2015.87945      1.72      1.01
2015.88219      1.51      1.02
2015.88493     -0.07      1.01
2015.88767     -0.39      1.01
2015.89041      4.94      0.99
2015.89315      3.34      1.02
2015.89589      3.84      1.01
2015.89863      3.04      1.00
2015.90137      0.30      1.00
2015.90411      1.11      1.05
2015.90685      1.58      1.00
2015.90959      1.21      1.01
2015.91233      3.34      1.01
2015.91507      3.24      1.05
2015.91781      1.23      1.04
2015.92055      1.06      1.05
2015.92329      0.55      1.03
2015.92603     -2.16      1.01
2015.92877      1.01      1.01
2015.93151     -0.48      1.06
2015.93425     -0.13      1.05
2015.93699     -1.29      1.06
2015.93973      1.16      1.05
2015.94247      0.91      1.05
2015.94521     -0.33      1.02
2015.94795      0.83      1.01
2015.95068      1.64      1.00
2015.95342      1.53      1.00
2015.95616     -1.08      1.04
2015.95890      0.86      1.02
2015.96164      2.87      1.02
2015.96438      2.81      1.01
2015.96712     -0.14      1.03
2015.96986      0.68      1.03
2015.97260     -0.17      0.99
2015.97534      0.63      1.00
2015.97808      0.56      1.01
2015.98082      2.54      0.99
2015.98356      2.27      1.00
2015.98630      1.78      1.02
2015.98904      1.13      0.99
2015.99178      2.48      1.00
2015.99452      2.15      0.97
2015.99726      3.24      0.99
2016.00000      1.70      1.00
2016.00273     -0.11      1.02
2016.00546     -1.00      1.00
2016.00820      0.54      0.98
2016.01093      0.21      1.02
2016.01366      2.65      1.01
2016.01639     -1.20      1.04
2016.01913     -0.36      1.05
2016.02186      0.21      1.00
2016.02459      2.23      0.99
2016.02732      1.43      1.02
2016.03005      0.97      1.04
2016.03279     -1.04      1.05
2016.03552     -0.12      1.01
2016.03825      0.29      1.05
2016.04098      4.03      1.02
2016.04372      0.53      1.02
2016.04645      0.02      1.02
2016.04918     -0.18      1.00
2016.05191      2.58      1.02
2016.05464      4.23      0.99
2016.05738      2.05      1.01
2016.06011      0.22      1.00
2016.06284      1.60      0.99
2016.06557     -2.05      1.00
2016.06831     -0.81      0.99
2016.07104     -0.79      0.99
2016.07377      0.30      1.02
2016.07650     -2.30      1.06
2016.07923     -2.36      1.00
2016.08197      2.95      1.03
2016.08470      3.28      0.99
2016.08743      2.91      0.99
2016.09016      1.74      1.00
2016.09290      0.67      1.01
2016.09563     -1.65      0.98
2016.09836     -9.18      1.02
2016.10109     -8.95      1.00
2016.10656     -7.56      1.00
2016.10929     -7.60      0.99
2016.11202     -8.73      1.04
2016.11475     -4.02      1.02
2016.11749     -8.58      1.01
2016.12022     -7.53      1.01
2016.12295     -8.42      0.99
2016.12568     -7.21      1.02
2016.12842     -7.65      1.01
2016.13115     -6.23      0.98
2016.13388     -5.35      0.99
2016.13661     -6.63      1.00
2016.13934     -4.15      0.99
2016.14208     -6.05      0.98
2016.14481     -4.96      0.97
2016.14754     -5.77      1.03
2016.15027     -6.42      0.97
2016.15301     -7.80      0.99
2016.15574     -7.61      0.99
2016.15847     -6.04      1.00
2016.16120     -5.22      1.00
2016.16393     -3.84      0.99
2016.16667     -6.32      1.00
2016.16940     -6.09      0.97
2016.17213     -6.30      1.03
2016.17486     -5.84      0.99
2016.17760     -5.22      0.99
2016.18033     -5.00      1.02
2016.18306     -4.25      1.05
2016.18579     -5.75      0.99
2016.18852     -3.77      0.98
2016.19126     -4.57      0.94
2016.19399     -4.31      0.96
2016.19672     -6.04      1.01
2016.19945     -6.20      1.00
2016.20219     -4.77      0.99
2016.20492     -2.81      1.02
2016.20765     -6.13      0.99
2016.21038     -3.90      1.03
2016.21311     -5.04      0.99
2016.21585     -3.14      0.97
2016.21858     -2.53      0.97
2016.22131     -3.04      0.93
2016.22404     -2.21      0.99
2016.22678     -2.55      0.96
2016.22951     -1.68      0.96
2016.23224     -2.53      0.99
2016.23497     -3.72      0.98
2016.23770     -5.07      0.97
2016.24044     -3.22      0.97
2016.24317     -1.85      0.96
2016.24590     -1.33      0.98
2016.24863     -2.44      1.26
2016.25137     -3.64      0.96
2016.25410     -0.06      0.97
2016.25683     -4.22      0.98
2016.25956     -1.91      0.96
2016.26230     -1.35      0.98
2016.26503     -2.68      1.00
2016.26776     -1.98      0.99
2016.27049     -2.60      0.98
2016.27322     -0.62      1.00
2016.27596     -0.45      0.98
2016.27869     -1.54      1.00
2016.28142     -5.76      1.09
2016.28415     -5.18      1.07
2016.28689     -4.25      1.01
2016.28962     -2.01      0.99
2016.29235     -0.57      0.98
2016.29508     -0.34      0.98
2016.29781      0.40      0.99
2016.30055     -3.38      0.99
2016.30328     -0.13      0.99
2016.30601     -0.94      0.95
2016.30874     -2.11      0.98
2016.31148     -0.39      0.99
2016.31421     -2.45      0.98
2016.31694     -0.27      0.97
2016.31967      1.53      0.98
2016.32240      1.35      0.95
2016.32514      0.07      0.96
2016.32787     -1.42      0.94
2016.33060     -0.39      0.97
2016.33333      0.87      0.98
2016.33607      1.27      0.96
2016.33880      1.46      0.97
2016.34153     -0.20      0.95
2016.34426     -1.34      0.96
2016.34699      3.61      0.96
2016.34973      2.07      0.98
2016.35246      2.29      0.93
2016.35519      1.20      0.99
2016.35792     -2.30      0.98
2016.36066      0.69      0.96
2016.36339      1.00      1.20
2016.36612     -0.36      0.94
2016.36885      1.47      0.91
2016.37158     -1.92      0.91
2016.37432     -2.19      0.89
2016.37705     -0.79      0.89
2016.37978      1.09      0.93
2016.38251      3.02      0.92
2016.38525      0.40      0.92
2016.38798      1.88      0.93
2016.39071      3.95      0.91
2016.39344      0.93      0.92
2016.39617     -0.20      0.94
2016.39891     -1.27      0.92
2016.40164      2.24      0.94
2016.40437      1.89      0.91
2016.40710      2.65      0.92
2016.40984      0.62      0.93
2016.41257     -0.71      0.91
2016.41530     -0.94      0.90
2016.41803      0.79      0.93
2016.42077      0.63      0.90
2016.42350      2.28      0.93
2016.42623     -0.26      0.95
2016.42896     -2.27      0.93
2016.43169     -0.54      0.97
2016.43443      3.58      0.95
2016.43716      2.35      0.92
2016.43989      0.43      0.91
2016.44262     -0.80      0.92
2016.44536     -4.24      0.97
2016.44809     -1.52      0.94
2016.45082     -0.36      0.95
2016.45355     -2.52      0.94
2016.45628     -2.80      0.93
2016.45902     -1.30      0.92
2016.46175      0.83      0.92
2016.46448     -0.48      0.92
2016.46721     -0.81      0.91
2016.46995     -0.50      0.91
2016.47268      2.33      0.93
2016.47541      1.12      0.92
2016.47814      1.08      0.92
2016.48087      0.75      0.93
2016.48361      2.64      0.94
2016.48634      0.94      0.91
2016.48907      0.40      0.92
2016.49180     -0.75      0.91
2016.49454     -0.74      0.94
2016.49727     -1.60      0.94
2016.50000     -2.12      0.92
2016.50273     -0.70      0.92
2016.50546     -2.95      0.93
2016.50820     -2.33      0.91
2016.51093     -1.18      0.91
2016.51366      0.63      0.91
2016.51639     -1.29      0.97
2016.51913     -4.35      0.94
2016.52186     -1.32      0.92
2016.52459     -1.91      0.98
2016.52732     -1.00      0.95
2016.53005     -0.67      0.92
2016.53279     -1.26      0.90
2016.53552     -0.82      0.92
2016.53825      0.00      0.94
2016.54098     -2.12      0.93
2016.54372     -1.10      0.92
2016.54645      0.82      0.94
2016.54918      2.55      0.95
2016.55191      0.94      0.92
2016.55464      1.71      0.95
2016.55738     -0.80      0.95
2016.56011     -2.25      0.93
2016.56284     -1.67      0.91
2016.56557     -1.56      0.95
2016.56831     -3.57      1.01
2016.57104      2.78      0.94
2016.57377     -1.17      0.94
2016.57650     -2.02      0.94
2016.57923      1.03      0.93
2016.58197      0.91      0.93
2016.58470      2.90      0.89
2016.58743     -0.90      0.92
2016.59016      2.19      0.94
2016.59290      1.20      0.91
2016.59563      1.60      0.94
2016.59836     -0.23      0.97
2016.60109      2.17      0.93
2016.60383     -1.26      0.93
2016.60656      5.74      0.94
2016.60929     -1.24      0.92
2016.61202     -0.27      0.91
2016.61475     -0.96      0.90
2016.61749      1.00      0.94
2016.62022      0.63      0.92
2016.62295      0.69      0.94
2016.62568      0.96      0.92
2016.62842      1.19      0.93
2016.63115      0.74      0.97
2016.63388     -0.94      0.93
2016.63661      3.21      0.94
2016.63934      2.45      0.92
2016.64208      0.51      0.92
2016.64481     -2.93      0.94
2016.64754     -1.91      0.92
2016.65027      3.49      0.94
2016.65301      0.62      0.95
2016.65574      0.83      0.92
2016.65847      2.56      0.93
2016.66120     -1.04      0.90
2016.66393      2.41      1.13
2016.66667      1.46      0.91
2016.66940      0.99      1.01
2016.67213     -1.27      0.91
2016.67486      1.07      0.94
2016.67760     -2.22      0.94
2016.68033      1.08      0.95
2016.68306      2.04      0.95
2016.68579      1.37      0.96
2016.68852      3.40      0.94
2016.69126      2.00      0.90
2016.69399      1.36      0.89
2016.69672      3.54      0.93
2016.69945      2.71      0.90
2016.70219      0.22      1.01
2016.70492      2.46      0.96
2016.70765      0.44      0.94
2016.71038      3.89      0.93
2016.71311      4.78      0.89
2016.71585      1.47      0.90
2016.71858     -0.46      0.91
2016.72131      3.15      0.90
2016.72404      3.41      0.91
2016.72678      7.50      0.92
2016.72951      0.18      0.89
2016.73224     -0.42      0.90
2016.73497      1.95      0.90
2016.73770      2.01      0.95
2016.74044      4.50      0.98
2016.74317      0.97      0.92
2016.74590      0.84      0.91
2016.74863      0.99      0.89
2016.75137      0.38      0.89
2016.75410      1.99      0.91
2016.75683      1.13      0.91
2016.75956      0.46      0.91
2016.76230      0.20      0.89
2016.76503      2.54      0.94
2016.76776      1.92      0.90
2016.77049      3.19      0.95
2016.77322      0.52      0.90
2016.77596      1.31      0.91
2016.77869      1.86      0.92
2016.78142     -0.47      0.91
2016.78415      0.75      0.92
2016.78689      0.67      0.94
2016.78962     -1.26      0.92
2016.79235     -0.10      0.92
2016.79508      1.04      0.91
2016.79781      0.38      0.92
2016.80055      0.25      0.98
2016.80328      0.58      1.15
2016.80601      0.56      0.91
2016.80874      3.13      0.91
2016.81148     -0.08      0.89
2016.81421      2.30      0.89
2016.81694      0.98      0.89
2016.81967      0.71      0.89
2016.82240      3.97      0.90
2016.82514      2.16      0.90
2016.82787      1.78      0.90
2016.83060      0.63      0.89
2016.83333      2.16      0.89
2016.83607      1.19      0.89
2016.83880      1.51      0.89
2016.84153      1.23      0.88
2016.84426      2.60      0.89
2016.84699      0.66      0.90
2016.84973      3.22      0.89
2016.85246      3.92      0.89
2016.85519      1.40      0.92
2016.85792      2.40      0.90
2016.86066      1.16      0.89
2016.86339      0.21      0.89
2016.86612      0.51      0.89
2016.86885      2.37      0.89
2016.87158      1.12      0.89
2016.87432      0.96      0.88
2016.87705      0.01      0.89
2016.87978      0.87      0.89
2016.88251      2.38      0.90
2016.88525      0.81      0.89
2016.88798      5.33      0.88
2016.89071      2.87      0.89
2016.89344     -0.87      0.88
2016.89617      2.12      0.89
2016.89891      1.10      0.89
2016.90164      1.15      0.92
2016.90437      2.87      0.95
2016.90710      2.97      0.90
2016.90984      1.89      0.90
2016.91257      3.32      0.92
2016.91530      1.62      0.91
2016.91803      3.60      0.92
2016.92077      2.17      0.88
2016.92350      1.83      0.90
2016.92623      4.24      0.90
2016.92896      3.79      0.90
2016.93169      2.95      0.89
2016.93443      3.37      0.89
2016.93716      2.71      0.91
2016.93989      3.07      0.89
2016.94262      3.33      0.88
2016.94536      1.39      0.89
2016.94809      3.10      0.91
2016.95082      4.15      0.89
2016.95355      4.08      0.87
2016.95628      3.02      0.88
2016.95902      2.72      0.89
2016.96175      0.93      0.88
2016.96448      1.13      0.88
2016.96721      2.28      0.89
2016.96995      2.47      0.90
2016.97268      1.23      0.88
2016.97541      3.33      0.88
2016.97814      2.59      0.88
2016.98087     -1.07      0.87
2016.98361      4.06      0.87
2016.98634      1.06      0.89
2016.98907      0.57      0.91
2016.99180      2.59      0.88
2016.99454     -0.33      0.88
2016.99727      0.14      0.88
2017.00000      2.61      0.89
2017.00274      1.39      0.88
2017.00548      1.52      0.89
2017.00822      1.06      0.89
2017.01096      2.56      0.88
2017.01370      2.27      0.88
2017.01644      3.46      0.89
2017.01918      2.39      0.91
2017.02192      2.52      0.89
2017.02466      2.73      0.89
2017.02740     -0.68      0.89
2017.03014      1.80      0.88
2017.03288      2.13      0.89
2017.03562      1.84      0.88
2017.03836      0.94      0.88
2017.04110      2.72      0.88
2017.04384      2.22      0.88
2017.04658      0.54      0.89
2017.04932      3.51      0.89
2017.05205      1.22      0.89
2017.05479      1.77      0.89
2017.05753      1.06      0.90
2017.06027      1.00      0.89
2017.06301      0.93      0.89
2017.06575      0.26      0.88
2017.06849      1.91      0.89
2017.07123      1.40      0.90
2017.07397      1.25      0.90
2017.07671      2.25      0.90
2017.07945      4.67      0.89
2017.08219      2.91      0.89
2017.08493      1.30      0.89
2017.08767      1.98      0.89
2017.09041      1.93      0.91
2017.09315      1.25      0.90
2017.09589      2.79      0.89
2017.09863      3.54      0.89
2017.10137      2.32      0.89
2017.10411      0.17      0.91
2017.10685      4.41      0.90
2017.10959      3.06      0.89
2017.11233      1.95      0.88
2017.11507      0.95      0.88
2017.11781      2.67      0.89
2017.12055      3.28      0.89
2017.12329      3.67      0.89
2017.12603      3.22      0.90
2017.12877      2.68      0.88
2017.13151      0.57      0.90
2017.13425      1.38      0.90
2017.13699      3.74      0.90
2017.13973      1.48      0.91
2017.14247      2.20      0.89
2017.14521      3.35      0.90
2017.14795      4.02      0.89
2017.15068      2.93      0.89
2017.15342      3.87      0.90
2017.15616      3.03      0.92
2017.15890      3.47      0.89
2017.16164      2.08      0.90
2017.16438      3.61      0.89
2017.16712      4.00      0.90
2017.16986      3.30      0.88
2017.17260      1.24      0.92
2017.17534      2.99      0.92
2017.17808      2.57      0.90
2017.18082      2.49      0.90
2017.18356      2.97      0.89
2017.18630      2.12      0.91
2017.18904      3.01      0.90
2017.19178      3.81      0.90
2017.19452      1.46      0.93
2017.19726      2.45      0.89
2017.20000      2.93      0.89
2017.20274      0.68      0.92
2017.20548      1.55      0.88
2017.20822      2.66      0.91
2017.21096      1.04      0.90
2017.21370      2.32      0.89
2017.21644      1.84      0.91
2017.21918      2.43      0.91
2017.22192      3.10      0.93
2017.22466      2.89      0.93
2017.22740      1.88      0.93
2017.23014      2.09      0.90
2017.23288     -0.80      0.91
2017.23562      1.19      0.90
2017.23836      2.61      0.92
2017.24110      0.73      0.91
2017.24384     -0.14      0.91
2017.24658      3.47      0.92
2017.24932      2.61      0.90
2017.25205      0.65      0.91
2017.25479      3.03      0.90
2017.25753      2.16      0.91
2017.26027      2.88      0.91
2017.26301      2.77      0.92
2017.26575      1.39      0.91
2017.26849      2.91      0.91
2017.27123      4.13      0.93
2017.27397      3.65      0.94
2017.27671      5.59      0.93
2017.27945      4.37      0.89
2017.28219      5.01      0.89
2017.28493      3.32      0.90
2017.28767      4.40      0.90
2017.29041      4.82      0.91
2017.29315      2.14      0.92
2017.29589      3.89      0.97
2017.29863      6.79      0.91
2017.30137      2.15      0.94
2017.30411      4.94      0.92
2017.30685      4.58      0.90
2017.30959      3.49      0.90
2017.31233      3.29      0.91
2017.31507      4.96      0.91
2017.31781      3.72      0.92
2017.32055      4.10      0.92
2017.32329      5.97      0.91
2017.32603      4.68      0.90
2017.32877      2.97      0.90
2017.33151      2.19      0.91
2017.33425      3.35      0.89
2017.33699      2.84      0.89
2017.33973      3.25      0.92
2017.34247      4.86      0.90
2017.34521      0.77      0.91
2017.34795      3.07      0.91
2017.35068      2.90      0.92
2017.35342      4.43      0.91
2017.35616      4.92      0.92
2017.35890      2.76      0.92
2017.36164      3.57      0.91
2017.36438      3.43      0.90
2017.36712      5.25      0.90
2017.36986      5.03      0.91
2017.37260      4.05      0.90
2017.37534      8.02      0.91
2017.37808      3.87      0.93
2017.38082      8.91      0.90
2017.38356      5.23      0.92
2017.38630      3.98      0.91
2017.38904      4.20      0.91
2017.39178      2.73      0.93
2017.39452      1.22      0.93
2017.39726      7.72      0.89
2017.40000      4.85      0.89
2017.40274      4.52      0.89
2017.40548      4.56      0.92
2017.40822      4.46      0.93
2017.41096      2.68      0.91
2017.41370      3.55      0.95
2017.41644      5.40      0.96
2017.41918      4.82      0.96
2017.42192      3.61      0.92
2017.42466      3.50      0.91
2017.42740      4.97      0.92
2017.43014      3.05      0.92
2017.43288      5.10      0.95
2017.43562      1.55      0.94
2017.43836      1.94      0.93
2017.44110      2.55      0.92
2017.44384      4.77      0.95
2017.44658      3.24      0.97
2017.44932      5.47      0.95
2017.45205      3.92      1.01
2017.45479      6.01      1.01
2017.45753      2.97      0.99
2017.46027      4.78      0.95
2017.46301      4.53      0.93
2017.46575      1.16      0.97
2017.46849      1.00      0.92
2017.47123      3.08      0.92
2017.47397      5.57      0.95
2017.47671      4.54      0.94
2017.47945      0.34      0.93
2017.48219      2.67      0.95
2017.48493      3.76      0.94
2017.48767      2.93      0.94
2017.49041      3.43      0.95
2017.49315      2.93      0.94
2017.49589      3.38      0.93
2017.49863      6.41      0.97
2017.50137      1.95      0.98
2017.50411      2.22      0.96
2017.50685      0.74      0.93
2017.50959      1.43      0.98
2017.51233      2.17      0.96
2017.51507      3.26      0.94
2017.51781      2.73      0.94
2017.52055      1.69      0.97
2017.52329      2.23      0.96
2017.52603      0.51      0.98
2017.52877      1.82      0.95
2017.53151      1.10      0.94
2017.53425      2.47      0.95
2017.53699      3.81      0.98
2017.53973      4.73      0.93
2017.54247     -0.08      0.93
2017.54521     -0.66      0.95
2017.54795      0.67      0.94
2017.55068      4.35      0.97
2017.55342      1.47      0.93
2017.55616      0.20      0.94
2017.55890      5.58      0.96
2017.56164     -0.37      0.96
2017.56438      0.26      0.95
2017.56712      3.41      0.99
2017.56986      2.00      0.95
2017.57260     -0.31      0.94
2017.57534      3.22      1.00
2017.57808      1.04      0.98
2017.58082      1.56      0.98
2017.58356     -0.54      0.92
2017.58630      1.52      0.98
2017.58904     -2.77      0.97
2017.59178      3.01      0.93
2017.59452      2.80      0.94
2017.59726     -0.19      0.93
2017.60000      2.72      0.92
2017.60274      3.76      0.97
2017.60548     -1.79      0.95
2017.60822      2.26      0.94
2017.61096      2.56      0.91
2017.61370      1.57      0.91
2017.61644      2.14      0.91
2017.61918      1.63      0.91
2017.62192      0.71      0.91
2017.62466      0.21      0.94
2017.62740      0.06      0.95
2017.63014      1.60      0.92
2017.63288      2.58      0.95
2017.63562      2.68      0.93
2017.63836      3.59      0.93
2017.64110      2.31      0.90
2017.64384      1.09      0.93
2017.64658      0.57      0.95
2017.64932     -0.52      0.93
2017.65205      0.82      0.94
2017.65479      5.40      0.93
2017.65753     -4.41      0.95
2017.66027      1.54      0.95
2017.66301      0.40      0.93
2017.66575      2.78      0.95
2017.66849      0.50      0.92
2017.67123      2.07      0.95
2017.67397      2.72      0.96
2017.67671      1.81      0.91
2017.67945      1.60      0.90
2017.68219      1.23      0.93
2017.68493      2.36      0.91
2017.68767      2.12      0.95
2017.69041      2.78      0.93
2017.69315      2.81      0.94
2017.69589      1.63      0.94
2017.69863      2.41      0.95
2017.70137      0.96      0.96
2017.70411      2.49      0.91
2017.70685      3.16      0.91
2017.70959     -0.95      0.93
2017.71233     -0.20      0.91
2017.71507      3.11      0.94
2017.71781      0.30      0.91
2017.72055      2.30      0.90
2017.72329      1.58      0.91
2017.72603      1.00      0.91
2017.72877     -0.29      0.92
2017.73151     -1.07      0.95
2017.73425      1.93      0.93
2017.73699      1.73      0.91
2017.73973      1.00      0.95
2017.74247      1.22      0.98
2017.74521     -0.74      0.93
2017.74795      2.36      0.95
2017.75068      0.49      0.94
2017.75342      1.02      0.97
2017.75616     -1.76      0.97
2017.75890     -0.81      0.94
2017.76164      0.55      0.93
2017.76438      2.41      0.93
2017.76712     -0.94      0.97
2017.76986      0.29      0.92
2017.77260      1.39      0.98
2017.77534     -0.35      0.95
2017.77808      3.66      0.92
2017.78082      2.59      0.93
2017.78356     -0.30      0.95
2017.78630      1.89      0.98
2017.78904      1.12      0.94
2017.79178      3.51      0.94
2017.79452      0.49      0.91
2017.79726      1.43      0.94
2017.80000      0.14      0.94
2017.80274      1.39      0.91
2017.80548      1.52      0.92
2017.80822      1.48      0.91
2017.81096     -0.71      0.92
2017.81370      0.94      0.91
2017.81644      0.47      0.93
2017.81918      1.04      0.96
2017.82192      1.52      0.94
2017.82466     -0.03      0.91
2017.82740     -1.13      0.92
2017.83014     -0.27      0.93
2017.83288      0.90      0.93
2017.83562      2.32      0.93
2017.83836      3.06      0.93
2017.84110      1.21      0.94
2017.84384      1.51      0.91
2017.84658      1.78      0.92
2017.84932      1.96      0.94
2017.85205      1.63      0.92
2017.85479      2.89      0.94
2017.85753     -0.35      0.94
2017.86027      1.78      0.95
2017.86301      0.37      0.91
2017.86575      1.84      0.92
2017.86849      2.25      0.93
2017.87123      1.95      0.91
2017.87397      0.26      0.94
2017.87671      2.84      0.92
2017.87945      1.80      0.94
2017.88219      3.41      0.94
2017.88493      2.79      0.94
2017.88767      0.57      0.93
2017.89041      2.33      0.94
2017.89315      1.43      0.93
2017.89589     -0.17      0.95
2017.89863      1.69      0.93
2017.90137      0.28      0.93
2017.90411      0.91      0.94
2017.90685      1.07      0.95
2017.90959      1.85      0.95
2017.91233      2.21      0.95
2017.91507      4.45      0.93
2017.91781      1.38      0.93
2017.92055      1.48      0.94
2017.92329      3.08      0.94
2017.92603      1.38      0.92
2017.92877      1.28      0.94
2017.93151      1.67      0.94
2017.93425      2.02      0.92
2017.93699     -0.17      0.92
2017.93973      2.72      0.94
2017.94247      2.28      0.93
2017.94521      3.26      0.93
2017.94795      0.78      0.93
2017.95068      2.79      0.94
2017.95342      1.48      0.93
2017.95616      1.87      0.93
2017.95890     -0.52      0.94
2017.96164      1.11      0.93
2017.96438      2.04      0.94
2017.96712      1.29      0.94
2017.96986      2.77      0.94
2017.97260      1.75      0.94
2017.97534      2.22      0.93
2017.97808      1.74      0.93
2017.98082      1.03      0.93
2017.98356      1.19      0.93
2017.98630      1.73      0.93
2017.98904      1.99      0.95
2017.99178      4.26      0.94
2017.99452      1.27      0.93
2017.99726      3.98      0.94
2018.00000      2.62      0.92
2018.00274      1.54      0.93
2018.00548      2.51      0.95
2018.00822      2.58      0.94
2018.01096      1.50      0.93
2018.01370      2.27      0.93
2018.01644      2.81      0.94
2018.01918      2.09      0.98
2018.02192      3.05      0.96
2018.02466      3.33      0.93
2018.02740      3.92      0.93
2018.03014      4.31      0.92
2018.03288      3.08      0.95
2018.03562      3.98      0.95
2018.03836      3.28      0.94
2018.04110      4.18      0.93
2018.04384      0.49      0.94
2018.04658      2.44      0.96
2018.04932      0.33      1.26
2018.05205      4.40      0.95
2018.05479      6.55      0.95
2018.05753      6.40      0.95
2018.06027      6.02      0.94
2018.06301      6.66      0.96
2018.06575      3.72      0.97
2018.06849      4.86      0.97
2018.07123      4.48      0.97
2018.07397      1.88      0.96
2018.07671      2.50      0.95
2018.07945      3.20      0.94
2018.08219      3.83      0.95
2018.08493      4.38      0.95
2018.08767      3.46      0.96
2018.09041      3.87      0.95
2018.09315      4.78      0.94
2018.09589      4.85      0.98
2018.09863      3.68      0.96
2018.10137      3.91      0.95
2018.10411      1.43      0.96
2018.10685      2.46      0.94
2018.10959      2.32      0.94
2018.11233      3.55      0.92
2018.11507      0.36      0.93
2018.11781      1.91      0.94
2018.12055      1.98      0.96
2018.12329      3.30      0.94
2018.12603      1.18      0.96
2018.12877      1.37      0.93
2018.13151     -0.28      0.93
2018.13425      1.36      0.93
2018.13699      3.15      0.96
2018.13973      1.38      0.95
2018.14247      2.86      0.95
2018.14521      2.97      0.99
2018.14795      2.76      0.96
2018.15068      2.15      0.93
2018.15342      1.94      0.95
2018.15616      3.01      0.95
2018.15890      1.98      0.94
2018.16164      1.78      0.96
2018.16438      1.91      0.95
2018.16712      2.19      0.95
2018.16986      0.73      0.97
2018.17260      2.72      0.95
2018.17534      3.58      0.94
2018.17808      1.77      0.94
2018.18082      1.09      0.94
2018.18356      0.52      0.95
2018.18630      0.29      0.95
2018.18904     -1.13      0.95
2018.19178     -0.30      0.94
2018.19452      0.08      0.95
2018.19726     -0.37      0.94
2018.20000      1.92      0.99
2018.20274      2.05      0.95
2018.20548      0.77      0.95
2018.20822      0.72      0.95
2018.21096      2.43      0.95
2018.21370      2.27      0.95
2018.21644      3.42      0.94
2018.21918      0.23      0.94
2018.22192      2.34      0.93
2018.22466      1.23      0.93
2018.22740      1.13      0.93
2018.23014      1.69      0.94
2018.23288      0.87      0.99
2018.23562      1.86      1.14
2018.23836      2.87      0.93
2018.24110      2.89      0.93
2018.24384      0.09      0.94
2018.24658      1.01      0.93
2018.24932      3.24      0.92
2018.25205      2.82      0.93
2018.25479      0.77      0.94
2018.25753      0.61      0.96
2018.26027      1.95      0.96
2018.26301      2.01      0.94
2018.26575     -0.24      0.92
2018.26849      0.56      0.93
2018.27123      0.46      0.93
2018.27397     -0.50      0.92
2018.27671      1.72      0.94
2018.27945      1.62      0.97
2018.28219     -0.62      0.95
2018.28493      1.58      0.95
2018.28767      1.76      0.94
2018.29041     -0.19      0.97
2018.29315      2.74      0.95
2018.29589      3.15      0.94
2018.29863      1.23      0.95
2018.30137      1.05      0.92
2018.30411      0.24      0.94
2018.30685      1.31      0.96
2018.30959      2.95      0.95
2018.31233      2.27      0.93
2018.31507      2.41      0.93
2018.31781      2.22      0.96
2018.32055      5.14      0.94
2018.32329      1.78      0.92
2018.32603      0.83      0.92
2018.32877      3.37      0.99
2018.33151      3.06      0.93
2018.33425     -0.21      0.92
2018.33699      1.70      0.92
2018.33973      2.03      0.92
2018.34247      1.95      0.92
2018.34521      0.23      0.94
2018.34795      1.24      0.96
2018.35068      3.36      0.93
2018.35342      2.24      0.91
2018.35616      0.54      0.93
2018.35890      1.14      0.92
2018.36164     -0.02      0.91
2018.36438      2.42      0.94
2018.36712      3.93      0.92
2018.36986      2.21      0.94
2018.37260      1.30      0.92
2018.37534      1.65      0.95
2018.37808      1.34      0.94
2018.38082      3.75      0.93
2018.38356      2.58      0.92
2018.38630      3.47      0.92
2018.38904      1.83      0.91
2018.39178     -0.16      0.93
2018.39452      1.49      0.92
2018.39726      2.36      0.92
2018.40000      2.45      0.93
2018.40274      3.56      0.94
2018.40548      3.23      0.92
2018.40822      1.21      0.95
2018.41096     -0.75      0.92
2018.41370     -0.73      0.92
2018.41644      0.36      0.91
2018.41918      1.64      0.92
2018.42192      0.96      0.92
2018.42466     -0.27      0.91
2018.42740     -0.94      1.61
2018.43014      0.44      0.96
2018.43288      0.41      0.92
2018.43562     -0.63      0.92
2018.43836      4.06      0.99
2018.44110      0.70      0.94
2018.44384     -0.67      0.93
2018.44658     -0.57      0.90
2018.44932      0.55      0.96
2018.45205      1.24      0.91
2018.45479     -0.35      0.91
2018.45753     -0.99      0.94
2018.46027     -2.19      0.98
2018.46301     -1.25      0.94
2018.46575      0.41      0.91
2018.46849      0.73      0.93
2018.47123      3.57      0.97
2018.47397     -1.47      0.90
2018.47671     -1.46      0.91
2018.47945     -0.96      0.94
2018.48219     -0.06      0.93
2018.48493     -1.17      0.92
2018.48767     -0.49      0.91
2018.49041      1.73      0.92
2018.49315      1.99      0.97
2018.49589     -1.14      1.06
2018.49863     -2.91      0.99
2018.50137     -1.61      0.99
2018.50411     -2.57      0.93
2018.50685      3.07      0.92
2018.50959      1.01      0.91
2018.51233      1.86      0.94
2018.51507      3.63      0.95
2018.51781      0.22      0.91
2018.52055      2.45      1.18
2018.52329     -2.84      0.94
2018.52603      0.26      0.92
2018.52877      0.17      0.94
2018.53151     -0.69      0.95
2018.53425     -0.22      0.91
2018.53699      2.48      1.13
2018.53973     -2.97      0.92
2018.54247     -1.26      0.92
2018.54521      0.51      0.94
2018.54795     -2.17      0.97
2018.55068     -0.41      0.94
2018.55342     -1.71      0.93
2018.55616     -1.30      0.90
2018.55890      1.74      0.91
2018.56164      0.43      0.92
2018.56438      1.11      0.92
2018.56712      0.87      1.20
2018.56986     -5.93      0.97
2018.57260     -4.11      0.95
2018.57534     -4.15      0.95
2018.57808     -0.80      0.96
2018.58082      0.67      0.94
2018.58356     -1.28      0.99
2018.58630     -2.57      0.96
2018.58904     -3.19      0.96
2018.59178     -2.36      0.93
2018.59452      1.57      0.94
2018.59726      0.46      0.94
2018.60000     -0.22      0.95
2018.60274      0.71      0.96
2018.60548     -3.32      1.00
2018.60822     -2.30      0.97
2018.61096      0.06      1.00
2018.61370     -0.11      0.93
2018.61644     -3.47      0.96
2018.61918      1.28      0.96
2018.62192     -0.22      0.98
2018.62466     -1.08      0.94
2018.62740     -1.62      0.91
2018.63014      0.79      0.89
2018.63288     -0.54      0.94
2018.63562     -1.46      0.92
2018.63836     -1.18      1.01
2018.64110     -2.18      1.02
2018.64384     -1.65      1.15
2018.64658     -1.37      0.91
2018.64932     -1.61      0.94
2018.65205     -2.18      0.94
2018.65479      0.44      0.93
2018.65753      0.01      0.92
2018.66027     -1.63      0.92
2018.66301     -2.41      0.90
2018.66575     -1.84      0.92
2018.66849     -0.33      0.91
2018.67123     -0.50      0.91
2018.67397      0.15      0.91
2018.67671     -2.54      0.95
2018.67945      0.18      0.94
2018.68219     -2.73      0.96
2018.68493      0.17      0.93
2018.68767      1.46      0.91
2018.69041      1.03      0.93
2018.69315     -0.68      0.93
2018.69589      0.60      0.93
2018.69863     -2.40      0.92
2018.70137      0.97      1.00
2018.70411      0.60      0.96
2018.70685      0.43      0.93
2018.70959     -0.06      0.93
2018.71233      2.81      0.95
2018.71507      0.75      0.94
2018.71781      1.50      0.96
2018.72055     -0.98      0.96
2018.72329     -2.83      0.96
2018.72603     -0.98      0.97
2018.72877     -0.18      0.93
2018.73151     -1.70      0.94
2018.73425      0.76      0.95
2018.73699      1.77      0.94
2018.73973     -0.90      0.93
2018.74247      1.83      0.94
2018.74521      3.38      0.91
2018.74795     -1.15      0.94
2018.75068     -0.40      0.93
2018.75342      0.91      0.94
2018.75616      2.79      0.94
2018.75890      1.07      0.93
2018.76164      1.50      0.92
2018.76438      1.64      0.96
2018.76712      5.14      0.93
2018.76986      0.19      0.94
2018.77260      2.84      0.94
2018.77534      1.78      0.93
2018.77808      2.12      0.94
2018.78082      2.65      0.93
2018.78356      1.28      0.92
2018.78630      0.92      0.94
2018.78904      3.31      0.97
2018.79178     -0.26      0.94
2018.79452      2.25      0.93
2018.79726      1.70      0.93
2018.80000      2.78      0.93
2018.80274      0.85      0.94
2018.80548      1.83      0.97
2018.80822     -0.16      0.93
2018.81096     -0.48      0.98
2018.81370     -1.27      0.94
2018.81644     -1.12      0.93
2018.81918      0.57      0.93
2018.82192      0.35      0.92
2018.82466      0.09      0.97
2018.82740      0.02      0.95
2018.83014      0.48      0.94
2018.83288      0.88      0.95
2018.83562      0.18      0.95
2018.83836      2.52      0.97
2018.84110      1.98      0.92
2018.84384      2.90      0.92
2018.84658      0.52      0.93
2018.84932     -0.60      0.92
2018.85205      1.24      0.94
2018.85479      2.85      0.95
2018.85753      0.96      0.97
2018.86027      1.67      0.94
2018.86301      0.36      0.96
2018.86575      0.41      0.93
2018.86849      2.42      0.92
2018.87123      3.55      0.93
2018.87397      2.22      0.92
2018.87671      1.80      0.93
2018.87945      2.12      0.95
2018.88219      1.78      0.95
2018.88493      2.46      0.93
2018.88767      1.78      0.95
2018.89041      3.04      0.92
2018.89315      0.83      0.96
2018.89589      2.50      0.98
2018.89863      2.28      0.96
2018.90137      1.59      0.93
2018.90411      1.16      0.93
2018.90685      4.30      0.94
2018.90959      3.41      0.96
2018.91233      1.48      1.14
2018.91507      4.51      0.95
2018.91781      3.91      0.94
2018.92055      4.11      0.93
2018.92329      5.38      0.94
2018.92603      2.77      0.93
2018.92877      4.99      0.92
2018.93151      4.27      0.98
2018.93425      3.59      0.96
2018.93699      3.32      0.95
2018.93973      3.58      0.95
2018.94247      1.57      0.91
2018.94521      2.38      0.93
2018.95068      1.67      0.94
2018.95342      1.48      0.94
2018.95616      1.99      0.92
2018.95890      3.31      0.94
2018.96164      0.51      0.93
2018.96438      1.46      0.94
2018.96712      3.59      0.93
2018.96986      1.31      0.93
2018.97260      3.92      0.92
2018.97534      4.62      0.92
2018.97808      4.97      0.91
2018.98082      2.55      0.93
2018.98356      6.29      0.93
2018.98630      5.47      0.95
2018.98904      4.49      0.98
2018.99178      3.92      0.96
2018.99452      5.17      0.95
2018.99726      3.98      0.94
2019.00000      1.50      0.94
2019.00274      1.18      0.96
2019.00548      3.68      0.92
2019.00822      2.15      0.92
2019.01096      4.25      0.93
2019.01370      4.09      0.94
2019.01644      2.62      0.93
2019.01918      3.94      0.92
2019.02192      3.20      0.93
2019.02466      2.61      0.94
2019.02740      1.37      0.96
2019.03014      3.99      0.96
2019.03288      2.94      0.93
2019.03562      2.38      0.93
2019.03836      3.83      0.94
2019.04110      3.75      0.91
2019.04384      4.66      0.93
2019.04658      1.23      0.94
2019.04932      1.65      0.95
2019.05205      3.64      0.94
2019.05479      2.48      0.95
2019.05753      3.81      0.96
2019.06027      4.18      0.94
2019.06301      3.75      0.95
2019.06575      2.16      0.95
2019.06849      2.69      0.96
2019.07123      2.47      0.96
2019.07397      4.77      0.93
2019.07671      3.26      0.92
2019.07945      3.18      0.92
2019.08219      1.28      0.93
2019.08493      1.62      0.91
2019.08767      1.59      0.92
2019.09041      0.06      0.96
2019.09315      3.25      0.95
2019.09589      1.09      0.93
2019.09863      3.10      0.95
2019.10137      3.01      0.95
2019.10411      3.41      0.93
2019.10685      3.30      0.91
2019.10959      2.18      0.90
2019.11233      1.47      0.94
2019.11507      2.55      0.98
2019.11781      0.28      0.93
2019.12055      1.76      0.95
2019.12329      1.15      0.94
2019.12603      1.73      0.92
2019.12877      2.41      0.93
2019.13151      0.23      0.94
2019.13425      1.43      1.22
2019.13699     -0.38      0.91
2019.13973      1.65      0.94
2019.14247      1.81      0.93
2019.14521      2.96      0.92
2019.14795      2.01      0.94
2019.15068      0.62      0.93
2019.15342      1.10      0.93
2019.15616      0.56      0.92
2019.15890      0.16      0.93
2019.16164      1.20      0.94
2019.16438      0.15      0.93
2019.16712      2.39      0.93
2019.16986      1.62      0.92
2019.17260      1.99      0.95
2019.17534      2.58      0.95
2019.17808      2.39      0.92
2019.18082      1.61      0.94
2019.18356      2.14      0.95
2019.18630     -0.11      0.96
2019.18904     -0.19      0.91
2019.19178      0.13      0.92
2019.19452      1.52      0.95
2019.19726      3.02      0.92
2019.20000      2.56      0.93
2019.20274      2.21      1.02
2019.20548      1.39      0.92
2019.20822      1.58      0.91
2019.21096      1.21      0.92
2019.21370     -0.02      0.91
2019.21644      4.64      0.93
2019.21918      2.21      0.94
2019.22192      5.12      0.93
2019.22466      2.04      0.92
2019.22740      4.90      0.91
2019.23014      4.32      0.92
2019.23288      1.49      0.93
2019.23562      2.39      0.92
2019.23836      2.04      0.92
2019.24110      1.46      0.93
2019.24384      2.99      0.95
2019.24658     -0.02      0.94
2019.24932      3.05      0.92
2019.25205      4.60      0.94
2019.25479      3.34      0.92
2019.25753      2.45      0.93
2019.26027      2.33      0.92
2019.26301      2.58      0.95
2019.26575      2.38      0.93
2019.26849      3.45      1.03
2019.27123      4.54      1.03
2019.27397      2.77      0.95
2019.27671      0.53      0.96
2019.27945      2.50      0.94
2019.28219      1.13      0.94
2019.28493      2.35      0.95
2019.28767      3.64      0.94
2019.29041      2.90      0.96
2019.29315      1.27      0.95
2019.29589      0.75      1.01
2019.29863      1.76      0.97
2019.30137      3.19      1.02
2019.30411      0.17      0.96
2019.30685      0.36      0.93
2019.30959      0.39      0.95
2019.31233      2.87      0.99
2019.31507      2.26      0.93
2019.31781      3.16      0.96
2019.32055      1.50      0.93
2019.32329      0.60      0.95
2019.32603      2.26      0.97
2019.32877      1.80      0.94
2019.33151      3.58      0.95
2019.33425      1.26      0.95
2019.33699      2.91      0.94
2019.33973      1.24      0.93
2019.34247      0.39      0.92
2019.34521      2.08      0.94
2019.34795      4.97      0.96
2019.35068      1.76      0.94
2019.35342      2.81      0.92
2019.35616      3.60      0.97
2019.35890      3.45      0.96
2019.36164      0.65      0.93
2019.36438      2.65      0.94
2019.36712     -0.65      0.96
2019.36986      1.27      0.96
2019.37260      0.73      0.97
2019.37534      1.17      1.00
2019.37808      1.07      0.99
2019.38082     -0.20      0.97
2019.38356     -0.40      0.93
2019.38630      3.25      0.93
2019.38904      2.92      0.94
2019.39178      3.25      0.94
2019.39452      6.02      0.96
2019.39726      2.24      0.95
2019.40000      1.27      0.94
2019.40274      4.05      0.94
2019.40548      2.18      0.96
2019.40822      2.24      0.94
2019.41096      2.13      0.97
2019.41370      3.41      0.96
2019.41644      4.05      0.95
2019.41918     -0.65      0.95
2019.42192      1.72      0.96
2019.42466     -0.76      0.94
2019.42740      2.80      0.96
2019.43014      0.45      0.95
2019.43288      0.35      0.94
2019.43562      3.60      0.97
2019.43836      1.91      1.00
2019.44110     -1.49      1.03
2019.44384      3.72      0.97
2019.44658      0.24      1.06
2019.44932      4.82      1.18
2019.45205      0.90      0.96
2019.45479      2.96      0.98
2019.45753      2.57      0.94
2019.46027      0.51      0.94
2019.46301      2.60      0.99
2019.46575      3.11      1.04
2019.46849      3.13      0.97
2019.47123      3.32      0.97
2019.47397      3.23      1.01
2019.47671      3.94      0.95
2019.47945      2.26      0.95
2019.48219      1.61      0.95
2019.48493      0.86      0.94
2019.48767      2.78      0.96
2019.49041      1.00      0.97
2019.49315      0.38      0.93
2019.49589      1.78      0.97
2019.49863      3.16      1.01
2019.50137      1.45      0.98
2019.50411      5.13      0.97
2019.50685      2.70      0.95
2019.50959      0.01      0.98
2019.51233      5.66      1.01
2019.51507      0.15      1.00
2019.51781      0.32      1.05
2019.52055      5.08      1.11
2019.52329      1.65      0.96
2019.52603      1.70      0.98
2019.52877      1.43      1.04
2019.53151      1.55      0.95
2019.53425      1.50      0.97
2019.53699      2.01      0.96
2019.53973      0.20      0.96
2019.54247     -1.60      0.99
2019.54521      1.94      1.04
2019.54795      0.56      0.97
2019.55068     -0.97      0.97
2019.55342     -1.89      0.97
2019.55616      0.27      0.98
2019.55890     -0.94      1.01
2019.56164     -0.28      0.95
2019.56438      0.46      0.97
2019.56712     -1.26      0.95
2019.56986     -2.10      0.98
2019.57260     -0.79      0.97
2019.57534     -4.73      0.95
2019.57808     -0.30      0.98
2019.58082     -2.29      0.96
2019.58356      0.81      0.99
2019.58630      1.01      0.94
2019.58904     -2.18      0.96
2019.59178     -2.06      0.96
2019.59452      1.97      0.99
2019.59726     -4.06      1.00
2019.60000      0.40      0.98
2019.60274      0.09      0.98
2019.60548     -3.05      1.01
2019.60822      1.57      1.01
2019.61096      1.71      1.01
2019.61370      1.83      1.01
2019.61644     -4.22      1.10
2019.61918      3.38      1.09
2019.62192     -4.10      1.05
2019.62466     -3.04      0.98
2019.62740      0.45      0.97
2019.63014      0.94      0.94
2019.63288     -1.23      0.95
2019.63562     -1.68      0.94
2019.63836      0.78      0.96
2019.64110     -0.40      1.23
2019.64384     -0.43      1.01
2019.64658     -0.05      0.96
2019.64932     -1.60      0.94
2019.65205     -1.81      0.95
2019.65479     -1.25      0.97
2019.65753     -4.41      1.00
2019.66027     -0.82      0.98
2019.66301     -2.73      0.97
2019.66575     -1.28      0.96
2019.66849     -0.77      0.99
2019.67123     -2.96      0.97
2019.67397     -3.01      0.98
2019.67671      0.53      0.98
2019.67945     -3.67      0.98
2019.68219     -4.28      0.97
2019.68493     -0.85      1.01
2019.68767     -1.81      1.06
2019.69041     -1.82      0.98
2019.69315     -2.33      0.95
2019.69589     -1.25      0.95
2019.69863     -1.95      0.97
2019.70137     -4.74      0.99
2019.70411     -0.39      0.98
2019.70685     -0.15      0.97
2019.70959     -0.61      0.94
2019.71233     -2.14      0.94
2019.71507     -1.09      0.94
2019.71781     -1.51      0.96
2019.72055      0.40      0.95
2019.72329     -1.07      0.95
2019.72603     -3.14      0.94
2019.72877     -0.16      0.93
2019.73151     -2.11      0.92
2019.73425      1.34      0.92
2019.73699      0.80      0.95
2019.73973     -0.37      1.05
2019.74247     -2.48      1.00
2019.74521     -1.75      0.95
2019.74795     -1.77      0.95
2019.75068     -1.32      0.96
2019.75342     -1.53      1.04
2019.75616     -1.36      0.99
2019.75890     -1.26      0.99
2019.76164     -2.63      0.93
2019.76438     -2.48      0.95
2019.76712     -1.75      0.95
2019.76986     -2.85      0.96
2019.77260      0.19      1.01
2019.77534     -2.81      0.96
2019.77808     -2.49      0.99
2019.78082      0.18      0.95
2019.78356      1.00      0.95
2019.78630     -1.07      0.95
2019.78904     -1.10      0.95
2019.79178     -0.30      0.97
2019.79452      0.80      0.96
2019.79726     -0.02      0.95
2019.80000     -0.80      0.94
2019.80274     -0.12      0.96
2019.80548     -0.67      0.97
2019.80822      0.59      0.96
2019.81096     -1.25      0.95
2019.81370      1.12      0.96
2019.81644      0.15      0.99
2019.81918      1.20      0.97
2019.82192      0.53      0.98
2019.82466      1.48      0.96
2019.82740      3.29      0.95
2019.83014     -0.55      1.01
2019.83288      0.11      0.99
2019.83562     -3.78      0.99
2019.83836      1.78      0.99
2019.84110      0.98      0.96
2019.84384      1.62      1.12
2019.84658     -0.32      0.96
2019.84932     -1.94      0.97
2019.85205     -0.52      0.96
2019.85479      1.81      0.96
2019.85753      1.83      0.95
2019.86027     -0.81      0.96
2019.86301     -0.41      0.94
2019.86575     -1.27      0.98
2019.86849      0.08      0.96
2019.87123      0.96      0.98
2019.87397      0.91      0.95
2019.87671      2.57      0.97
2019.87945      1.31      0.96
2019.88219      2.35      0.95
2019.88493     -0.61      0.96
2019.88767      0.34      0.99
2019.89041      1.22      0.96
2019.89315      1.07      0.95
2019.89589     -1.10      0.96
2019.89863      1.32      0.95
2019.90137     -0.77      0.95
2019.90411      0.30      0.94
2019.90685      1.13      0.96
2019.90959      0.80      0.95
2019.91233     -0.25      0.96
2019.91507      0.73      0.95
2019.91781      0.35      0.94
2019.92055     -0.95      0.95
2019.92329     -0.49      0.96
2019.92603      0.76      0.95
2019.92877     -0.51      0.97
2019.93151     -1.80      0.94
2019.93425     -1.49      0.96
2019.93699     -2.19      0.97
2019.93973     -2.28      0.96
2019.94247     -2.93      0.94
2019.94521     -1.88      0.94
2019.94795     -3.03      0.95
2019.95068     -1.07      0.99
2019.95342      0.66      0.95
2019.95616      0.94      0.95
2019.95890      2.37      0.95
2019.96164      0.50      0.94
2019.96438      0.01      0.99
2019.96712      1.62      1.00
2019.96986      1.38      0.95
2019.97260      0.05      0.95
2019.97534      1.28      0.97
2019.97808      0.85      0.94
2019.98082     -1.67      0.95
2019.98356      0.57      0.96
2019.98630     -0.58      0.98
2019.98904     -0.74      0.96
2019.99178      1.16      0.96
2019.99452      1.85      0.96
2019.99726      0.83      0.95
2020.00000      2.39      0.96
2020.00273      1.71      0.95
2020.00546     -1.06      0.98
2020.00820     -3.62      0.97
2020.01093     -2.68      0.99
2020.01366     -0.89      0.97
2020.01639      2.12      0.98
2020.01913      2.70      0.95
2020.02186      0.04      0.98
2020.02459      0.83      0.96
2020.02732      0.92      0.95
2020.03005      0.36      0.94
2020.03279      1.92      0.96
2020.03552      0.72      0.96
2020.03825      3.34      0.94
2020.04098      2.52      0.98
2020.04372      1.07      0.98
2020.04645      2.00      0.94
2020.04918      1.12      0.95
2020.05191      0.19      0.97
2020.05464      0.11      0.95
2020.05738     -0.13      0.95
2020.06011     -0.47      0.96
2020.06284      0.53      0.94
2020.06557     -0.50      1.01
2020.06831     -1.00      0.97
2020.07104      3.11      0.94
2020.07377     -1.55      0.95
2020.07650     -0.69      0.94
2020.07923      1.22      0.96
2020.08197     -1.01      0.94
2020.08470     -3.32      0.94
2020.08743     -1.21      0.93
2020.09016     -1.49      0.94
2020.09290     -0.18      0.95
2020.09563      2.13      0.95
2020.09836     -0.78      0.95
2020.10109     -0.11      0.94
2020.10383      0.39      0.95
2020.10656      1.58      0.95
2020.10929     -1.72      0.95
2020.11202     -2.75      0.97
2020.11475     -1.28      0.95
2020.11749     -0.37      0.97
2020.12022     -2.58      1.04
2020.12295      2.11      0.99
2020.12568     -3.40      1.00
2020.12842     -3.69      0.97
2020.13115     -2.68      0.96
2020.13388     -1.31      0.96
2020.13661     -2.03      1.00
2020.13934     -1.33      0.99
2020.14208     -2.48      0.97
2020.14481     -1.44      0.97
2020.14754     -1.53      0.96
2020.15027     -3.22      0.97
2020.15301     -1.94      0.99
2020.15574     -1.35      0.98
2020.15847     -1.06      0.98
2020.16120     -1.28      0.99
2020.16393     -0.72      0.97
2020.16667     -1.24      0.96
2020.16940     -1.77      0.96
2020.17213     -2.36      0.99
2020.17486     -1.87      0.98
2020.17760     -1.14      0.97
2020.18033     -1.73      0.98
2020.18306     -0.04      0.97
2020.18579      0.25      0.97
2020.18852      0.04      1.00
2020.19126     -0.35      0.96
2020.19399      0.44      0.99
2020.19672      0.00      0.97
2020.19945     -0.99      0.98
2020.20219     -1.47      0.98
2020.20492      0.07      0.98
2020.20765     -3.13      0.97
2020.21038     -3.54      0.98
2020.21311      1.89      1.07
2020.21585     -0.57      1.05
2020.21858     -3.53      0.99
2020.22131     -0.69      0.99
2020.22404     -0.13      1.10
2020.22678      0.64      0.97
2020.22951     -1.97      0.98
2020.23224     -0.76      1.01
2020.23497      0.23      1.03
2020.23770      1.59      0.96
2020.24044     -0.42      0.99
2020.24317     -2.16      1.00
2020.24590     -0.70      0.98
2020.24863      0.04      0.98
2020.25137     -0.99      0.99
2020.25410     -0.31      1.00
2020.25683      2.36      1.01
2020.25956     -0.98      0.98
2020.26230      0.28      1.01
2020.26503     -0.03      0.98
2020.26776      1.70      0.99
2020.27049     -1.08      0.96
2020.27322      0.05      1.01
2020.27596     -0.10      0.99
2020.27869      1.68      1.01
2020.28142     -2.26      0.98
2020.28415     -1.32      0.98
2020.28689     -1.82      0.99
2020.28962     -2.21      0.97
2020.29235      1.46      1.00
2020.29508      2.22      1.00
2020.29781      0.26      0.99
2020.30055     -0.53      0.99
2020.30328      0.82      0.99
2020.30601     -0.85      0.98
2020.30874     -0.32      1.01
2020.31148      0.68      1.01
2020.31421     -0.41      0.99
2020.31694     -0.38      0.96
2020.31967     -1.07      1.03
2020.33880     -0.05      1.21
2020.34153      0.03      1.05
2020.34426      1.37      1.00
2020.34699      0.68      1.02
2020.34973      0.17      1.04
2020.35246      1.31      1.02
2020.35519      1.12      1.01
2020.35792     -0.44      1.02
2020.36066     -2.17      1.03
2020.36339     -2.11      1.02
2020.36612     -1.74      1.03
2020.36885      0.00      1.02
2020.37158     -1.41      1.01
2020.37432     -2.09      1.02
2020.37705     -0.68      1.04
2020.37978     -2.55      1.02
2020.38251     -1.86      1.01
2020.38525      1.72      1.01
2020.38798      0.02      1.03
2020.39071      0.33      1.03
2020.39617     -0.01      1.00
2020.39891     -6.42      1.10
2020.40164     -1.38      1.03
2020.40437     -1.91      1.04
2020.40710     -2.27      1.02
2020.40984     -0.60      1.00
2020.41257     -2.52      1.01
2020.41530     -1.44      1.01
2020.41803     -1.70      1.01
2020.42077     -2.45      1.02
2020.42350     -0.70      1.08
2020.42623     -1.84      1.06
2020.42896     -2.61      1.08
2020.43169     -1.77      1.05
2020.43443     -1.35      1.05
2020.43716     -1.71      1.04
2020.43989     -0.30      1.05
2020.44262     -3.79      1.07
2020.44536     -2.91      1.03
2020.44809     -1.56      1.03
2020.45082      0.73      1.01
2020.45355     -2.73      1.01
2020.45628     -3.73      1.01
2020.45902     -0.97      1.01
2020.46175     -1.94      1.01
2020.46448     -1.02      1.04
2020.46721     -1.79      1.03
2020.46995     -3.04      1.05
2020.47268     -2.47      1.02
2020.47541     -0.51      1.08
2020.47814     -2.51      1.03
2020.48087     -2.03      1.03
2020.48361      0.67      1.03
2020.48634     -2.84      1.05
2020.48907     -2.24      1.07
2020.49180     -1.27      1.07
2020.49454     -0.86      1.05
2020.49727      1.46      1.04
2020.50000     -0.16      1.06
2020.50273     -0.27      1.02
2020.50546     -2.74      1.06
2020.50820      0.46      1.03
2020.51093     -0.31      1.07
2020.51366     -2.27      1.02
2020.51639     -4.40      1.02
2020.51913     -1.16      1.05
2020.52186      0.31      1.04
2020.52459     -2.74      1.05
2020.52732     -2.09      1.08
2020.53005     -0.76      1.06
2020.53279     -3.64      1.05
2020.53552     -1.38      1.06
2020.53825     -3.94      1.05
2020.54098     -1.17      1.06
2020.54372      0.88      1.03
2020.54645     -1.96      1.05
2020.54918     -4.00      1.07
2020.55191     -0.97      1.03
2020.55464      2.04      1.06
2020.55738     -3.71      1.07
2020.56011     -3.91      1.06
2020.56284     -2.68      1.07
2020.56557     -1.83      1.05
2020.56831     -6.96      1.11
2020.57104     -1.80      1.72
2020.57650     -3.35      1.21
2020.57923     -6.05      1.05
2020.58197     -1.19      1.09
2020.58470     -0.23      1.11
2020.58743     -5.72      1.09
2020.59016     -2.44      1.03
2020.59290     -1.80      1.05
2020.59563     -4.05      1.84
2020.59836     -2.49      1.15
2020.60109     -5.34      1.03
2020.60383     -4.04      1.04
2020.60656     -6.38      1.05
2020.60929     -3.73      1.03
2020.61202     -2.82      1.06
2020.68306     -7.04      1.07
2020.71311     -3.69      1.13
2020.71585     -3.75      1.08
2020.74590     -1.86      1.02
2020.75137     -4.39      1.04
2020.76230     -4.15      1.01
2020.79235     -4.14      1.01
2020.80055    -11.65      5.92
2020.85519     -2.67      4.34
2020.94262     -1.91      1.20
2020.94536     -2.43      1.08
2020.94809     -2.32      1.09
2020.95082     -2.66      1.07
2020.95355     -3.68      1.09
2020.95628     -3.78      1.13
2020.95902     -3.12      1.07
2020.96175     -3.43      1.27
2020.96448     -3.17      1.07
2020.96721     -3.39      1.09
2020.96995     -4.40      1.07
2020.97268     -6.19      1.06
2020.97541     -3.10      1.09
2020.97814     -1.81      1.10
2020.98087     -4.15      1.08
2020.98361     -3.09      1.06
2020.98634     -3.04      1.06
2020.98907     -0.84      1.06
2020.99180     -1.90      1.09
2020.99454     -1.24      1.05
2020.99727     -4.68      1.03
2021.00000     -2.35      1.03
2021.00274     -2.53      1.07
2021.00548     -3.73      1.06
2021.00822     -2.45      1.05
2021.01096     -4.22      1.06
2021.01370     -3.49      1.03
2021.01644     -1.16      1.04
2021.01918     -1.81      1.17
2021.02192     -4.62      1.17
2021.02466     -6.63      1.19
2021.02740     -6.28      1.20
2021.03014     -6.85      1.18
2021.03288     -3.23      1.25
2021.03562     -5.87      1.25
2021.03836     -5.11      1.19
2021.04110     -7.52      1.22
2021.04384     -4.57      1.22
2021.04658     -5.00      1.14
2021.04932     -5.97      1.15
2021.05205     -4.21      1.21
2021.05479     -4.32      1.23
2021.05753    -11.83      1.95
2021.06575     -3.58      1.55
2021.06849     -5.30      1.18
2021.07123     -3.55      1.14
2021.07397     -5.21      1.24
2021.07671     -7.12      1.20
2021.07945     -4.95      1.16
2021.08219     -6.00      1.19
2021.08493     -5.71      1.18
2021.08767     -2.77      1.27
2021.09041     -6.30      1.16
2021.09315     -5.00      1.18
2021.10411     -4.62      1.24
2021.10685     -5.18      1.19
2021.10959     -5.02      1.19
2021.11233     -3.42      1.16
2021.11507     -6.09      1.22
2021.11781     -5.27      1.19
2021.12055     -4.04      1.19
2021.12329     -5.24      1.20
2021.12603     -4.58      1.21
2021.13973     -8.77      1.22
2021.14247     -7.12      1.28
