2015.70137    50.5378     1.3200
2015.70411    54.3017     1.0300
2015.70685    53.8856     1.0400
2015.70959    51.0094     1.0200
2015.71233    50.2033     1.0600
2015.71507    53.1872     1.0600
2015.71781    51.7311     1.0300
2015.72055    50.3449     1.0900
2015.72329    53.7988     1.0300
2015.72603    52.4327     1.0300
2015.72877    51.4366     1.0400
2015.73151    51.2204     1.0700
2015.73425    51.0443     1.0500
2015.73699    51.2182     1.0900
2015.73973    50.3120     1.1900
2015.74247    53.5359     1.0700
2015.74521    49.9598     1.1200
2015.74795    51.6937     1.0900
2015.75068    50.8475     1.0100
2015.75342    49.2114     0.9900
2015.75616    51.6353     1.0000
2015.75890    52.9492     1.0100
2015.76164    49.8430     1.0800
2015.76438    49.6369     1.0400
2015.76712    49.4308     1.0100
2015.76986    51.1947     1.0500
2015.77260    49.3085     1.0000
2015.77534    51.6024     1.0100
2015.77808    48.1663     1.0400
2015.78082    52.4101     0.9900
2015.78356    50.1040     1.0200
2015.78630    50.9579     1.1400
2015.78904    52.4918     1.0200
2015.79178    51.3356     1.0100
2015.79452    51.3795     1.0300
2015.79726    51.7134     1.1100
2015.80000    51.9973     1.0800
2015.80274    48.9111     1.1400
2015.80548    50.5450     1.0800
2015.80822    50.8689     0.9900
2015.81096    48.0628     1.0200
2015.81370    47.7866     1.0100
2015.81644    49.3205     1.0500
2015.81918    50.9044     0.9900
2015.82192    48.9882     1.0100
2015.82466    53.6721     1.0100
2015.82740    51.4560     1.0100
2015.83014    47.4099     1.0400
2015.83288    49.7337     1.0300
2015.83562    50.3076     1.0000
2015.83836    47.7815     1.0200
2015.84110    51.1654     1.0000
2015.84384    52.9292     1.0000
2015.84658    50.4131     1.0200
2015.84932    50.5970     1.0200
2015.85205    52.2809     0.9800
2015.85479    50.3947     1.0200
2015.85753    51.8786     1.0000
2015.86027    51.1525     1.0100
2015.86301    51.9163     1.0300
2015.86575    52.4902     1.0500
2015.86849    49.2141     1.0500
2015.87123    52.5280     1.0300
2015.87397    54.1318     1.0700
2015.87671    50.8857     1.0200
2015.87945    50.9996     1.0300
2015.88219    48.0035     1.0300
2015.88493    50.0673     1.0800
2015.88767    51.2312     1.0400
2015.89041    49.8851     1.0300
2015.89315    49.3590     1.0300
2015.89589    50.7528     1.0400
2015.89863    48.6167     1.0600
2015.90137    49.9906     1.0200
2015.90411    50.6544     1.0400
2015.90685    52.0183     1.0200
2015.90959    53.7722     1.0500
2015.91233    51.1161     1.0200
2015.91507    51.4399     1.0300
2015.91781    50.3238     1.0400
2015.92055    49.7977     1.0300
2015.92329    50.1216     1.0100
2015.92603    49.7754     1.0300
2015.92877    52.3293     1.0200
2015.93151    51.3932     1.0600
2015.93425    48.7670     1.0600
2015.93699    49.5609     1.0500
2015.93973    49.4648     1.0600
2015.94247    50.4787     1.0900
2015.94521    48.7625     1.0400
2015.94795    49.1164     1.0500
2015.95068    48.4703     1.0600
2015.95342    46.7742     1.0300
2015.95616    48.0580     1.0400
2015.95890    48.1119     1.0500
2015.96164    47.5358     1.0500
2015.96438    48.4097     1.0200
2015.96712    49.4335     1.0300
2015.96986    48.6974     1.0300
2015.97260    49.4813     1.0100
2015.97534    46.6251     1.0100
2015.97808    49.1490     1.0100
2015.98082    49.7429     1.0100
2015.98356    48.1868     1.0300
2015.98630    48.3506     1.0200
2015.98904    49.8945     1.0200
2015.99178    47.6184     1.0100
2015.99452    47.7323     0.9900
2015.99726    48.2861     0.9800
2016.00000    47.0800     1.0200
2016.00273    47.5941     1.0600
2016.00546    47.5382     1.0400
2016.00820    48.0323     1.0200
2016.01093    47.5364     1.0300
2016.01366    46.3706     1.0400
2016.01639    47.7247     1.0500
2016.01913    48.1788     1.0400
2016.02186    47.7729     1.0500
2016.02459    48.1670     1.0100
2016.02732    48.3311     1.0400
2016.03005    46.8052     1.0500
2016.03279    46.0793     1.0500
2016.03552    47.1234     1.0300
2016.03825    48.5975     1.0500
2016.04098    45.0116     1.0400
2016.04372    49.5157     1.0400
2016.04645    47.9899     1.0300
2016.04918    46.2940     1.0200
2016.05191    47.1681     1.0200
2016.05464    46.1422     0.9800
2016.05738    44.2263     1.0100
2016.06011    45.6804     1.0200
2016.06284    45.0145     1.0400
2016.06557    44.3386     1.0000
2016.06831    47.6627     1.0200
2016.07104    45.1968     1.0400
2016.07377    48.5409     1.0700
2016.07650    50.4150     1.0900
2016.07923    45.7992     1.0500
2016.08197    45.6833     1.0800
2016.08470    47.1974     1.0100
2016.08743    47.2815     1.0000
2016.09016    47.0656     1.0300
2016.09290    46.2597     1.0500
2016.09563    50.1938     1.0100
2016.09836    70.1679     1.0200
2016.10109    69.9620     1.0000
2016.10383    67.8261     1.0600
2016.10656    67.4902     1.0400
2016.10929    68.3444     0.9900
2016.11202    70.5385     1.0500
2016.11475    66.5126     1.0500
2016.11749    65.1067     1.0300
2016.12022    67.4708     1.0600
2016.12295    65.7549     1.0000
2016.12568    65.9790     1.0200
2016.12842    65.2931     1.0500
2016.13115    63.7372     1.0300
2016.13388    66.7813     1.0000
2016.13661    63.9154     1.0200
2016.13934    63.3695     1.0200
2016.14208    64.1937     1.0100
2016.14481    62.4878     1.0200
2016.14754    61.0119     1.0200
2016.15027    61.4760     1.0000
2016.15301    62.4001     1.0200
2016.15574    62.9142     1.0500
2016.15847    59.7983     1.0200
2016.16120    60.9524     1.0400
2016.16393    61.1565     1.0400
2016.16667    59.5906     1.0300
2016.16940    62.5847     1.0200
2016.17213    62.7188     1.0500
2016.17486    60.4630     1.0300
2016.17760    59.1271     1.0100
2016.18033    56.9512     1.0200
2016.18306    60.1553     1.0300
2016.18579    59.4294     1.0600
2016.18852    58.5035     1.0600
2016.19126    59.0376     0.9900
2016.19399    59.8717     1.0100
2016.19672    60.7258     1.0200
2016.19945    57.9299     0.9800
2016.20219    56.5140     1.0200
2016.20492    59.9182     1.0200
2016.20765    59.6423     1.0200
2016.21038    56.7464     1.0300
2016.21311    57.8305     1.0400
2016.21585    57.8046     1.0300
2016.21858    59.7887     1.0100
2016.22131    55.9728     1.0300
2016.22404    56.1169     1.0700
2016.22678    57.5110     1.0300
2016.22951    56.2351     1.0200
2016.23224    54.7692     1.0200
2016.23497    57.5233     1.0300
2016.23770    54.4075     1.0200
2016.24044    57.0616     1.0200
2016.24317    55.1657     1.0000
2016.24590    54.0898     1.0400
2016.24863    54.8939     1.3300
2016.25137    55.6980     1.0200
2016.25410    54.2121     1.0000
2016.25683    56.7062     1.0300
2016.25956    52.2703     1.0000
2016.26230    55.4344     1.0100
2016.26503    51.3285     1.0500
2016.26776    55.5026     1.0100
2016.27049    54.8768     1.0200
2016.27322    54.4009     1.0400
2016.27596    54.4550     1.0500
2016.27869    52.3691     1.0500
2016.28142    54.4732     1.0700
2016.28415    56.2773     1.1600
2016.28689    54.5014     1.0700
2016.28962    50.6255     1.0100
2016.29235    53.3296     1.0200
2016.29508    53.2337     1.0000
2016.29781    53.1078     1.0400
2016.30055    51.9820     1.0600
2016.30328    50.8361     1.0000
2016.30601    52.6002     1.0100
2016.30874    53.6343     1.0300
2016.31148    51.3884     1.0200
2016.31421    49.1325     1.0200
2016.31694    51.4066     1.0100
2016.31967    48.7707     1.0500
2016.32240    50.6648     1.0100
2016.32514    51.5089     1.0400
2016.32787    51.4530     1.0200
2016.33060    50.0571     1.0200
2016.33333    47.3813     1.0500
2016.33607    47.1254     1.0000
2016.33880    50.7395     1.0700
2016.34153    47.1436     1.0600
2016.34426    47.5477     1.0500
2016.34699    48.0618     1.0300
2016.34973    49.1259     1.0100
2016.35246    48.0800     1.0400
2016.35519    50.9841     1.0800
2016.35792    47.1582     1.0400
2016.36066    46.3523     1.0400
2016.36339    44.5565     1.2400
2016.36612    48.3706     1.0100
2016.36885    48.4847     1.0300
2016.37158    49.1188     1.0200
2016.37432    45.4229     1.0100
2016.37705    46.5370     1.0000
2016.37978    45.5011     0.9900
2016.38251    46.1352     1.0400
2016.38525    49.4193     1.0100
2016.38798    46.5334     1.0900
2016.39071    45.8775     1.0800
2016.39344    47.5016     1.0100
2016.39617    48.4958     1.0800
2016.39891    47.8099     1.0100
2016.40164    47.8840     1.0600
2016.40437    43.1781     0.9900
2016.40710    48.5122     0.9800
2016.40984    47.9863     1.0000
2016.41257    47.3504     1.0200
2016.41530    43.3745     1.0200
2016.41803    46.4786     1.0100
2016.42077    46.0027     1.0100
2016.42350    45.2568     1.0300
2016.42623    44.6009     1.0700
2016.42896    46.7351     1.0200
2016.43169    47.2492     1.0400
2016.43443    44.4133     1.0200
2016.43716    44.2074     1.0300
2016.43989    48.0315     1.0300
2016.44262    45.7556     1.0300
2016.44536    45.6897     1.0500
2016.44809    49.6238     1.0600
2016.45082    45.3479     1.0500
2016.45355    45.2920     1.0400
2016.45628    45.2561     1.0500
2016.45902    44.6003     0.9900
2016.46175    46.6244     1.0300
2016.46448    43.7285     1.1000
2016.46721    43.7026     1.0000
2016.46995    42.7967     1.0300
2016.47268    45.3408     0.9900
2016.47541    45.1849     1.0100
2016.47814    44.9990     1.0700
2016.48087    41.7331     1.0600
2016.48361    46.5972     1.0400
2016.48634    44.1213     1.0100
2016.48907    44.8054     1.0200
2016.49180    45.7996     1.0300
2016.49454    44.4937     1.0400
2016.49727    42.6178     1.0200
2016.50000    42.0419     1.0000
2016.50273    46.5060     1.0600
2016.50546    44.2101     1.0300
2016.50820    44.3342     1.0200
2016.51093    43.9483     1.0500
2016.51366    42.3624     1.0300
2016.51639    43.4965     1.0900
2016.51913    45.2206     1.0500
2016.52186    41.9047     1.0400
2016.52459    45.5189     1.1000
2016.52732    40.9430     1.1000
2016.53005    44.7171     0.9900
2016.53279    41.7312     1.0000
2016.53552    41.1453     1.0300
2016.53825    41.5294     1.0300
2016.54098    44.1635     1.0100
2016.54372    39.4576     1.0700
2016.54645    43.6517     1.0100
2016.54918    42.3758     1.0000
2016.55191    38.8199     1.0100
2016.55464    38.9141     1.0500
2016.55738    41.1982     1.0800
2016.56011    41.1923     1.0300
2016.56284    43.7064     1.0000
2016.56557    40.9105     1.0200
2016.56831    42.1346     1.0200
2016.57104    40.4587     1.0000
2016.57377    43.2228     1.0700
2016.57650    43.1669     1.1000
2016.57923    40.5510     1.0400
2016.58197    39.9151     1.0300
2016.58470    41.1192     1.0200
2016.58743    41.0234     1.0300
2016.59016    43.3775     1.0200
2016.59290    41.0016     1.0100
2016.59563    42.3457     1.0500
2016.59836    40.5498     1.0600
2016.60109    43.1939     1.0500
2016.60383    37.2180     1.0800
2016.60656    42.1821     1.0600
2016.60929    39.4662     1.0600
2016.61202    39.1603     1.0300
2016.61475    39.9744     1.0200
2016.61749    39.4185     1.0200
2016.62022    40.2927     1.0700
2016.62295    40.2168     1.1000
2016.62568    42.8009     1.0300
2016.62842    40.2050     1.0300
2016.63115    39.8391     1.0900
2016.63388    37.8132     1.0400
2016.63661    38.7873     1.0600
2016.63934    38.0914     1.0500
2016.64208    34.5755     1.1000
2016.64481    39.3996     1.0800
2016.64754    39.5537     1.0500
2016.65027    41.1079     1.0800
2016.65301    37.5320     1.1400
2016.65574    38.3261     1.0200
2016.65847    33.4902     1.1000
2016.66120    39.0343     1.0100
2016.66393    38.4784     1.2400
2016.66667    40.3525     1.0300
2016.66940    38.9766     1.1500
2016.67213    36.8207     1.0200
2016.67486    32.6748     1.0600
2016.67760    36.8589     1.0600
2016.68033    40.1730     1.1100
2016.68306    36.0772     1.0900
2016.68579    38.9513     1.0900
2016.68852    37.6054     1.0700
2016.69126    36.5095     1.0100
2016.69399    37.8636     0.9900
2016.69672    35.6077     1.0100
2016.69945    35.4418     1.0200
2016.70219    37.2759     1.1100
2016.70492    37.1700     1.0800
2016.70765    35.0941     1.0700
2016.71038    36.7782     1.0100
2016.71311    36.7323     0.9700
2016.71585    29.9965     1.0000
2016.71858    35.8806     1.0100
2016.72131    35.5647     0.9700
2016.72404    33.9188     1.0400
2016.72678    33.8629     1.0400
2016.72951    34.7370     1.0400
2016.73224    37.2411     1.0200
2016.73497    36.2052     1.0000
2016.73770    32.8693     1.4300
2016.74044    34.4134     1.1800
2016.74317    31.1275     0.9800
2016.74590    38.1217     1.0700
2016.74863    33.7458     1.0100
2016.75137    35.2899     1.0100
2016.75410    34.3040     0.9800
2016.75683    33.0981     1.0200
2016.75956    35.8122     1.0200
2016.76230    34.7663     1.0100
2016.76503    33.8004     1.0500
2016.76776    33.9045     1.0500
2016.77049    33.8486     1.0300
2016.77322    35.5527     1.0100
2016.77596    35.8068     1.0600
2016.77869    32.9810     1.0000
2016.78142    33.8751     1.0000
2016.78415    33.2692     1.0000
2016.78689    30.0233     1.0600
2016.78962    34.5274     1.0200
2016.79235    33.7115     1.0600
2016.79508    33.3356     1.0100
2016.79781    35.6797     1.0200
2016.80055    33.2638     1.1100
2016.80328    34.5279     1.3300
2016.80601    36.9720     1.0100
2016.80874    35.2461     1.0100
2016.81148    35.6503     1.0300
2016.81421    33.7744     1.0500
2016.81694    31.7485     1.0000
2016.81967    30.4026     1.0400
2016.82240    32.2967     1.0100
2016.82514    32.4508     1.0500
2016.82787    29.6949     1.0400
2016.83060    31.3790     1.0300
2016.83333    32.7031     1.0300
2016.83607    31.1672     1.0200
2016.83880    32.5313     1.0300
2016.84153    33.0155     1.0200
2016.84426    32.9096     1.0000
2016.84699    34.8837     1.0300
2016.84973    33.2078     1.0200
2016.85246    32.2719     1.0500
2016.85519    32.8160     1.0300
2016.85792    31.5501     1.0700
2016.86066    32.0342     1.0200
2016.86339    33.9483     1.0600
2016.86612    30.6224     1.0600
2016.86885    33.5165     1.0400
2016.87158    33.2306     1.0600
2016.87432    31.5748     1.0400
2016.87705    34.1389     1.0400
2016.87978    35.0330     1.0400
2016.88251    32.8871     1.0600
2016.88525    31.3012     1.0400
2016.88798    28.5653     1.0600
2016.89071    32.1194     1.0300
2016.89344    31.8935     1.0400
2016.89617    34.2776     1.0200
2016.89891    33.0817     1.0300
2016.90164    33.8058     1.0500
2016.90437    31.2500     1.0800
2016.90710    29.9541     1.0500
2016.90984    30.2182     1.0100
2016.91257    30.5923     1.0300
2016.91530    29.6064     1.0300
2016.91803    30.0805     1.0200
2016.92077    29.7346     1.0200
2016.92350    31.5487     1.0400
2016.92623    30.7928     1.0500
2016.92896    29.8469     1.0000
2016.93169    30.6710     0.9900
2016.93443    29.6851     1.0000
2016.93716    30.3693     1.0500
2016.93989    29.3734     1.0100
2016.94262    30.1175     0.9900
2016.94536    30.1016     1.0200
2016.94809    28.6757     1.0200
2016.95082    29.3398     1.0100
2016.95355    28.7139     1.0300
2016.95628    28.1180     1.0000
2016.95902    30.6721     1.0200
2016.96175    28.5262     1.0000
2016.96448    29.2703     1.0000
2016.96721    27.3644     1.0200
2016.96995    30.9886     1.0000
2016.97268    31.3027     1.0100
2016.97541    30.8368     1.0100
2016.97814    31.2109     0.9900
2016.98087    29.7950     1.0100
2016.98361    30.5291     1.0100
2016.98634    29.2932     1.0100
2016.98907    30.0373     1.0100
2016.99180    29.9514     0.9900
2016.99454    31.5455     0.9900
2016.99727    30.1596     1.0200
2017.00000    27.3038     1.0100
2017.00274    28.3076     1.0000
2017.00548    29.3515     1.0100
2017.00822    30.5754     0.9900
2017.01096    30.4492     0.9900
2017.01370    30.4431     1.0000
2017.01644    30.8370     1.0000
2017.01918    30.7609     0.9800
2017.02192    30.8547     0.9900
2017.02466    28.4286     1.0300
2017.02740    28.8625     0.9900
2017.03014    30.1964     1.0100
2017.03288    28.7002     0.9700
2017.03562    30.4341     0.9800
2017.03836    28.7380     1.0000
2017.04110    28.8618     1.0200
2017.04384    30.9557     1.0700
2017.04658    30.1396     1.0400
2017.04932    28.7935     1.0000
2017.05205    29.6573     1.0100
2017.05479    28.3012     0.9900
2017.05753    28.1851     1.0000
2017.06027    28.3690     1.0100
2017.06301    29.2328     1.0100
2017.06575    29.1367     0.9900
2017.06849    28.5106     0.9400
2017.07123    27.5545     0.9800
2017.07397    29.0583     0.9900
2017.07671    27.9922     0.9800
2017.07945    29.1161     0.9800
2017.08219    27.8799     0.9800
2017.08493    28.0738     0.9600
2017.08767    28.5977     0.9700
2017.09041    27.0216     0.9900
2017.09315    28.8354     0.9800
2017.09589    28.3593     0.9600
2017.09863    27.7432     0.9700
2017.10137    27.9771     0.9900
2017.10411    27.3909     0.9900
2017.10685    25.1248     0.9800
2017.10959    28.2987     0.9600
2017.11233    26.0026     0.9500
2017.11507    27.5664     0.9600
2017.11781    26.7103     0.9500
2017.12055    24.8942     0.9600
2017.12329    28.2180     0.9700
2017.12603    26.4119     0.9700
2017.12877    27.9158     0.9900
2017.13151    28.3897     0.9600
2017.13425    26.5935     1.0200
2017.13699    27.4674     0.9800
2017.13973    26.4213     0.9900
2017.14247    26.1352     0.9900
2017.14521    26.2190     0.9500
2017.14795    25.5729     0.9700
2017.15068    27.5268     0.9400
2017.15342    24.2807     0.9600
2017.15616    28.0445     0.9900
2017.15890    24.7184     0.9700
2017.16164    27.2423     0.9600
2017.16438    26.5861     0.9500
2017.16712    27.1700     0.9600
2017.16986    27.9439     0.9600
2017.17260    24.0778     0.9600
2017.17534    23.9316     0.9900
2017.17808    24.5355     0.9700
2017.18082    25.2394     1.0100
2017.18356    26.0333     0.9600
2017.18630    24.2271     1.0000
2017.18904    24.0510     0.9600
2017.19178    25.0849     0.9600
2017.19452    24.6088     0.9900
2017.19726    25.4826     0.9700
2017.20000    25.7065     0.9700
2017.20274    24.6004     0.9700
2017.20548    25.1542     0.9800
2017.20822    23.5681     1.0100
2017.21096    24.3520     1.0100
2017.21370    24.8959     1.0000
2017.21644    25.4697     0.9800
2017.21918    24.3636     1.0000
2017.22192    26.3275     1.0300
2017.22466    24.5514     1.0100
2017.22740    23.3852     1.0200
2017.23014    24.6691     1.0100
2017.23288    27.6330     1.0200
2017.23562    25.7369     1.0100
2017.23836    26.9407     0.9900
2017.24110    23.3546     0.9900
2017.24384    23.5185     0.9900
2017.24658    23.5623     1.0100
2017.24932    23.0362     1.0000
2017.25205    25.3401     0.9700
2017.25479    25.6340     0.9700
2017.25753    22.7678     1.0000
2017.26027    26.1917     0.9900
2017.26301    23.8656     0.9800
2017.26575    26.5595     0.9900
2017.26849    26.3533     1.0200
2017.27123    24.2372     0.9800
2017.27397    24.0611     1.0200
2017.27671    25.2850     1.0400
2017.27945    22.0988     1.0000
2017.28219    24.2627     0.9900
2017.28493    22.1466     0.9800
2017.28767    21.3804     1.0100
2017.29041    25.2243     0.9900
2017.29315    25.1782     0.9800
2017.29589    23.6821     1.0800
2017.29863    23.5359     1.0000
2017.30137    21.5798     1.0300
2017.30411    22.5837     1.0000
2017.30685    20.3376     0.9900
2017.30959    24.0814     1.0100
2017.31233    23.0653     0.9700
2017.31507    21.0292     1.0000
2017.31781    20.3730     0.9800
2017.32055    21.4869     0.9800
2017.32329    19.6208     1.0000
2017.32603    23.4947     0.9800
2017.32877    21.4285     0.9800
2017.33151    20.9024     1.0000
2017.33425    19.6863     0.9800
2017.33699    19.8602     0.9700
2017.33973    21.7040     1.0400
2017.34247    21.8079     0.9900
2017.34521    21.6618     1.0200
2017.34795    20.7857     0.9900
2017.35068    20.7295     0.9800
2017.35342    20.3434     1.0200
2017.35616    23.5473     1.0400
2017.35890    22.6411     0.9800
2017.36164    19.3050     0.9800
2017.36438    22.7189     0.9800
2017.36712    21.7928     1.0300
2017.36986    19.1066     1.0200
2017.37260    20.1605     0.9900
2017.37534    17.6844     0.9900
2017.37808    19.5283     0.9900
2017.38082    21.8821     1.0000
2017.38356    22.1460     0.9800
2017.38630    21.2899     0.9900
2017.38904    19.3038     1.0300
2017.39178    21.1976     1.0100
2017.39452    18.5915     0.9700
2017.39726    20.8354     0.9800
2017.40000    19.2192     0.9600
2017.40274    19.2831     1.0100
2017.40548    20.0270     1.0000
2017.40822    20.2209     1.0100
2017.41096    20.7647     0.9800
2017.41370    20.8586     1.0400
2017.41644    21.1125     1.0000
2017.41918    19.1364     1.0600
2017.42192    20.4402     1.0400
2017.42466    18.8141     1.0100
2017.42740    20.3980     1.0100
2017.43014    19.9819     1.0200
2017.43288    22.0257     1.0900
2017.43562    20.6096     1.0400
2017.43836    20.6535     1.0500
2017.44110    20.4373     1.0100
2017.44384    16.2212     1.0800
2017.44658    17.3551     1.1000
2017.44932    16.3890     1.0900
2017.45205    17.9028     1.1100
2017.45479    18.9567     1.1300
2017.45753    18.6406     1.0800
2017.46027    19.7445     1.1000
2017.46301    21.2783     1.0600
2017.46575    20.6922     1.0900
2017.46849    19.9361     1.0700
2017.47123    19.1700     1.0300
2017.47397    17.0838     1.0700
2017.47671    19.8477     1.0700
2017.47945    18.4816     1.0400
2017.48219    17.9454     1.0500
2017.48493    19.5993     1.0300
2017.48767    17.7132     1.0600
2017.49041    14.2671     1.1100
2017.49315    15.6309     1.0900
2017.49589    20.0148     1.0500
2017.49863    18.5887     1.1200
2017.50137    12.3226     1.0800
2017.50411    21.9464     1.0800
2017.50685    17.3203     1.0300
2017.50959    15.6542     1.1400
2017.51233    17.1481     1.0800
2017.51507    21.6619     1.0300
2017.51781    15.8758     1.0500
2017.52055    17.9897     1.0500
2017.52329    18.6535     1.0600
2017.52603    15.5874     1.0700
2017.52877    18.7213     1.0900
2017.53151    18.9852     1.0900
2017.53425    16.2090     1.1200
2017.53699    18.4629     1.1100
2017.53973    16.5368     1.0200
2017.54247    16.5807     1.0700
2017.54521    17.9845     1.0700
2017.54795    18.5584     1.0400
2017.55068    16.5523     1.0800
2017.55342    17.7862     1.0400
2017.55616    17.1600     1.0300
2017.55890    11.4139     1.1500
2017.56164    15.2778     1.0800
2017.56438    15.5516     1.0400
2017.56712    14.0155     1.0500
2017.56986    17.5394     1.0200
2017.57260    18.9333     1.0200
2017.57534    16.6971     1.1500
2017.57808    17.8210     1.1200
2017.58082    11.2749     1.1400
2017.58356    16.3588     1.0200
2017.58630    14.1326     1.0900
2017.58904    14.9365     1.0800
2017.59178    14.4604     1.0000
2017.59452    14.7242     1.0300
2017.59726    12.6181     1.0200
2017.60000    15.3420     1.0200
2017.60274    13.0259     1.0600
2017.60548    15.9497     1.1000
2017.60822    14.0036     1.0200
2017.61096    15.4175     1.0200
2017.61370    14.3614     1.0100
2017.61644    14.8552     1.0200
2017.61918    14.6291     1.0500
2017.62192    12.2730     1.0400
2017.62466    14.0969     1.0300
2017.62740    12.6407     1.0700
2017.63014    11.8946     1.0100
2017.63288    13.7585     1.0300
2017.63562    13.1023     1.0700
2017.63836    13.8262     1.0200
2017.64110    14.4201     1.0200
2017.64384    14.2040     1.0100
2017.64658    10.4478     1.0900
2017.64932    12.1717     1.0200
2017.65205    12.9456     1.0000
2017.65479     8.9595     1.0500
2017.65753    12.6333     1.0400
2017.66027    12.9072     1.0900
2017.66301    11.3611     1.1200
2017.66575    11.4850     1.0800
2017.66849     9.4488     1.0500
2017.67123    13.6527     1.1100
2017.67397     7.5166     1.1000
2017.67671    12.7204     1.0400
2017.67945    12.7543     1.0000
2017.68219    14.6982     1.0100
2017.68493    13.3221     1.0200
2017.68767    11.0759     1.0600
2017.69041    13.5198     1.0800
2017.69315     9.0337     1.0600
2017.69589    13.9376     1.0900
2017.69863    11.9414     1.0800
2017.70137    11.0653     1.1000
2017.70411     8.7392     1.0300
2017.70685    11.3731     1.0400
2017.70959    13.0169     1.0700
2017.71233    10.3508     1.0300
2017.71507    12.4447     1.0500
2017.71781     9.3685     1.0400
2017.72055    14.0424     1.0300
2017.72329     9.4063     1.0400
2017.72603    11.1902     1.0100
2017.72877    14.4940     1.0000
2017.73151    16.6379     1.0500
2017.73425    13.9318     1.0600
2017.73699    12.6657     1.0200
2017.73973     9.2995     1.0200
2017.74247    11.3134     1.1500
2017.74521    10.8573     1.0500
2017.74795    11.4612     1.0300
2017.75068    10.6550     1.0700
2017.75342    10.1389     1.0600
2017.75616    13.0528     1.0700
2017.75890    12.6566     1.0500
2017.76164     9.9205     1.0200
2017.76438     9.0244     1.0900
2017.76712    11.4183     1.0500
2017.76986     7.2221     1.0600
2017.77260     9.7960     1.0500
2017.77534    10.3399     1.0900
2017.77808     7.6838     1.1100
2017.78082     7.6576     1.0900
2017.78356     5.5915     1.2000
2017.78630     9.8754     1.1100
2017.78904     7.5293     1.0900
2017.79178     6.6331     1.0600
2017.79452    11.1270     1.0500
2017.79726     7.5309     1.0900
2017.80000     9.6747     1.0600
2017.80274     6.6586     1.0800
2017.80548    11.7425     1.0600
2017.80822     8.9964     1.0700
2017.81096     8.6002     1.0600
2017.81370     8.0141     1.0300
2017.81644     8.0580     1.0200
2017.81918     7.8719     1.1100
2017.82192    10.5357     1.0700
2017.82466     8.8696     1.0800
2017.82740     8.3435     1.0500
2017.83014     7.5174     1.0900
2017.83288     8.1312     1.0700
2017.83562     9.7551     1.1000
2017.83836     8.3590     1.0800
2017.84110     6.1428     1.0600
2017.84384     8.3267     1.0600
2017.84658     8.1006     1.0800
2017.84932     9.1945     1.0700
2017.85205     6.2283     1.0600
2017.85479     7.7722     1.1000
2017.85753     9.1561     1.1300
2017.86027     8.9000     1.0300
2017.86301     8.8438     1.0200
2017.86575     8.8677     1.0400
2017.86849     7.2516     1.0400
2017.87123     6.7754     1.0100
2017.87397     7.4693     1.0400
2017.87671     5.2232     1.0700
2017.87945     5.4571     1.0600
2017.88219     8.7009     1.0800
2017.88493     8.3748     1.0300
2017.88767     6.7087     1.0400
2017.89041     4.7526     1.0800
2017.89315     5.4164     1.0400
2017.89589     9.0803     1.0500
2017.89863     8.1442     1.0500
2017.90137     7.1581     1.0100
2017.90411     6.4019     1.0500
2017.90685     7.3458     1.0400
2017.90959     7.6597     1.0400
2017.91233     6.5335     1.0500
2017.91507     6.5574     1.0600
2017.91781     6.9213     1.0400
2017.92055     7.5752     1.0700
2017.92329     1.1390     1.0500
2017.92603     6.2029     1.0300
2017.92877     5.3668     1.0700
2017.93151     6.7207     1.0300
2017.93425     6.9045     1.0500
2017.93699     7.5284     1.0400
2017.93973     7.6023     1.0300
2017.94247     4.8062     1.0600
2017.94521     8.7900     1.0500
2017.94795     7.1039     1.0600
2017.95068     3.9278     1.0800
2017.95342     6.9016     1.0600
2017.95616     3.5255     1.0500
2017.95890     4.6294     1.0600
2017.96164     7.8533     1.0700
2017.96438     3.3271     1.1300
2017.96712     6.0410     1.0700
2017.96986     6.6749     1.0500
2017.97260     6.1688     1.0500
2017.97534     6.0126     1.0400
2017.97808     5.7165     1.0500
2017.98082     5.4804     1.0400
2017.98356     5.6643     1.0600
2017.98630     8.1481     1.0400
2017.98904     6.9620     1.0800
2017.99178     8.2559     1.0200
2017.99452     6.2097     1.0400
2017.99726     5.7636     1.0400
2018.00000     7.1775     1.0500
2018.00274     6.8214     1.0100
2018.00548     7.9252     1.0600
2018.00822     7.1791     1.0700
2018.01096     6.2330     1.0500
2018.01370     8.1669     1.0600
2018.01644     7.2907     1.0500
2018.01918     5.6946     1.0800
2018.02192     5.6085     1.0500
2018.02466     5.3124     1.0400
2018.02740     4.6862     1.0600
2018.03014     5.2101     1.0400
2018.03288     6.2940     1.0300
2018.03562     5.7078     1.0300
2018.03836     6.0517     1.0500
2018.04110     7.0756     1.0300
2018.04384     4.2595     1.0400
2018.04658     6.2633     1.0200
2018.04932     7.1972     1.3600
2018.05205     5.6211     1.0300
2018.05479     7.9450     1.0500
2018.05753     5.5088     1.0600
2018.06027     4.0927     1.0800
2018.06301     3.6066     1.0400
2018.06575     5.1005     1.0700
2018.06849     5.3943     1.0300
2018.07123     4.6082     1.0500
2018.07397     4.3821     1.0400
2018.07671     5.6959     1.0700
2018.07945     5.3598     1.0400
2018.08219     5.1037     1.0200
2018.08493     6.8976     1.0400
2018.08767     5.7914     1.0200
2018.09041     4.4553     1.0400
2018.09315     5.0592     1.0300
2018.09589     6.1131     1.0300
2018.09863     5.7569     1.0300
2018.10137     3.2408     1.0300
2018.10411     5.1747     1.0600
2018.10685     5.2886     1.0200
2018.10959     4.7124     1.0100
2018.11233     4.4463     1.0100
2018.11507     5.1702     1.0300
2018.11781     7.0440     1.0400
2018.12055     5.8179     1.0200
2018.12329     7.6118     1.0100
2018.12603     6.4557     1.0400
2018.12877     6.0995     1.0100
2018.13151     6.6134     1.0100
2018.13425     7.7073     1.0100
2018.13699     5.5412     1.0100
2018.13973     6.6650     1.0300
2018.14247     5.5689     1.0200
2018.14521     5.5028     1.0400
2018.14795     3.7467     1.0500
2018.15068     3.6905     0.9900
2018.15342     4.8044     1.0100
2018.15616     5.0183     1.0400
2018.15890     5.2021     1.0200
2018.16164     7.1860     1.0000
2018.16438     3.5699     1.0200
2018.16712     5.6538     1.0500
2018.16986     6.9476     1.0200
2018.17260     6.2715     1.0200
2018.17534     4.3354     1.0200
2018.17808     3.8193     1.0300
2018.18082     3.1031     1.0900
2018.18356     3.4770     1.0700
2018.18630     7.0309     1.0800
2018.18904     5.0147     1.1000
2018.19178     4.1586     1.0200
2018.19452     3.7425     1.0700
2018.19726     3.4064     1.0600
2018.20000     2.6802     1.1600
2018.20274     1.6241     1.0800
2018.20548     2.3780     1.0700
2018.20822     2.6219     1.0600
2018.21096     4.1757     1.1800
2018.21370     0.2296     1.0800
2018.21644     2.0535     1.0600
2018.21918     4.6874     1.0800
2018.22192     2.9512     1.0700
2018.22466     2.1051     1.0700
2018.22740     4.4090     1.1300
2018.23014     2.7928     1.0500
2018.23288     2.8867     1.1500
2018.23562     3.4306     1.2800
2018.23836     2.1945     1.0400
2018.24110     0.0883     1.0300
2018.24384     2.7622     1.0500
2018.24658     2.6761     1.0400
2018.24932     1.3200     1.0300
2018.25205     3.1338     1.0500
2018.25479     3.1077     1.0500
2018.25753     3.6116     1.0600
2018.26027     3.7355     1.0900
2018.26301     2.6893     1.0400
2018.26575     2.1332     1.0500
2018.26849     2.9371     1.0500
2018.27123     1.7409     1.0300
2018.27397     3.5548     1.0600
2018.27671     2.4187     1.0700
2018.27945    -1.2174     1.1600
2018.28219    -0.3736     1.0900
2018.28493     0.8603     1.0500
2018.28767    -0.0458     1.0300
2018.29041    -1.0719     1.0800
2018.29315    -0.0281     1.1000
2018.29589     0.8858     1.0900
2018.29863     0.1497     1.0700
2018.30137     2.4036     1.0500
2018.30411     0.8474     1.0600
2018.30685     3.0213     1.0600
2018.30959     0.7852     1.0400
2018.31233     0.6090     1.0100
2018.31507     1.3929     1.6600
2018.31781     0.6268     1.0400
2018.32055    -0.1493     1.0200
2018.32329    -0.4755     1.0100
2018.32603    -0.2116     1.0300
2018.32877    -0.0377     1.0500
2018.33151     0.0762     1.0200
2018.33425     2.0600     1.0400
2018.33699    -0.3761     1.0500
2018.33973    -2.6522     1.0100
2018.34247     1.0017     1.0100
2018.34521     1.4755     1.0600
2018.34795    -1.6206     1.0900
2018.35068     1.5533     1.0600
2018.35342    -0.8029     1.0300
2018.35616    -0.0790     1.0700
2018.35890    -0.1551     1.0200
2018.36164     2.6388     1.0400
2018.36438     0.1026     1.0200
2018.36712    -2.2635     1.0200
2018.36986    -0.2496     1.0500
2018.37260     3.0643     1.0500
2018.37534     1.2281     1.0500
2018.37808    -0.0380     1.0500
2018.38082    -1.8641     1.0800
2018.38356    -1.1502     1.0400
2018.38630    -1.3164     1.0400
2018.38904     0.7875     1.0600
2018.39178     2.5514     1.0800
2018.39452    -1.6248     1.0200
2018.39726     2.5091     1.0900
2018.40000    -2.1470     1.0700
2018.40274    -2.6631     1.0900
2018.40548    -2.6593     1.0600
2018.40822    -0.8254     1.0600
2018.41096    -0.6415     1.0700
2018.41370    -0.9776     1.0700
2018.41644    -2.0838     1.0400
2018.41918    -1.6699     1.0700
2018.42192     1.9240     1.0600
2018.42466     0.4579     1.0600
2018.42740    -0.7783     1.0800
2018.43014    -4.7844     1.1100
2018.43288    -1.3905     1.0500
2018.43562     0.2133     1.0700
2018.43836     3.0172     1.1500
2018.44110    -1.4289     1.0600
2018.44384    -0.2950     1.0800
2018.44658    -5.5212     1.0300
2018.44932    -2.2573     1.1500
2018.45205    -2.5534     1.0400
2018.45479    -5.1895     1.0700
2018.45753    -2.0057     1.0400
2018.46027    -1.2818     1.1300
2018.46301    -3.3879     1.0500
2018.46575     2.1059     1.0600
2018.46849    -1.8802     1.0600
2018.47123     0.5237     1.0700
2018.47397    -2.4424     1.0700
2018.47671    -1.7086     1.0300
2018.47945    -1.9347     1.0600
2018.48219    -1.2608     1.0600
2018.48493    -1.2069     1.0500
2018.48767    -1.3731     1.0300
2018.49041    -2.6092     1.0400
2018.49315   -10.1953     1.0900
2018.49589    -8.1914     1.1600
2018.49863    -0.2576     1.1100
2018.50137    -0.6337     1.2100
2018.50411    -0.9198     1.1300
2018.50685    -2.5060     1.0700
2018.50959    -4.1021     1.0400
2018.51233    -0.5882     1.1100
2018.51507    -0.7043     1.1000
2018.51781    -3.5205     1.0500
2018.52055    -2.9066     1.3800
2018.52329    -3.7527     1.1400
2018.52603    -3.7488     1.0900
2018.52877    -1.5550     1.0800
2018.53151    -1.0511     1.0400
2018.53425    -0.8672     1.0800
2018.53699    -3.3133     1.4000
2018.53973    -2.2695     1.0400
2018.54247    -6.1556     1.0300
2018.54521    -2.4917     1.0700
2018.54795    -2.6479     1.1200
2018.55068    -5.0140     1.1200
2018.55342    -3.7201     1.1100
2018.55616    -3.1362     1.1100
2018.55890    -2.9024     1.0800
2018.56164    -3.8185     1.0800
2018.56438    -3.1146     1.0900
2018.56712    -4.6207     1.4500
2018.56986    -0.7669     1.1200
2018.57260    -6.1330     1.1700
2018.57534    -2.7891     1.1000
2018.57808    -8.6452     1.1700
2018.58082    -6.7314     1.1600
2018.58356    -7.9475     1.1700
2018.58630    -6.6436     1.1000
2018.58904    -8.8798     1.0700
2018.59178    -7.3959     1.0600
2018.59452    -9.7520     1.1000
2018.59726    -5.7881     1.1100
2018.60000    -5.7443     1.1300
2018.60274    -8.1204     1.1500
2018.60548    -6.6265     1.1400
2018.60822    -7.6526     1.1100
2018.61096    -9.9588     1.1100
2018.61370    -8.2849     1.0800
2018.61644    -5.9010     1.1000
2018.61918    -5.7871     1.1800
2018.62192   -11.8433     1.1200
2018.62466    -5.9294     1.0900
2018.62740    -8.3055     1.0700
2018.63014    -6.9617     1.0700
2018.63288    -7.8278     1.1300
2018.63562    -6.2139     1.0800
2018.63836    -5.8500     1.1700
2018.64110    -7.0362     1.2400
2018.64384    -4.3423     1.4700
2018.64658    -8.1184     1.0700
2018.64932    -8.0145     1.1200
2018.65205    -5.1607     1.1200
2018.65479    -7.3868     1.1200
2018.65753    -7.3029     1.1100
2018.66027    -8.1590     1.0700
2018.66301    -7.3852     1.0600
2018.66575    -5.4613     1.0700
2018.66849    -7.7174     1.0900
2018.67123    -6.0636     1.0800
2018.67397   -10.7897     1.0500
2018.67671   -10.7158     1.1200
2018.67945    -7.2719     1.1700
2018.68219    -9.3681     1.1800
2018.68493    -7.0342     1.0900
2018.68767    -8.9503     1.1000
2018.69041   -12.0364     1.1000
2018.69315    -9.0926     1.1400
2018.69589    -6.9087     1.1000
2018.69863    -9.3848     1.0900
2018.70137    -8.6809     1.1700
2018.70411    -9.7771     1.1100
2018.70685    -9.2432     1.1600
2018.70959    -9.3693     1.1200
2018.71233    -9.8855     1.1000
2018.71507    -9.1416     1.0700
2018.71781   -11.3077     1.1100
2018.72055   -10.9538     1.1300
2018.72329   -10.5400     1.1000
2018.72603   -12.5061     1.1500
2018.72877   -11.6622     1.0800
2018.73151   -11.7683     1.1100
2018.73425   -13.6145     1.1100
2018.73699   -10.5606     1.1400
2018.73973   -11.3367     1.1200
2018.74247   -12.9029     1.1100
2018.74521   -11.6990     1.0800
2018.74795   -10.1051     1.0700
2018.75068   -12.4912     1.1000
2018.75342   -12.3474     1.1000
2018.75616   -13.0135     1.1000
2018.75890   -11.4396     1.0700
2018.76164   -10.0857     1.0400
2018.76438   -12.0419     1.1100
2018.76712   -10.8580     1.0800
2018.76986   -13.5641     1.0700
2018.77260   -12.8702     1.0800
2018.77534   -12.6164     1.0900
2018.77808   -14.1425     1.1300
2018.78082   -11.8786     1.1200
2018.78356   -13.1448     1.1100
2018.78630   -13.4409     1.1200
2018.78904   -13.8870     1.1000
2018.79178   -10.8031     1.1100
2018.79452   -10.7393     1.1000
2018.79726   -11.5254     1.1000
2018.80000   -13.1715     1.0900
2018.80274   -12.1276     1.0700
2018.80548   -13.3938     1.0800
2018.80822   -12.2499     1.0700
2018.81096    -9.3260     1.0900
2018.81370   -10.4821     1.0800
2018.81644   -12.5183     1.0800
2018.81918   -12.1544     1.0600
2018.82192   -11.7305     1.0800
2018.82466   -10.8567     1.0600
2018.82740   -11.3228     1.1000
2018.83014   -12.8289     1.1100
2018.83288   -13.2350     1.1200
2018.83562   -13.4812     1.0900
2018.83836   -12.8973     1.1200
2018.84110   -12.4334     1.1300
2018.84384   -10.8895     1.1200
2018.84658   -13.2557     1.0700
2018.84932   -11.2118     1.1000
2018.85205   -11.4179     1.1000
2018.85479   -12.3640     1.0600
2018.85753   -13.5902     1.1100
2018.86027   -14.2263     1.1000
2018.86301   -13.7224     1.1000
2018.86575   -14.2486     1.1300
2018.86849   -13.6747     1.0600
2018.87123   -12.4908     1.0800
2018.87397   -16.0969     1.1100
2018.87671   -14.8431     1.1300
2018.87945   -12.0892     1.1400
2018.88219   -12.6253     1.1200
2018.88493   -13.0814     1.1200
2018.88767   -13.5276     1.1200
2018.89041   -14.5037     1.1400
2018.89315   -15.5398     1.1600
2018.89589   -14.4859     1.1500
2018.89863   -12.0921     1.1500
2018.90137   -13.1382     1.1300
2018.90411   -14.4943     1.1500
2018.90685   -15.4905     1.1800
2018.90959   -13.4866     1.1300
2018.91233   -14.5527     1.4100
2018.91507   -11.8988     1.1700
2018.91781   -12.8950     1.1600
2018.92055   -16.2811     1.1500
2018.92329   -11.3072     1.1600
2018.92603   -15.2033     1.1700
2018.92877   -14.0295     1.1200
2018.93151   -13.5056     1.1200
2018.93425   -15.3917     1.1300
2018.93699   -15.2378     1.1700
2018.93973   -13.4740     1.1100
2018.94247   -15.2901     1.1300
2018.94521   -13.1962     1.1200
2018.95068   -15.1485     1.1400
2018.95342   -14.7146     1.0900
2018.95616   -12.7307     1.1500
2018.95890   -14.1969     1.0500
2018.96164   -13.9130     1.1100
2018.96438   -12.8291     1.1200
2018.96712   -12.6652     1.1000
2018.96986   -13.7114     1.1900
2018.97260   -13.7775     1.1400
2018.97534   -12.8036     1.1200
2018.97808   -13.6997     1.1100
2018.98082   -15.2659     1.0800
2018.98356   -13.1420     1.1700
2018.98630   -14.1381     1.1500
2018.98904   -16.2043     1.1500
2018.99178   -16.1804     1.1600
2018.99452   -14.3265     1.1300
2018.99726   -15.7726     1.1600
2019.00000   -14.4588     1.1100
2019.00274   -15.4849     1.1400
2019.00548   -15.5010     1.1300
2019.00822   -11.7371     1.1000
2019.01096   -14.0533     1.1100
2019.01370   -14.4994     1.1000
2019.01644   -14.5855     1.1100
2019.01918   -14.3017     1.0900
2019.02192   -15.2878     1.1300
2019.02466   -13.5139     1.0900
2019.02740   -17.4900     1.1400
2019.03014   -14.5562     1.1500
2019.03288   -14.4423     1.1000
2019.03562   -15.3584     1.1000
2019.03836   -15.3245     1.1000
2019.04110   -14.7607     1.1100
2019.04384   -14.4368     1.1200
2019.04658   -17.3029     1.1100
2019.04932   -15.3590     1.1200
2019.05205   -15.1252     1.1900
2019.05479   -14.4213     1.1700
2019.05753   -16.6374     1.1600
2019.06027   -15.2336     1.1200
2019.06301   -15.7097     1.1500
2019.06575   -15.8258     1.1200
2019.06849   -13.5819     1.1300
2019.07123   -15.5681     1.1000
2019.07397   -15.2042     1.1100
2019.07671   -13.5803     1.1200
2019.07945   -16.6164     1.0900
2019.08219   -13.9726     1.1800
2019.08493   -14.4687     1.1100
2019.08767   -13.1248     1.0900
2019.09041   -13.9709     1.1200
2019.09315   -12.5071     1.1100
2019.09589   -14.7632     1.1400
2019.09863   -14.5093     1.0900
2019.10137   -15.9455     1.1600
2019.10411   -13.6316     1.1400
2019.10685   -13.6577     1.1200
2019.10959   -13.3338     1.1200
2019.11233   -15.0800     1.1600
2019.11507   -13.2261     1.2000
2019.11781   -16.4822     1.1500
2019.12055   -15.4283     1.1900
2019.12329   -15.2645     1.1700
2019.12603   -16.3206     1.1400
2019.12877   -14.9167     1.1300
2019.13151   -13.8928     1.1100
2019.13425   -14.2690     1.1500
2019.13699   -15.5451     1.1500
2019.13973   -15.0812     1.1400
2019.14247   -16.0774     1.1100
2019.14521   -15.1135     1.0900
2019.14795   -15.4796     1.1600
2019.15068   -14.0657     1.1200
2019.15342   -14.5319     1.1300
2019.15616   -14.0480     1.1200
2019.15890   -14.1941     1.1200
2019.16164   -18.5502     1.1600
2019.16438   -19.1064     1.1100
2019.16712   -16.2425     1.1700
2019.16986   -15.2586     1.1200
2019.17260   -17.3547     1.2100
2019.17534   -17.5609     1.1200
2019.17808   -18.3370     1.1800
2019.18082   -17.2531     1.1700
2019.18356   -18.4993     1.2100
2019.18630   -19.4454     1.1600
2019.18904   -16.5115     1.1500
2019.19178   -18.4376     1.1300
2019.19452   -18.6438     1.1500
2019.19726   -17.1099     1.1400
2019.20000   -17.7660     1.1800
2019.20274   -17.9821     1.3200
2019.20548   -18.4383     1.3100
2019.20822   -15.8844     1.1500
2019.21096   -15.5705     1.1300
2019.21370   -17.2266     1.1100
2019.21644   -15.4928     1.1300
2019.21918   -20.1789     1.1300
2019.22192   -18.6950     1.1300
2019.22466   -17.8712     1.1100
2019.22740   -16.4873     1.1300
2019.23014   -17.4834     1.0900
2019.23288   -18.0895     1.0900
2019.23562   -17.8657     1.1000
2019.23836   -14.6118     1.1300
2019.24110   -18.0679     1.1300
2019.24384   -16.5440     1.1500
2019.24658   -19.0002     1.1100
2019.24932   -17.8163     1.1200
2019.25205   -20.3924     1.1100
2019.25479   -17.5585     1.1000
2019.25753   -19.5947     1.1200
2019.26027   -21.0408     1.1200
2019.26301   -18.4669     1.1400
2019.26575   -15.6731     1.1100
2019.26849   -19.8892     1.1600
2019.27123   -19.4153     1.1400
2019.27397   -16.9314     1.1500
2019.27671   -20.1376     1.1700
2019.27945   -18.8137     1.1100
2019.28219   -18.6798     1.1100
2019.28493   -18.8859     1.1000
2019.28767   -20.7821     1.1100
2019.29041   -19.7182     1.1000
2019.29315   -19.7543     1.1300
2019.29589   -22.4905     1.2000
2019.29863   -16.7966     1.1400
2019.30137   -21.2127     1.1300
2019.30411   -19.5888     1.1600
2019.30685   -18.4250     1.0900
2019.30959   -20.6611     1.0800
2019.31233   -20.4572     1.1900
2019.31507   -21.2733     1.1400
2019.31781   -20.2895     1.1600
2019.32055   -20.0156     1.1500
2019.32329   -17.7917     1.1300
2019.32603   -18.6378     1.1800
2019.32877   -17.6940     1.1600
2019.33151   -23.5401     1.2000
2019.33425   -20.0262     1.2300
2019.33699   -19.6524     1.1400
2019.33973   -19.6585     1.1300
2019.34247   -19.4846     1.1600
2019.34521   -20.7107     1.1900
2019.34795   -21.2069     1.1400
2019.35068   -21.2030     1.1000
2019.35342   -20.8191     1.1400
2019.35616   -20.4452     1.1900
2019.35890   -21.6014     1.2000
2019.36164   -20.4575     1.1400
2019.36438   -23.0536     1.1800
2019.36712   -21.2497     1.1200
2019.36986   -22.2759     1.1600
2019.37260   -21.1020     1.1500
2019.37534   -20.5281     1.2300
2019.37808   -20.8643     1.1700
2019.38082   -21.2704     1.2300
2019.38356   -21.0965     1.1300
2019.38630   -21.9826     1.1500
2019.38904   -18.5388     1.1400
2019.39178   -23.3049     1.1700
2019.39452   -27.4410     1.2000
2019.39726   -23.7071     1.1300
2019.40000   -20.3433     1.1200
2019.40274   -20.8694     1.2100
2019.40548   -21.3155     1.1500
2019.40822   -23.5216     1.1100
2019.41096   -22.6478     1.1500
2019.41370   -24.5639     1.1500
2019.41644   -22.9200     1.1700
2019.41918   -22.8162     1.2600
2019.42192   -25.0523     1.1600
2019.42466   -25.6984     1.1900
2019.42740   -21.7545     1.2200
2019.43014   -23.8707     1.2100
2019.43288   -20.8768     1.1800
2019.43562   -16.4329     1.2700
2019.43836   -23.9590     1.2500
2019.44110   -18.6552     1.2800
2019.44384   -21.8913     1.2000
2019.44658   -18.1974     1.2900
2019.44932   -22.8735     1.5600
2019.45205   -21.1597     1.2100
2019.45479   -25.9658     1.2500
2019.45753   -25.5319     1.2200
2019.46027   -25.0181     1.1700
2019.46301   -24.4142     1.3600
2019.46575   -22.7103     1.4200
2019.46849   -20.3864     1.2900
2019.47123   -24.0426     1.2700
2019.47397   -24.0387     1.2800
2019.47671   -23.0248     1.2700
2019.47945   -23.9109     1.2700
2019.48219   -17.3671     1.2300
2019.48493   -23.1832     1.2500
2019.48767   -19.4293     1.2900
2019.49041   -17.5954     1.3100
2019.49315   -21.7416     1.2100
2019.49589   -27.3977     1.2100
2019.49863   -23.1138     1.3100
2019.50137   -20.8100     1.2400
2019.50411   -25.8061     1.2800
2019.50685   -20.2922     1.2500
2019.50959   -22.8483     1.2800
2019.51233   -22.6645     1.2600
2019.51507   -20.1606     1.3100
2019.51781   -22.3267     1.3800
2019.52055   -19.0928     1.5300
2019.52329   -22.4590     1.2600
2019.52603   -24.4551     1.2500
2019.52877   -21.3212     1.3000
2019.53151   -20.2173     1.2500
2019.53425   -21.7335     1.2600
2019.53699   -20.7996     1.2600
2019.53973   -24.8757     1.2800
2019.54247   -18.1219     1.4000
2019.54521   -24.1380     1.4400
2019.54795   -19.9941     1.2700
2019.55068   -23.9202     1.3200
2019.55342   -22.8464     1.2300
2019.55616   -25.3925     1.2600
2019.55890   -23.7786     1.2700
2019.56164   -22.9947     1.2900
2019.56438   -27.8209     1.2600
2019.56712   -21.4370     1.2700
2019.56986   -24.5831     1.2700
2019.57260   -25.9793     1.2500
2019.57534   -26.7754     1.2400
2019.57808   -23.5815     1.2400
2019.58082   -24.2476     1.2600
2019.58356   -22.1838     1.2300
2019.58630   -25.3499     1.2300
2019.58904   -24.2960     1.2700
2019.59178   -24.7821     1.3000
2019.59452   -25.3283     1.3000
2019.59726   -23.7844     1.3500
2019.60000   -29.5405     1.2800
2019.60274   -27.8366     1.2100
2019.60548   -25.0928     1.3100
2019.60822   -24.9289     1.3100
2019.61096   -23.8150     1.3700
2019.61370   -20.0012     1.3700
2019.61644   -18.1273     1.3600
2019.61918   -21.5334     1.4400
2019.62192   -30.0395     1.3500
2019.62466   -27.4357     1.2200
2019.62740   -29.2918     1.2800
2019.63014   -26.1479     1.2700
2019.63288   -25.8740     1.2800
2019.63562   -24.5602     1.2300
2019.63836   -25.0163     1.2300
2019.64110   -24.1524     1.7000
2019.64384   -31.1085     1.4100
2019.64658   -25.6047     1.2500
2019.64932   -26.5408     1.2000
2019.65205   -28.0569     1.2300
2019.65479   -28.1531     1.2700
2019.65753   -28.4192     1.3400
2019.66027   -22.3053     1.3400
2019.66301   -28.6914     1.2900
2019.66575   -26.5476     1.2700
2019.66849   -27.2837     1.2500
2019.67123   -29.1398     1.3300
2019.67397   -31.8759     1.2900
2019.67671   -29.2521     1.3300
2019.67945   -28.9982     1.3400
2019.68219   -28.8143     1.2500
2019.68493   -29.6104     1.2600
2019.68767   -35.8266     1.3800
2019.69041   -24.4227     1.3300
2019.69315   -27.3588     1.2800
2019.69589   -27.7750     1.2200
2019.69863   -30.6811     1.2300
2019.70137   -25.1072     1.3700
2019.70411   -31.7033     1.3300
2019.70685   -28.3395     1.2400
2019.70959   -27.5556     1.2600
2019.71233   -31.8217     1.2500
2019.71507   -32.9878     1.2300
2019.71781   -30.8740     1.3300
2019.72055   -33.6701     1.3200
2019.72329   -31.1762     1.2600
2019.72603   -32.0723     1.1900
2019.72877   -32.3485     1.2900
2019.73151   -33.1646     1.2400
2019.73425   -35.8807     1.2100
2019.73699   -34.5369     1.3000
2019.73973   -32.0430     1.3700
2019.74247   -28.0291     1.3400
2019.74521   -31.2552     1.3200
2019.74795   -29.9214     1.3500
2019.75068   -29.6875     1.3700
2019.75342   -29.7236     1.3800
2019.75616   -27.6797     1.4100
2019.75890   -30.6959     1.3500
2019.76164   -30.2620     1.3400
2019.76438   -35.3781     1.3300
2019.76712   -34.4242     1.3200
2019.76986   -30.8804     1.3400
2019.77260   -32.7865     1.2800
2019.77534   -32.9126     1.3400
2019.77808   -32.0288     1.3600
2019.78082   -32.7949     1.2900
2019.78356   -36.1410     1.3000
2019.78630   -33.2871     1.2500
2019.78904   -34.5333     1.2800
2019.79178   -34.9194     1.2700
2019.79452   -34.2555     1.3100
2019.79726   -35.6916     1.3100
2019.80000   -34.7078     1.3100
2019.80274   -33.5039     1.3000
2019.80548   -33.8300     1.2700
2019.80822   -33.8061     1.3400
2019.81096   -34.6823     1.3700
2019.81370   -35.1484     1.3700
2019.81644   -31.6445     1.3000
2019.81918   -32.6907     1.2700
2019.82192   -32.9568     1.2700
2019.82466   -33.1429     1.2400
2019.82740   -34.8290     1.3200
2019.83014   -37.7752     1.4000
2019.83288   -32.0313     1.4000
2019.83562   -33.2374     1.2500
2019.83836   -34.5235     1.2800
2019.84110   -31.4997     1.3000
2019.84384   -32.3058     1.3700
2019.84658   -34.9519     1.3300
2019.84932   -34.8981     1.3400
2019.85205   -33.4242     1.2600
2019.85479   -35.0103     1.2600
2019.85753   -32.8664     1.2200
2019.86027   -32.7526     1.2600
2019.86301   -32.6887     1.2800
2019.86575   -31.6048     1.2800
2019.86849   -37.0109     1.2500
2019.87123   -34.9471     1.2500
2019.87397   -32.8432     1.2200
2019.87671   -33.2393     1.3700
2019.87945   -34.0854     1.3000
2019.88219   -36.0216     1.3100
2019.88493   -35.5377     1.2800
2019.88767   -35.4038     1.3300
2019.89041   -36.5400     1.3300
2019.89315   -34.6661     1.2700
2019.89589   -35.2722     1.3400
2019.89863   -34.6683     1.3200
2019.90137   -38.0345     1.2900
2019.90411   -37.7006     1.3100
2019.90685   -39.4067     1.2800
2019.90959   -35.2728     1.2600
2019.91233   -37.3990     1.2900
2019.91507   -36.2851     1.3000
2019.91781   -37.1812     1.3300
2019.92055   -35.6473     1.2900
2019.92329   -33.1735     1.2700
2019.92603   -38.7496     1.3600
2019.92877   -34.6657     1.4000
2019.93151   -38.5919     1.3100
2019.93425   -37.8280     1.3500
2019.93699   -35.0541     1.2500
2019.93973   -36.2602     1.3000
2019.94247   -32.4064     1.3500
2019.94521   -34.4425     1.3500
2019.94795   -34.9386     1.3500
2019.95068   -35.3247     1.3200
2019.95342   -35.0509     1.2600
2019.95616   -34.2470     1.3000
2019.95890   -34.5731     1.2800
2019.96164   -34.5892     1.3400
2019.96438   -33.8354     1.3800
2019.96712   -33.6115     1.3500
2019.96986   -31.8276     1.2700
2019.97260   -34.9938     1.2700
2019.97534   -33.6099     1.3000
2019.97808   -32.4260     1.3200
2019.98082   -35.7721     1.3100
2019.98356   -33.4883     1.3600
2019.98630   -35.7844     1.3000
2019.98904   -34.2505     1.3500
2019.99178   -31.0166     1.3300
2019.99452   -32.9928     1.3400
2019.99726   -33.7189     1.3000
2020.00000   -31.8350     1.2600
2020.00273   -34.1509     1.2400
2020.00546   -35.6968     1.2300
2020.00820   -35.8827     1.2600
2020.01093   -34.3486     1.2700
2020.01366   -35.5045     1.2700
2020.01639   -35.5704     1.2600
2020.01913   -36.2763     1.2500
2020.02186   -34.9022     1.3300
2020.02459   -34.4080     1.2600
2020.02732   -32.4839     1.3200
2020.03005   -31.9998     1.3100
2020.03279   -31.6757     1.3400
2020.03552   -34.3216     1.2500
2020.03825   -32.6775     1.2500
2020.04098   -34.0234     1.2700
2020.04372   -31.4193     1.3100
2020.04645   -34.2652     1.3000
2020.04918   -31.0211     1.2600
2020.05191   -31.5170     1.2300
2020.05464   -34.5928     1.2100
2020.05738   -34.1687     1.2100
2020.06011   -33.9246     1.2300
2020.06284   -35.3105     1.2600
2020.06557   -34.7864     1.2900
2020.06831   -31.2823     1.2800
2020.07104   -33.1282     1.2500
2020.07377   -36.9241     1.2900
2020.07650   -37.6300     1.3000
2020.07923   -33.5159     1.3000
2020.08197   -36.4318     1.2200
2020.08470   -36.2477     1.2400
2020.08743   -34.8635     1.2500
2020.09016   -35.6394     1.2500
2020.09290   -33.0353     1.2600
2020.09563   -35.4512     1.2700
2020.09836   -34.5471     1.2200
2020.10109   -36.2930     1.2700
2020.10383   -34.3789     1.2500
2020.10656   -32.8848     1.2500
2020.10929   -34.9007     1.2000
2020.11202   -32.4666     1.2200
2020.11475   -37.0125     1.1700
2020.11749   -33.2684     1.2300
2020.12022   -36.4042     1.3400
2020.12295   -37.2901     1.3000
2020.12568   -37.5160     1.2900
2020.12842   -35.8619     1.3400
2020.13115   -35.2678     1.3500
2020.13388   -36.1937     1.3400
2020.13661   -37.0296     1.3500
2020.13934   -35.9055     1.3300
2020.14208   -35.8814     1.3300
2020.14481   -35.9573     1.3600
2020.14754   -34.3332     1.3200
2020.15027   -34.0990     1.2900
2020.15301   -33.0849     1.3100
2020.15574   -34.5808     1.3200
2020.15847   -32.3167     1.3200
2020.16120   -32.5826     1.3400
2020.16393   -34.4285     1.3300
2020.16667   -33.8544     1.3400
2020.16940   -32.9003     1.3000
2020.17213   -35.6462     1.3500
2020.17486   -35.6621     1.3300
2020.17760   -34.1380     1.3000
2020.18033   -30.5639     1.2800
2020.18306   -33.9597     1.3200
2020.18579   -33.7956     1.3200
2020.18852   -33.3715     1.3200
2020.19126   -34.1074     1.3300
2020.19399   -33.9133     1.2900
2020.19672   -33.0692     1.3200
2020.19945   -35.0351     1.3100
2020.20219   -32.5110     1.3600
2020.20492   -37.1469     1.3000
2020.20765   -34.2328     1.3200
2020.21038   -31.4387     1.3000
2020.21311   -33.1646     1.4900
2020.21585   -32.1504     1.3300
2020.21858   -36.8463     1.2900
2020.22131   -34.2822     1.3100
2020.22404   -36.7981     1.3300
2020.22678   -36.0940     1.3100
2020.22951   -33.6999     1.3300
2020.23224   -33.4158     1.3200
2020.23497   -36.6417     1.3900
2020.23770   -35.4276     1.3700
2020.24044   -33.1635     1.3000
2020.24317   -36.1594     1.3300
2020.24590   -34.8552     1.2900
2020.24863   -34.7711     1.3200
2020.25137   -37.1070     1.3500
2020.25410   -36.9929     1.3500
2020.25683   -37.1388     1.3200
2020.25956   -37.3047     1.3200
2020.26230   -42.8306     1.3700
2020.26503   -41.6665     1.2100
2020.26776   -38.1424     1.2300
2020.27049   -39.7483     1.2200
2020.27322   -38.9042     1.2800
2020.27596   -39.6301     1.2700
2020.27869   -40.2459     1.2700
2020.28142   -40.3018     1.2700
2020.28415   -42.3377     1.2700
2020.28689   -39.4736     1.2400
2020.28962   -36.0095     1.1400
2020.29235   -38.5054     1.1700
2020.29508   -41.4613     1.1600
2020.29781   -38.6672     1.1700
2020.30055   -37.7431     1.1800
2020.30328   -39.3590     1.2200
2020.30601   -39.1149     1.1500
2020.30874   -37.5308     1.2300
2020.31148   -37.3766     1.2500
2020.31421   -36.7525     1.2200
2020.31694   -37.1484     1.1700
2020.31967   -37.2743     1.1900
2020.32240   -38.2702     1.2100
2020.32514   -35.6561     1.1800
2020.32787   -38.9820     1.1900
2020.33060   -37.5379     1.2000
2020.33333   -37.0838     1.1700
2020.33607   -37.5597     1.1800
2020.33880   -39.3456     1.2100
2020.34153   -38.3114     1.2500
2020.34426   -37.2173     1.2100
2020.34699   -36.8132     1.1900
2020.34973   -36.3891     1.2400
2020.35246   -38.3650     1.2400
2020.35519   -37.0509     1.2500
2020.35792   -38.4368     1.2100
2020.36066   -40.6727     1.2400
2020.36339   -38.2286     1.2100
2020.36612   -37.0945     1.1800
2020.36885   -40.6104     1.2100
2020.37158   -40.4863     1.2200
2020.37432   -37.9121     1.1900
2020.37705   -41.7080     1.2200
2020.37978   -38.0639     1.2300
2020.38251   -37.2798     1.1900
2020.38525   -43.3557     1.2500
2020.38798   -40.4716     1.2800
2020.39071   -41.2575     1.2000
2020.39344   -41.5134     1.1700
2020.39617   -39.0893     1.1900
2020.39891   -37.6152     1.3500
2020.40164   -42.1011     1.2600
2020.40437   -41.3670     1.2800
2020.40710   -40.2728     1.2200
2020.40984   -37.4187     1.2000
2020.41257   -40.8246     1.2100
2020.41530   -40.7805     1.2000
2020.41803   -41.8464     1.2900
2020.42077   -39.2623     1.2100
2020.42350   -38.9182     1.3000
2020.42623   -37.3741     1.3100
2020.42896   -42.5200     1.3000
2020.43169   -37.4559     1.2100
2020.43443   -39.3318     1.2900
2020.43716   -40.4576     1.2300
2020.43989   -40.2435     1.2400
2020.44262   -37.9394     1.2900
2020.44536   -38.6353     1.2300
2020.44809   -38.1312     1.2600
2020.45082   -39.3271     1.2300
2020.45355   -38.4030     1.2500
2020.45628   -38.6989     1.2500
2020.45902   -41.6848     1.2800
2020.46175   -39.5407     1.2100
2020.46448   -39.2766     1.2500
2020.46721   -37.8125     1.2400
2020.46995   -39.6283     1.2700
2020.47268   -40.8042     1.2800
2020.47541   -43.2401     1.3200
2020.47814   -40.9560     1.3200
2020.48087   -40.3219     1.2600
2020.48361   -39.0678     1.2500
2020.48634   -39.9337     1.2600
2020.48907   -38.1096     1.3300
2020.49180   -42.0955     1.2600
2020.49454   -41.1214     1.3600
2020.49727   -39.0273     1.2400
2020.50000   -37.4231     1.3500
2020.50273   -37.3790     1.2900
2020.50546   -39.7849     1.2800
2020.50820   -40.2808     1.3000
2020.51093   -44.0867     1.3200
2020.51366   -42.7726     1.2400
2020.51639   -38.4085     1.3400
2020.51913   -41.1544     1.2800
2020.52186   -39.5503     1.3000
2020.52459   -38.2562     1.2600
2020.52732   -40.3821     1.2300
2020.53005   -40.8480     1.2200
2020.53279   -43.4538     1.2700
2020.53552   -41.0697     1.3500
2020.53825   -40.7056     1.3400
2020.54098   -44.4215     1.3000
2020.54372   -42.6374     1.2400
2020.54645   -39.6233     1.2600
2020.54918   -43.0492     1.3500
2020.55191   -44.9751     1.3300
2020.55464   -45.9510     1.3700
2020.55738   -41.2069     1.3100
2020.56011   -41.6128     1.3300
2020.56284   -41.6387     1.3200
2020.56557   -41.1945     1.3200
2020.56831   -44.5004     1.3400
2020.57104   -43.8863     1.3200
2020.57377   -37.1122     1.3600
2020.57650   -42.9781     1.3600
2020.57923   -45.2740     1.2900
2020.58197   -43.3599     1.3300
2020.58470   -40.5058     1.3500
2020.58743   -39.0417     1.3400
2020.59016   -43.9176     1.3000
2020.59290   -42.8935     1.4000
2020.59563   -43.7493     1.5500
2020.59836   -37.1152     1.6300
2020.60109   -42.0911     1.3300
2020.60383   -40.9470     1.2900
2020.60656   -43.3729     1.3300
2020.60929   -40.2888     1.3400
2020.61202   -43.8247     1.3500
2020.61475   -45.8306     1.6000
2020.61749   -45.2965     1.3000
2020.62022   -39.9724     1.3400
2020.62295   -38.4483     1.4000
2020.62568   -40.6842     1.3600
2020.62842   -44.2800     1.3300
2020.63115   -44.8359     1.3600
2020.63388   -44.1418     1.3300
2020.63661   -46.9977     1.3300
2020.63934   -40.6136     1.4400
2020.64208   -44.1895     1.3300
2020.64481   -45.2254     1.3000
2020.64754   -47.0513     1.4400
2020.65027   -40.7072     1.5100
2020.65301   -44.9131     1.4300
2020.65574   -45.5690     1.4100
2020.65847   -45.2149     1.3200
2020.66120   -46.1507     1.2900
2020.66393   -47.8866     1.4300
2020.66667   -43.2625     1.3700
2020.66940   -43.5384     1.3000
2020.67213   -48.8843     1.3300
2020.67486   -39.9202     1.7100
2020.67760   -45.3261     1.3100
2020.68033   -44.2720     1.3000
2020.68306   -41.8779     1.3900
2020.68579   -45.6038     1.3100
2020.68852   -44.9397     1.2700
2020.69126   -50.2255     1.3200
2020.69399   -45.0414     1.4200
2020.69672   -46.8473     1.3500
2020.69945   -45.7632     1.3600
2020.70219   -46.7691     1.3500
2020.70492   -49.9450     1.4600
2020.70765   -42.1009     1.4900
2020.71038   -45.0368     1.4000
2020.71311   -43.2927     1.4500
2020.71585   -47.0486     1.4200
2020.71858   -42.8445     1.3700
2020.72131   -42.0504     1.3400
2020.72404   -43.7362     1.3200
2020.72678   -43.4721     1.3900
2020.72951   -46.0680     1.3600
2020.73224   -45.4339     1.3200
2020.73497   -45.9298     1.3700
2020.73770   -43.7157     1.4200
2020.74044   -47.2016     1.3600
2020.74317   -46.4375     1.3600
2020.74590   -48.5034     1.3400
2020.74863   -47.4093     1.3700
2020.75137   -49.7252     1.4400
2020.75410   -46.5411     1.4200
2020.75683   -50.5469     1.3700
2020.75956   -48.7128     1.4400
2020.76230   -50.4687     1.4400
2020.76503   -51.9546     1.3800
2020.76776   -50.6205     1.4100
2020.77049   -51.5964     1.4100
2020.77322   -48.9523     1.4000
2020.77596   -48.8382     1.4800
2020.77869   -50.5541     1.4600
2020.78142   -47.8200     1.3700
2020.78415   -47.5059     1.4000
2020.78689   -50.3317     1.3400
2020.78962   -50.0476     1.3700
2020.79235   -44.4135     1.4500
2020.79508   -47.3494     1.4300
2020.79781   -52.6753     1.3600
2020.80055   -50.5012     1.3900
2020.80328   -49.6871     1.4600
2020.80601   -51.8830     1.5000
2020.80874   -51.4989     1.4700
2020.81148   -47.8448     1.3900
2020.81421   -48.0607     1.4400
2020.81694   -50.7266     1.4200
2020.81967   -51.5924     1.4300
2020.82240   -48.0583     1.4000
2020.82514   -50.2042     1.4600
2020.82787   -50.5101     1.4800
2020.83060   -48.7060     1.4700
2020.83333   -49.3619     1.4800
2020.83607   -51.8078     1.4600
2020.83880   -48.1337     1.4100
2020.84153   -48.5796     1.4100
2020.84426   -50.1655     1.4800
2020.84699   -46.3214     1.4500
2020.84973   -45.4573     1.4400
2020.85246   -45.3531     1.4500
2020.85519   -50.6590     1.3800
2020.85792   -48.5349     1.4200
2020.86066   -48.4208     1.4200
2020.86339   -47.5467     1.3800
2020.86612   -48.7126     1.4300
2020.86885   -50.8085     1.3900
2020.87158   -49.6544     1.3300
2020.87432   -48.0903     1.3600
2020.87705   -47.8962     1.3700
2020.87978   -46.4021     1.4000
2020.88251   -47.3379     1.3400
2020.88525   -44.3338     1.4300
2020.88798   -47.4497     1.4000
2020.89071   -46.5256     1.3700
2020.89344   -46.6715     1.3800
2020.89617   -48.2674     1.4200
2020.89891   -47.3033     1.3600
2020.90164   -43.5492     1.3900
2020.90437   -49.3651     1.3500
2020.90710   -47.7010     1.4300
2020.90984   -51.7269     1.4000
2020.91257   -52.4228     1.3800
2020.91530   -50.3686     1.3700
2020.91803   -50.1345     1.3700
2020.92077   -50.0404     1.4400
2020.92350   -51.0763     1.4100
2020.92623   -52.2022     1.3700
2020.92896   -50.4881     1.3700
2020.93169   -50.6540     1.4000
2020.93443   -55.3199     1.4300
2020.94262   -50.7376     1.5600
2020.94536   -53.9934     1.3300
2020.94809   -51.7193     1.3700
2020.95082   -51.0552     1.3800
2020.95355   -50.9111     1.3800
2020.95628   -49.5970     1.3900
2020.95902   -51.4129     1.3600
2020.96175   -51.1488     1.4000
2020.96448   -50.1747     1.3700
2020.96721   -50.4306     1.4100
2020.96995   -50.7565     1.3900
2020.97268   -50.4624     1.4100
2020.97541   -48.2683     1.4400
2020.97814   -47.9041     1.4400
2020.98087   -49.4700     1.4200
2020.98361   -49.8059     1.4000
2020.98634   -48.8618     1.4000
2020.98907   -52.3877     1.3800
2020.99180   -48.5736     1.4100
2020.99727   -48.3454     1.7800
2021.00000   -48.9513     1.3700
2021.00274   -47.1874     1.3600
2021.00548   -46.7535     1.3700
2021.00822   -47.8797     1.3100
2021.01096   -45.7058     1.2700
2021.01370   -48.6019     1.3400
2021.01644   -45.6780     1.4100
2021.01918   -49.4842     1.4000
2021.02192   -47.6903     1.3400
2021.02466   -48.0764     1.3300
2021.02740   -46.8125     1.3500
2021.03014   -48.5187     1.3300
2021.03288   -49.7048     1.3300
2021.03562   -49.4609     1.3300
2021.03836   -45.9071     1.2500
2021.04110   -48.0032     1.2900
2021.04384   -47.8793     1.3500
2021.04658   -47.8054     1.3100
2021.04932   -47.7716     1.3000
2021.05205   -49.6977     1.3500
2021.05479   -52.7438     1.3600
2021.05753   -49.9099     1.6900
2021.06027   -51.1761     1.3200
2021.06301   -48.1322     1.3000
2021.06575   -48.1383     1.3300
2021.06849   -47.8744     1.2900
2021.07123   -51.8806     1.3300
2021.07397   -53.1167     1.3700
2021.07671   -52.0128     1.2800
2021.07945   -53.0890     1.3400
2021.08219   -47.6251     1.2800
2021.08493   -48.3312     1.3400
2021.08767   -49.3573     1.3900
2021.09041   -51.2335     1.2400
2021.09315   -50.7696     1.3200
2021.09589   -49.3657     1.2600
2021.09863   -49.7418     1.3000
2021.10137   -49.6780     1.3000
2021.10411   -48.0441     1.3000
2021.10685   -48.5302     1.2700
2021.10959   -48.1563     1.3300
2021.11233   -46.3325     1.3400
2021.11507   -47.1486     1.2700
2021.11781   -47.6347     1.2800
2021.12055   -47.3109     1.2500
2021.12329   -47.8370     1.2900
2021.12603   -49.1931     1.3000
2021.12877   -47.0092     1.2700
2021.13151   -47.2654     1.3300
2021.13425   -49.4115     1.3300
2021.13699   -48.5076     1.2800
2021.13973   -48.7837     1.2700
2021.14247   -46.5999     1.2800
